# Created by Octave 4.0.0, Sat Feb 26 15:16:09 2022 EET <li9i@spell>
# name: mean_trajectory_errors_amcl_i
# type: matrix
# rows: 358
# columns: 1
 0.05106122640685285
 0.3159323654873713
 0.1823514116316497
 0.2042764448650542
 0.1295408908018736
 0.0968478889903238
 0.087982466213693
 0.06618571708212061
 0.1091544212777319
 0.08162356714822995
 0.090838283743314
 0.06029465540298241
 0.06069306126685878
 0.06351031888637894
 0.0933471885055302
 0.09602163960725357
 0.09552078521985617
 0.07537411544517779
 0.08252163769473819
 0.05981318094314924
 0.09444667360745312
 0.07411048000611686
 0.06386759550361133
 0.07767756212778325
 0.07703215865656009
 0.09766122401063493
 0.08011507883113317
 0.0723425117149257
 0.07543708248495008
 0.07301838451342774
 0.09344291310174306
 0.0781092400716739
 0.07872166374343972
 0.07465545351414003
 0.08658800102211357
 0.110342339080899
 0.09102952670575046
 0.08906836518960035
 0.0838971822152314
 0.07715720511700208
 0.1097854219277682
 0.09392774180302522
 0.07788022038785729
 0.08192439390321291
 0.08680177720628281
 0.1050366914350419
 0.0878948206426025
 0.08852010806782226
 0.08830673169218221
 0.09061138214149674
 0.09942181983042882
 0.08653279709651648
 0.08085728222079645
 0.08171317235127928
 0.08484328397979456
 0.09111281255137246
 0.08501225333723106
 0.07474742203820059
 0.07614780328235302
 0.06914680740991526
 0.0943843756414051
 0.08535823222376561
 0.07106665644282006
 0.07132307099528824
 0.07357589235751835
 0.09193702218216587
 0.08033692446122576
 0.07374929567031413
 0.07278563840351106
 0.06796250407623819
 0.09779297427175154
 0.08445938067384776
 0.07655716152132225
 0.06418479200057185
 0.07159085508845578
 0.09429752613077758
 0.07539604975048021
 0.06913045208305504
 0.07151490318602556
 0.06835407737717505
 0.09089194172513977
 0.08103292377111879
 0.07568394215577984
 0.07744135568459445
 0.08301618554951959
 0.1139887867373793
 0.08999493074498616
 0.09081460640687947
 0.08010468803538601
 0.08263963598961785
 0.1165302414869005
 0.08571199003804592
 0.07711091770285332
 0.07697613966968472
 0.07666881580072356
 0.09596863092457969
 0.07788982890312926
 0.07206639447045371
 0.07730039646895621
 0.08927028435089221
 0.1028630272433677
 0.07960642714555766
 0.07920155587959023
 0.0713893788382764
 0.06873398364231535
 0.08395351302436191
 0.07613412659721973
 0.07276588023361119
 0.07370717772648794
 0.06065939622050921
 0.08750004325773586
 0.07498630979220068
 0.06601908388101842
 0.06931991612377827
 0.07018154148072955
 0.09215712611799433
 0.07588265034559555
 0.07417495151963339
 0.07096084228281521
 0.06644122304335794
 0.07962256394616823
 0.07251005230830622
 0.06609795294028369
 0.06120959946116039
 0.07143610880498021
 0.09034320609349018
 0.07128608403468541
 0.06408565604241098
 0.06098725108923915
 0.06810706641272664
 0.08796263749700378
 0.07344280871503318
 0.07626959019338889
 0.07203326377777765
 0.06632528079816441
 0.07868820224409599
 0.07646143464745508
 0.06972675881081869
 0.06647683097131267
 0.07059345099342933
 0.09165116018715644
 0.07821133832753184
 0.07339940987584399
 0.06627141484109542
 0.06895732907465138
 0.08635953303277111
 0.0754993602681855
 0.0703429540499371
 0.07102369533178507
 0.07012677142304792
 0.08495894444711953
 0.08390320068143557
 0.0718618025961044
 0.0805935872850423
 0.07313108509360972
 0.09929508962033955
 0.07916230635510309
 0.07766927057375754
 0.0754588077823066
 0.07263903677680149
 0.09090068024674748
 0.07870915820617498
 0.07690510718979182
 0.07032271203334527
 0.07206862718680014
 0.09050118144218151
 0.07578646881755513
 0.06844632337039128
 0.06570256052221207
 0.06605011445673427
 0.08316631150744037
 0.07008079211211234
 0.07046940455737294
 0.07175420105286449
 0.06420155260090539
 0.08773153273494722
 0.06849232829796445
 0.07150777727147344
 0.06778113229954295
 0.0709376304004964
 0.08389846157264341
 0.07129520902348893
 0.07002195552273417
 0.07189605669751527
 0.06510195517497359
 0.08323208411977062
 0.06977576299656055
 0.0710961493820053
 0.06694805694662301
 0.07402822114132281
 0.08062679399554393
 0.06790148244620867
 0.06542082748100674
 0.06190764725898562
 0.06161123835401013
 0.08056953547298706
 0.0752103454205431
 0.07246457421146615
 0.07114954163533377
 0.06634940334692895
 0.07893963697499747
 0.08027037080769672
 0.07388149539131367
 0.07371477637846123
 0.07352693236129544
 0.08012804833600053
 0.07204869378724284
 0.07292874890586319
 0.07346137154735471
 0.0681707030122769
 0.0868619892701043
 0.06993545346431315
 0.06868452899487981
 0.06498079171046355
 0.06720880443607974
 0.08066180751096141
 0.07413379481576494
 0.07369549469925317
 0.06968830773677825
 0.07019505466022742
 0.08174070745433053
 0.06921482536250527
 0.07043479772860713
 0.07141516868887762
 0.07759366856694362
 0.08903991972808538
 0.07687605100102206
 0.07979643371778418
 0.07148565869767758
 0.07978213820990057
 0.08847613243147133
 0.07407851169260515
 0.07350235286103285
 0.07851868875190776
 0.0736054041078331
 0.08828407993550369
 0.08039713928285912
 0.08066722905068141
 0.07723173265447512
 0.07833893629383276
 0.08611619220721167
 0.07760144303601663
 0.0688989180041647
 0.07743673053933557
 0.07994757616062639
 0.09690682970844289
 0.08194241787538963
 0.0803141388978446
 0.06790065019517096
 0.07252912347636885
 0.09567303941238693
 0.07579806521208959
 0.07656179383755417
 0.07636116531509
 0.06905298566899502
 0.08325680322614046
 0.08132519221202736
 0.07490836288290426
 0.07198104885864029
 0.0711957457401865
 0.09211391483462439
 0.08439210212520813
 0.07644007135550808
 0.0716385546720725
 0.07483647269423754
 0.09188595184551204
 0.0774968263714057
 0.07571677418298844
 0.07817879419087723
 0.07446178806407748
 0.09043671769009658
 0.08609564703185324
 0.07717794981970545
 0.07596395653301896
 0.08070555082050379
 0.08961943593080703
 0.07656208648598434
 0.07031687637766951
 0.07564442143858199
 0.07818933589455992
 0.09015164751865724
 0.08425951497338863
 0.07628540746884259
 0.07853248345275643
 0.0816392324202642
 0.09848560983765971
 0.08883599310333015
 0.07986581811802425
 0.0789994182184019
 0.07640018779512539
 0.0946731904709361
 0.08553112798378702
 0.07748501257421893
 0.07581260875956812
 0.08709899727680036
 0.1001178646798045
 0.0866188014245422
 0.08850279199761832
 0.07534178491933127
 0.07977953230880908
 0.1064060456046396
 0.08790081578313944
 0.09346212964470224
 0.07665127380163667
 0.08352457235164383
 0.1003593129512864
 0.09082695460450831
 0.07606582402494877
 0.07496060577312251
 0.07089199181603191
 0.09410533515789778
 0.08348635105177574
 0.07521014859394987
 0.07496752980920546
 0.07656227410018726
 0.08726802800343457
 0.07888978108962774
 0.0741257009954501
 0.07548135605348387
 0.07558984829070577
 0.08619862031406962
 0.08343332620341032
 0.07989821718232588
 0.07270633041854749
 0.07408713174312201
 0.0929471143253353
 0.08571661700328281
 0.07940360250738882
 0.08080809167959564
 0.07878643710308776
 0.08640414942165306
 0.07975542771637675
 0.08321309722557289
 0.08051803566629814
 0.0734520680121343
 0.09278024962985207
 0.08773628225406606
 0.08560904270682235
 0.08579753438156949
 0.08797335916801007
 0.1001565528987536
 0.08831145546335092
 0.0792545664975589
 0.08568113000565539
 0.07959102591849337
 0.1033998056349506
 0.09454062263144354
 0.0926026626701532
 0.08686113135303626
 0.08850620297224575
 0.1126461481998734
 0.1042190337976758
 0.09762095763749405
 0.1023537686577282
 0.1077974596762828
 0.1239074485573023
 0.1036615254254889
 0.1029216909555957


