# Created by Octave 4.0.0, Sat Feb 26 15:15:33 2022 EET <li9i@spell>
# name: mean_trajectory_errors_dft_i
# type: matrix
# rows: 394
# columns: 1
 0.01043337209572076
 0.02309391941315123
 0.01394935329241625
 0.01451324378456399
 0.01211573061317123
 0.009915105371025726
 0.008998666784037393
 0.01002165881056599
 0.01091494526882792
 0.01312889439614573
 0.01798401361974934
 0.01855356271911952
 0.01722308663118817
 0.01903890795144607
 0.01983487403360996
 0.01728634757170107
 0.01527046884132996
 0.01263538107419311
 0.009845576419274121
 0.01227769517433799
 0.01103370165617578
 0.01817260894874515
 0.01563529083006353
 0.05568019203554504
 0.01978724727378391
 0.01274075954614189
 0.009703838957412418
 0.01098401691343517
 0.04888884219236461
 0.01091475150903777
 0.009751247511762902
 0.01161435298796543
 0.01111750637275342
 0.01341182141577035
 0.01239155678577011
 0.01281838309605424
 0.01326421240228145
 0.0155550484016402
 0.01538482067274333
 0.01636015473478403
 0.01676701447982499
 0.01518932269579818
 0.02030899714568325
 0.01764103950238904
 0.01967132344123511
 0.02036560127105417
 0.02181547191441917
 0.02479384375012197
 0.02514192127428866
 0.02444731838162521
 0.02146714330345648
 0.0208155691968835
 0.02375956828655217
 0.02371969160511003
 0.02345999073294427
 0.02582957642389259
 0.02338931069445303
 0.03251109351191543
 0.02408961784349926
 0.02731271025774859
 0.02179476515499542
 0.02260713323213491
 0.02171527659326318
 0.02296035128712665
 0.02133874388574738
 0.02021044264090655
 0.01744175490817639
 0.01867056078022923
 0.02027029368761986
 0.03159271181735266
 0.03285402763206917
 0.02315199783178191
 0.01606593051983608
 0.01220986310797367
 0.01369841382966878
 0.01095646986969966
 0.01075313057665041
 0.009587708812941995
 0.009501553749495534
 0.01276030559840844
 0.01677875748283315
 0.02187620171301058
 0.0311116989561215
 0.03279956251345487
 0.04985499808104648
 0.05774829280244274
 0.02919118090854364
 0.04451556382700319
 0.03880186509094446
 0.02800971344439553
 0.04146970184922599
 0.02649666463066154
 0.01576998693675273
 0.01150598096038837
 0.01500728338716806
 0.02005978616962813
 0.03080382134517896
 0.05059075782740886
 0.06687110850351725
 0.04895192201010506
 0.02154778373596199
 0.01079368996449151
 0.009495045491096652
 0.009308524742309438
 0.00917914884874258
 0.01002204663874499
 0.01107319133978421
 0.009772043516091518
 0.01194198227219238
 0.01000280828842974
 0.01127518242882784
 0.01055072256570898
 0.01058803457249132
 0.01093726754744315
 0.01074034065513329
 0.01141018382657575
 0.01223756983297276
 0.01187132365657135
 0.01229881667961562
 0.01225620516693265
 0.01306321527627874
 0.01342269505027314
 0.01384635890154596
 0.01380439207835677
 0.0140232052288991
 0.01522931962066095
 0.01511003042765543
 0.0154875000339352
 0.01616811126010573
 0.01621746670710641
 0.01691622435973516
 0.01731206385972956
 0.01747141547916605
 0.01874255508405977
 0.01750842178231949
 0.01821392626912603
 0.01794712075749499
 0.01771668353321308
 0.01773332431673695
 0.01847587382307772
 0.01816424016648431
 0.01864789957101444
 0.01841939668762903
 0.01817050065031026
 0.01873349561966173
 0.01995021569168997
 0.02059346132466788
 0.02197773499995903
 0.02268531405654206
 0.03303997709244109
 0.02864263450812492
 0.02770594674567969
 0.02790533365566292
 0.03092356745267332
 0.02416403391326399
 0.02840431196166831
 0.03077243778270622
 0.02564067446535174
 0.02441047042824229
 0.02634613489613837
 0.02451320412808967
 0.02425941066615887
 0.02374615219099463
 0.02194975021022442
 0.02245934853832018
 0.02148986378388229
 0.02198742369201875
 0.02196260551154204
 0.02081196584443921
 0.02088463249673862
 0.02156164245388459
 0.02080851452757091
 0.02060943836982181
 0.0205530131904378
 0.02194543072812229
 0.0249988162693684
 0.02683118438287808
 0.0246270989601413
 0.02307955819533501
 0.02058272438507592
 0.02051062238874119
 0.01983897252225434
 0.0199821937767984
 0.01970008869181591
 0.01953890621758605
 0.01942692465280157
 0.01870914203451358
 0.01853282434463002
 0.01853922957784764
 0.01781095736266887
 0.01802508273525575
 0.01767424045452826
 0.01700404573757149
 0.01724217060128749
 0.02083121952970223
 0.01956433706465077
 0.0172187196316338
 0.01726281895737996
 0.01830548374475387
 0.02230763476233701
 0.02074851645455781
 0.02283526756082382
 0.02088623637915367
 0.02032317488568766
 0.02070743194049961
 0.02105163555273826
 0.02118130657837579
 0.02174083162163461
 0.02201993175041658
 0.02250242111093339
 0.02357180931253187
 0.02346726861500087
 0.02453920726371396
 0.0254044357838466
 0.026438642095043
 0.02692179254425566
 0.02726710024743572
 0.02900469535944535
 0.0311849545007927
 0.03521013330629667
 0.03879044058703948
 0.0400367623735359
 0.04024214862466162
 0.04061144725415643
 0.04249392200402288
 0.03263836999495642
 0.03485484193086688
 0.03531749499549311
 0.03398536800012337
 0.03341127424806409
 0.03379780148508605
 0.03209056023538395
 0.03323485192087386
 0.03178506623913926
 0.03197883079096821
 0.03245441376516708
 0.03214409155070585
 0.03289807356513787
 0.03342510455209913
 0.03264026055794798
 0.03376052759581305
 0.03276259805834748
 0.03264297641894448
 0.0328844869938986
 0.03268989274705537
 0.03269407514903924
 0.03322815871251257
 0.03379375619351967
 0.03373143918152165
 0.0340885318969646
 0.03433411136076182
 0.0344046765117583
 0.03368584253799461
 0.03292090835027123
 0.03131778335801569
 0.03144180222430525
 0.03427018810134505
 0.0355659609057499
 0.03576821663848097
 0.03600542744925624
 0.0357373681391114
 0.03596175225178949
 0.03622608841150411
 0.03645407273966841
 0.03688067928737768
 0.03763981581899481
 0.03738809153277467
 0.03690529853768466
 0.03701466794668853
 0.03729553713006838
 0.03744497111624843
 0.0378938548788976
 0.03784281667175042
 0.03824718035100199
 0.03948325917226948
 0.03941498779288451
 0.03979477230667158
 0.0398537736673279
 0.04052338090691419
 0.04243518484721728
 0.04324968326043451
 0.04255501301872409
 0.04376928576452872
 0.04351783935359874
 0.04449996736772061
 0.04302424445420669
 0.04362153812132188
 0.04254713134909732
 0.0434642802573092
 0.04384266965802926
 0.04144361069931961
 0.04450377217012164
 0.04129051228716074
 0.04384889983028472
 0.04778994754553089
 0.1181677004109282
 0.2192319375979207
 0.1641739839191019
 0.0469142073639952
 0.09864596637166841
 0.05877020667573601
 0.05655912473921321
 0.05757255041790534
 0.05565775494142645
 0.05400339446240096
 0.04637203084834263
 0.04108837236123008
 0.03590971862396564
 0.0367187614251876
 0.03597019019050192
 0.03571424996169928
 0.03560999768865396
 0.03590650616105217
 0.03598399380204202
 0.03618492179474652
 0.03661668404218751
 0.03690764262645511
 0.03719670661510898
 0.03759389684644784
 0.03802773528948433
 0.03858785361640506
 0.03858344294026161
 0.03903208582082343
 0.03947586110335952
 0.04004018128714484
 0.04021161237369781
 0.0407033058897088
 0.0408846699044247
 0.04139921057469183
 0.04200290871162121
 0.04218667684180795
 0.04260668586293805
 0.04343888282613856
 0.04353256363029275
 0.04410444861644838
 0.04425105417421801
 0.04647660336072926
 0.05732662983233869
 0.06214085684081566
 0.05668251596719515
 0.06003130337388844
 0.05258363463811107
 0.06706071620039342
 0.05758726178611764
 0.05222551027220747
 0.05001523062202921
 0.05089153940098527
 0.05533059798601338
 0.0511440219361178
 0.05532176924005149
 0.05552711904580998
 0.05351781595550238
 0.05617189941201126
 0.06550012636222891
 0.05806656072161007
 0.05677114788334502
 0.1313381756105086
 0.06542061756734985
 0.05910953612378652
 0.06510003728125929
 0.05706073109823671
 0.05902021660900515
 0.06289881707531307
 0.05830550074797163
 0.05731744985442568
 0.05772446038981223
 0.05675582796445545
 0.05595430704825542
 0.05511011477687119
 0.05590858273998465
 0.05620000783120101
 0.05624366818185488
 0.05618575838349371
 0.05562247786775523
 0.05536858566878104
