# Created by Octave 4.0.0, Sat Feb 26 15:14:38 2022 EET <li9i@spell>
# name: mean_trajectory_errors_dft_i
# type: matrix
# rows: 367
# columns: 1
 0.005625090039666024
 0.01385213464543339
 0.01322745300492196
 0.01268186332689795
 0.01345369172166404
 0.01331963849148712
 0.01579692933677698
 0.01608732028582075
 0.01535851730707528
 0.01798470139137042
 0.01899559192680701
 0.01742743422066567
 0.01851143911113539
 0.01873701145981195
 0.01751818500631496
 0.01834618890523052
 0.01840324836958564
 0.01127462286033376
 0.009339833939345515
 0.01016691734503542
 0.009828640891496978
 0.01587502867119765
 0.0327773786214871
 0.07268021492037924
 0.01430216263500011
 0.01962723606984468
 0.01670831436680829
 0.01305113784922263
 0.04235645512112805
 0.0179390327935522
 0.01521451282181658
 0.01645394507391431
 0.01589839345793954
 0.01731230242763361
 0.01746581325584456
 0.01593424954134147
 0.01578017891388298
 0.01920799775646185
 0.02004701272442205
 0.01917990355219163
 0.01982644435993136
 0.01666034964395004
 0.02431741023074538
 0.01892236405061891
 0.02033528254994356
 0.02290799688513323
 0.02303964034598533
 0.02538267589866135
 0.02552227685808655
 0.02413005050917017
 0.02591719613644979
 0.02743826841497091
 0.02551174255781503
 0.02663172514937274
 0.02615030696594887
 0.02520246652741653
 0.02536106028664301
 0.02616074200552243
 0.02416087972915809
 0.0266572852937196
 0.02428471677491111
 0.02556996002083522
 0.02350806853734735
 0.0233099005983866
 0.02203999203629202
 0.02173463106181537
 0.01883109707538531
 0.0193332832039603
 0.02242617194901822
 0.02862394865111406
 0.02922930705010575
 0.02415038486857589
 0.01618180706595996
 0.01370721465076537
 0.01246468418634793
 0.01169524310493992
 0.01051332979360668
 0.01001718380720903
 0.009899396586332548
 0.01143152931811663
 0.01233753619966456
 0.01576598236889731
 0.02138811537187367
 0.02957034866017493
 0.04953445963620582
 0.033661973942618
 0.05352562008604684
 0.06594519450860852
 0.06148579263310897
 0.0456611432110145
 0.04787965371083855
 0.02082262426750147
 0.01682288465051854
 0.0103693568892125
 0.01551183733586322
 0.02105680676285623
 0.03084983453608841
 0.0506878286749891
 0.041180120571631
 0.04104835440986578
 0.0133192613936321
 0.007790164991384614
 0.007384773611974626
 0.007582915364624548
 0.008015206281224239
 0.008456258857782031
 0.009224743943348629
 0.008836303257453841
 0.008847210425178631
 0.009066359894720367
 0.009275423410962149
 0.009710107566761444
 0.009563796060021437
 0.01022481360698962
 0.009686498662261562
 0.009953702128876618
 0.01066979236744509
 0.01167706484806151
 0.01109599099158219
 0.01133880943888796
 0.01151344646647897
 0.01205692708812304
 0.01204219319242724
 0.01250661202636217
 0.01290149156699755
 0.01355513377228171
 0.01350722609829907
 0.01387864335888735
 0.01449045572894361
 0.01491252202591779
 0.01499370550905048
 0.0153945275720742
 0.01576280849823726
 0.01575094560032828
 0.01529220483784745
 0.01573382136330432
 0.01593233757983988
 0.01614158859846741
 0.01639591006151132
 0.01675322749054181
 0.01647687023500427
 0.01684788643010088
 0.01675041433270287
 0.01691827868477608
 0.01694630113906538
 0.01705157213417083
 0.01809865322323556
 0.01812247437081824
 0.01827604503114828
 0.01987043460910095
 0.0200980191553276
 0.02073562585387686
 0.02254439927282114
 0.02298475562065719
 0.02359525919405055
 0.02318765601390374
 0.02427942199978268
 0.02325162488707763
 0.02363587491685418
 0.02305631892699024
 0.02382740582225744
 0.02212420458727442
 0.02146963474214598
 0.01975572809057067
 0.01992318730663196
 0.01994408615267469
 0.0198048659036519
 0.01958824938859318
 0.01984619671294256
 0.01983795299965671
 0.01977740256256034
 0.01952958002603391
 0.01948876692991098
 0.01984691535943357
 0.02119634022796161
 0.02179996599585878
 0.02380191124011756
 0.02510902517806856
 0.02064694102456909
 0.01948174170387666
 0.01950638143863278
 0.01909386362063038
 0.01898342594074639
 0.0184863930474268
 0.0182896689617837
 0.01822247430829694
 0.01794020227717287
 0.01746702807549486
 0.01742188935529687
 0.01709802223990521
 0.01720304798032937
 0.01681016387679027
 0.01639527616421799
 0.01601592971291371
 0.01615149880730449
 0.01626071601705437
 0.0163759783155485
 0.01661062994343038
 0.01624253071427388
 0.01706187100943597
 0.01641389042247947
 0.01729376541082576
 0.01781291652540348
 0.01902490874419047
 0.02029126893223871
 0.02012189199653905
 0.0204941002663465
 0.02087831257070929
 0.02145692308488795
 0.02180637588655995
 0.02238320745957999
 0.02322526162198351
 0.02395155256823803
 0.02435162477248385
 0.02508994341316308
 0.0260122006822919
 0.02618206089532314
 0.02683817933254021
 0.0279485367697638
 0.03262183866367153
 0.03994985083340039
 0.04102921507387059
 0.03752975243418365
 0.03732653765332769
 0.04256057588080427
 0.03905277785426631
 0.03572438579149929
 0.03163771656704465
 0.03229318075746394
 0.03194806448278008
 0.03214319126989971
 0.03168989464337774
 0.03193190881737936
 0.03258548127962941
 0.03371688883870678
 0.03196253539568574
 0.03250522664608239
 0.03199296845517133
 0.03385262951338291
 0.03350293835205697
 0.03338096885803687
 0.03240112597853728
 0.03307039470033719
 0.03238164280337497
 0.03270128157379032
 0.0326934866225934
 0.03310565372158526
 0.03320081350065727
 0.03357840208009952
 0.03381052995916595
 0.03372266138242854
 0.03377106411387251
 0.03447032123676153
 0.03334418133272517
 0.0296538155689015
 0.03311325123785605
 0.03468335149712688
 0.0350784171403708
 0.03509355570976357
 0.03538591972781653
 0.03577165515217917
 0.03583383420074691
 0.03602050324768033
 0.03637855616614938
 0.03690283319846359
 0.03631614476719194
 0.03648701637956248
 0.03653837429563066
 0.03637527710220594
 0.03678349925104165
 0.03693605045992418
 0.03749307628287317
 0.03778698394692415
 0.0379778015378927
 0.03888363497398622
 0.03906968732234752
 0.0396771615077743
 0.0403049137517788
 0.04081222252557098
 0.04136218437251751
 0.04086918813392373
 0.04167300504541714
 0.04245832318558141
 0.04292701030506042
 0.04289268489768416
 0.04205819226720489
 0.04226039890055594
 0.04157374238270212
 0.04189363479610619
 0.04224797228457744
 0.04171095452318672
 0.03938652507533576
 0.0358937430534074
 0.03838488103761258
 0.04243136241567406
 0.03843606203197417
 0.07391819856467945
 0.1176522782789112
 0.1201722663080004
 0.04135399178717198
 0.04045253858474838
 0.04347970211275148
 0.04939913576456108
 0.05987120654092094
 0.05246615222555054
 0.03754874020361044
 0.03675438650793181
 0.03585818454681971
 0.03594952880464026
 0.03567822016762293
 0.03575400910497285
 0.03616138501319918
 0.03619074370880215
 0.03649768387758556
 0.03648471961744224
 0.03665699332021374
 0.0366184005520456
 0.03697190425481886
 0.03781662238306419
 0.03787731860747649
 0.03810725266177958
 0.03886263734972271
 0.03927776311790507
 0.03978441429526736
 0.04015013539403208
 0.04068242143559522
 0.0410630994685139
 0.04145332283258849
 0.04205362119985081
 0.04198436795946057
 0.04206358167455623
 0.0425703530776524
 0.04334121987994093
 0.0439143628763394
 0.04401690178883962
 0.04432681828932102
 0.04509912789203879
 0.04990477803534007
 0.05876084506982843
 0.05772620884105502
 0.04921694062235193
 0.04742087769123678
 0.04695880822116758
 0.04533412135423963
 0.04866361010442926
 0.04542286514824426
 0.05200458641980758
 0.05759428032197697
 0.05950702941064396
 0.05853291148675001
 0.05392408487969751
 0.05014831316054112
 0.04979540341079795
 0.05108590314429486
 0.05197216778751397
 0.051860547424634
 0.05272470804036099
 0.05472706293461812
 0.05436423509826274
 0.05798482729413434
 0.05306038482814684
 0.06976821471478199
 0.06340315274010173
 0.06356021785658095
 0.05223169896987508
 0.05195665081660986
 0.05172456858039862


