# Created by Octave 4.0.0, Sat Feb 26 15:10:26 2022 EET <li9i@spell>
# name: mean_trajectory_errors_amcl_i
# type: matrix
# rows: 2246
# columns: 1
 0.102394384014746
 0.08262692124596632
 0.08840884159251822
 0.04780770668309678
 0.101794716111514
 0.05128184242997522
 0.04270420062268751
 0.05834654016434048
 0.04331433726154543
 0.04494118530329812
 0.02776824602219913
 0.04357860419504799
 0.04334727050153467
 0.0336656233870424
 0.02011932425253249
 0.02673727657294625
 0.03636224330636502
 0.04666818960838164
 0.01894458538700589
 0.03403377267273031
 0.02085248832408243
 0.02143084543899952
 0.01506819342191156
 0.02295223969208301
 0.02084509405198536
 0.0153902256801883
 0.01085427954506733
 0.01198374211916503
 0.0147048569917636
 0.01303799220846045
 0.01061772557074883
 0.01530738476078242
 0.007724575157792835
 0.01023218155902452
 0.01183898263792018
 0.008092856343119327
 0.009020241139027451
 0.01124919844704819
 0.00801056395373324
 0.01325821491103346
 0.0092237487813434
 0.00791546761247975
 0.01042382656798304
 0.00724744092624734
 0.009472774396070615
 0.007969431678176406
 0.009675322397480032
 0.008255674537178509
 0.005965971425214559
 0.009546185096311477
 0.007784461828617345
 0.007133422713602567
 0.00693161716570218
 0.005834133360327879
 0.008454716573748029
 0.009149196461496168
 0.005811014473069314
 0.007579794395682305
 0.007492768053660118
 0.007639316344535844
 0.006165300811956117
 0.007984437488940817
 0.006393666286118709
 0.005266887203268709
 0.006695339852717854
 0.006257424945283181
 0.006702665450344435
 0.006752462133360166
 0.005373447915082608
 0.005472387728396144
 0.007280877536832223
 0.006278596253689381
 0.006922521878923844
 0.005747880809548755
 0.005503573923377724
 0.006251190486928555
 0.00580850119222532
 0.00638723741847783
 0.00620121225303113
 0.005358351524450455
 0.005007269644109886
 0.00521489859070565
 0.005382356733007678
 0.005094362668349325
 0.005792449855207014
 0.006049003654983167
 0.004319337963585764
 0.005788196293208495
 0.00555731694123422
 0.005809960082958496
 0.006704490611617356
 0.005486369817957471
 0.005837273513936335
 0.005809422520479491
 0.005695123211434657
 0.006429945613608394
 0.006123402124026245
 0.00687038121513455
 0.005629976109295406
 0.005097963796864348
 0.005018914256812746
 0.00674618581264875
 0.008099269670546463
 0.007611852635363498
 0.005925781093916517
 0.005935538511827361
 0.006522308795317732
 0.006737847288790151
 0.005841836494724663
 0.006168927600663523
 0.007468691270390371
 0.0063635097522989
 0.009211544216823743
 0.006656277723551918
 0.007343175225006668
 0.007750300753421012
 0.007449740538945054
 0.005728838481562542
 0.007272498090234014
 0.007862478961342586
 0.006100853101143455
 0.006359292725353326
 0.006264026208093417
 0.006253570530080806
 0.006123161624506884
 0.007917101141787454
 0.00583571469003966
 0.006193518420324726
 0.006244032682875485
 0.006242765006475547
 0.004877416153975807
 0.006632773129554388
 0.005456984840276321
 0.005113883672952488
 0.005378615471268303
 0.005093902107451096
 0.005627728233187654
 0.00650555820175596
 0.006306319510658712
 0.006777167770912362
 0.01088835429082994
 0.01011825935487431
 0.009125417765520836
 0.008240421573702051
 0.008529848174117661
 0.01000752477456738
 0.006344005438440893
 0.007249182386718353
 0.00627254034678448
 0.006660972673331239
 0.006950414477595587
 0.007442998317155869
 0.006262533698713412
 0.006723885026398285
 0.005877644254346166
 0.007815062045657101
 0.006324395719437199
 0.006504397455954028
 0.007608406111322781
 0.009136940090527413
 0.007146106486390581
 0.009040382000156673
 0.006810748985663688
 0.008513371111598118
 0.008199604527987995
 0.007655923670576858
 0.006907708867247198
 0.007886418681522161
 0.008229654284792687
 0.00736968811166357
 0.009690440528343251
 0.008150718030270438
 0.006845295299568045
 0.006151881550032792
 0.006970507333456255
 0.008204349379130303
 0.008692003584378072
 0.00785719786430196
 0.009000288506129292
 0.009855976749600403
 0.008216084957727611
 0.01234226282151106
 0.008622227035866554
 0.006250022224435267
 0.01004253964976685
 0.01298009664432771
 0.01085532090804207
 0.008651260635054009
 0.01008584984268372
 0.009376274061369705
 0.01172665200021025
 0.01051951729958447
 0.01246389554251791
 0.01348875536100973
 0.01252675929574448
 0.01230899752131084
 0.01610786184124783
 0.01449662250596598
 0.01364309178000079
 0.009818783126419567
 0.01200567524280637
 0.01292807746043936
 0.009901634834102224
 0.009765301881727998
 0.009079070421330682
 0.00872385941560809
 0.008595134048181878
 0.008208004413896259
 0.008518284095268797
 0.008999503000351074
 0.009618331679955228
 0.009445235254433484
 0.009074170465319867
 0.009126535421357305
 0.009043802849025513
 0.0094486096353288
 0.009623784866032409
 0.009988972779358739
 0.009610741762176194
 0.01010104394542997
 0.01062366242894073
 0.00974622296845752
 0.01029946850978637
 0.0104464793683103
 0.01085616628833407
 0.01208909224995992
 0.01315358269121691
 0.01339308781997023
 0.01335064911179854
 0.01511272827132432
 0.01434783791529924
 0.01536162432957253
 0.01614996306055288
 0.01581189131399205
 0.01577333162014906
 0.0165544624614037
 0.01615325059295108
 0.01508453645389782
 0.01443958108674822
 0.01389974059008674
 0.01424475871473337
 0.01330098085491857
 0.0123948724822791
 0.01157051775891688
 0.01138348328314194
 0.01113054635783262
 0.01142634044013249
 0.01055754605886316
 0.01046357106056209
 0.0103324610836223
 0.01072148990608018
 0.01137798890236755
 0.01070867638960891
 0.01025125662500343
 0.01140480528698062
 0.01219689312337001
 0.01152362173299612
 0.01140633368483606
 0.01047512573069545
 0.01103848145051122
 0.01073720766022696
 0.01163836086322728
 0.01070078661993838
 0.01044008829076621
 0.01208260944708099
 0.01064944291274134
 0.01031959252618324
 0.01085347413135588
 0.01128657914202531
 0.0109694630769164
 0.01146641181163502
 0.011396201639274
 0.01216920683709493
 0.01165117243303113
 0.01148911142713224
 0.01111383770297535
 0.01107338051802036
 0.01164572047363888
 0.01205333254423562
 0.01204607567083527
 0.01188487492993836
 0.01247774681213488
 0.01277852542535468
 0.01288474735799924
 0.01340909026123174
 0.01369094644117958
 0.01335291762888016
 0.01433543846794291
 0.01524037499175968
 0.01518979325612681
 0.0146980128847023
 0.0150247791338275
 0.01515093069676035
 0.01511131143706909
 0.01467116464630333
 0.01411989261823995
 0.01306086899031047
 0.01270281555368286
 0.01252388993916198
 0.01205361378714917
 0.01209442951102544
 0.01188914096586182
 0.01213426080204174
 0.0122184685970342
 0.01235627510419831
 0.01215048106038808
 0.01211750938268522
 0.01215951300340693
 0.01230529548225996
 0.01240689810055363
 0.01294899812272316
 0.01222279606198521
 0.01234599868988125
 0.012173011801825
 0.01265387637220436
 0.01302982536045999
 0.01270627778500733
 0.01319674138533575
 0.01307615271126943
 0.01266675580968429
 0.01223375080677871
 0.01334687369984005
 0.01307294883554133
 0.01301001990071519
 0.013065040816899
 0.01320704318567373
 0.01295961398861771
 0.01304762373549667
 0.01293621807133257
 0.01409874543969248
 0.01401776267220271
 0.0137659780391336
 0.0134621855951515
 0.01451408993629029
 0.01284313378145831
 0.01258815454603968
 0.01329058806374638
 0.01237120259820048
 0.01223275422025687
 0.0134597134409619
 0.01320629392999497
 0.01343139704237512
 0.01376759428206613
 0.01260173457515122
 0.01296382044186914
 0.01288133704935417
 0.01238157009295978
 0.01287121596661879
 0.01257681158681573
 0.01296428256325559
 0.01501120832090794
 0.01813926699447261
 0.01463394680805621
 0.01512600893542016
 0.01500436358977988
 0.01370826607983145
 0.01268426585516689
 0.01348014130208655
 0.01298230443932517
 0.01380300744894051
 0.01303334279773582
 0.01416897970217815
 0.01263293005776361
 0.01362335458274766
 0.01352870868159104
 0.01421023916872294
 0.01251086836713125
 0.01367469030877954
