# Created by Octave 4.0.0, Sat Feb 26 15:16:45 2022 EET <li9i@spell>
# name: mean_trajectory_errors_dft_i
# type: matrix
# rows: 305
# columns: 1
 0.005809673360169024
 0.06340236357521802
 0.01440019424806609
 0.0136812583025573
 0.01220519997626504
 0.008305062425856954
 0.008616995612806513
 0.01048867821517822
 0.009590912963544996
 0.01163550344659234
 0.01806158639525051
 0.01795078551035629
 0.01890887321756341
 0.01875077972796151
 0.01888758169787198
 0.01628081103315302
 0.02928903210502867
 0.01337351045345507
 0.01161682521743001
 0.01168365530835024
 0.01103608663956558
 0.02418832412609449
 0.0169379770559817
 0.04335761054737188
 0.021858000218206
 0.01413981386581478
 0.007877594585766432
 0.009493234878369223
 0.0339293256350728
 0.0109706282683582
 0.009517829766472006
 0.01990892214977377
 0.01257732200990808
 0.01454883282941258
 0.01534150033811379
 0.01776771512989483
 0.01764497934192317
 0.01748568192156611
 0.01627279825010405
 0.019131155059337
 0.01762684620447313
 0.01692591535020556
 0.02019009442478004
 0.01830018933884569
 0.01811855559833263
 0.01819488669326924
 0.02310093849782242
 0.02211316927853507
 0.02535948672579786
 0.02353034178918051
 0.02479127525295158
 0.02334310850223946
 0.02284611005635756
 0.02517907874942889
 0.02366170979816378
 0.03117456083382686
 0.02756933285013181
 0.0401138519802384
 0.1381983950788646
 0.02293118089527298
 0.02195997636990611
 0.02174097863044517
 0.0198532534519203
 0.02102834507872656
 0.01768817369254196
 0.01878207658412983
 0.01807777128308778
 0.01967972909706497
 0.01913487683350477
 0.03036694430319242
 0.03666054316822079
 0.02124893897902759
 0.01448775757745489
 0.01308687217484084
 0.01218005161812281
 0.01170437280113507
 0.01117686292873215
 0.01009675966268273
 0.01170499147647067
 0.0148209300078919
 0.02075362404659603
 0.01967300346186961
 0.03451287447761076
 0.03160427681525206
 0.05319404383856097
 0.1049427067727341
 0.05656538968483274
 0.08500940549048629
 0.06675661879100167
 0.05095461928032988
 0.03913739267419562
 0.0188959128795779
 0.01668427317826296
 0.01494044791550888
 0.01776429904349198
 0.01698415385690038
 0.0367692146151142
 0.06407459132750054
 0.0590350089119413
 0.04808350973641362
 0.03021018703850959
 0.01812207598690527
 0.01268489791062932
 0.009003311876566557
 0.009649824610882062
 0.01021567488107583
 0.01104390199057785
 0.01074875406258959
 0.01154892824042598
 0.0109595503488214
 0.01118798635783929
 0.01071333488138499
 0.01197243085529357
 0.01081926854692117
 0.01062325219822328
 0.01195202848015682
 0.01250572951148028
 0.01275100684633234
 0.01320511406070181
 0.01230404641573131
 0.01278884114445356
 0.01360256955195099
 0.01392063454726062
 0.01420015578908459
 0.01391712184000438
 0.01512183305762184
 0.01518676572063924
 0.01545209296376989
 0.0152508309854504
 0.01623193072779041
 0.01750259505353956
 0.01686075410880921
 0.01746819313140578
 0.01744959334116317
 0.01813106916204352
 0.01848551295022419
 0.01802412830372431
 0.01804853020273744
 0.0179338269878028
 0.01826620051976971
 0.01807950008392366
 0.02920175111291263
 0.01856790379722382
 0.01940828236334048
 0.01819194530594195
 0.01923939059256159
 0.02419971499527659
 0.0251348650246145
 0.02239642925910488
 0.02044113292564509
 0.0375175182654825
 0.03686046101513794
 0.03323343821565674
 0.02826661624690927
 0.02939539885678139
 0.03673792286454595
 0.02962604930875528
 0.02540916325258458
 0.02723974586310304
 0.02694953460336995
 0.02673570620616805
 0.02446493846535578
 0.02520246108346707
 0.02231927556555508
 0.02219747674284535
 0.02198268944445778
 0.02238466727773981
 0.02231975767980602
 0.02141792160006218
 0.02167207240876627
 0.02081861980084557
 0.021148812046485
 0.02161020513568616
 0.02280705765339869
 0.02129626207125371
 0.0282462338851574
 0.02721104030676821
 0.02558790522714871
 0.02261528728516728
 0.02029854560893144
 0.02020436025356356
 0.02031036091770365
 0.01996788567248543
 0.01977379700584573
 0.01948583071823863
 0.01943810532396441
 0.01922020229536131
 0.01854069912426867
 0.01845609194546018
 0.01794967645534638
 0.01784475402968737
 0.01832072116609714
 0.01711533121460086
 0.01654686318614454
 0.01836249985518475
 0.01747104446635935
 0.02284302012123261
 0.0180231871645195
 0.01960468503472822
 0.01829500973209762
 0.02843513307569719
 0.02216109129939601
 0.02342787014526591
 0.01981820087461294
 0.02050274964163653
 0.02099322280497393
 0.02122999303632629
 0.02161800037034387
 0.02161801117147142
 0.02202424342500033
 0.02320191731576247
 0.02389850076858597
 0.02436184918862215
 0.025059096924825
 0.02589575810046811
 0.02700529634441931
 0.02822903265446426
 0.02923385706154547
 0.03004714785301923
 0.03311011052628925
 0.04338136748130885
 0.04230377611317149
 0.0403687196024461
 0.04009067837208555
 0.0401519138093084
 0.03427823451996847
 0.03943550694121792
 0.03508933098037562
 0.03497547183977068
 0.03495320300585694
 0.03365281900136834
 0.03391837492429069
 0.03316704975783902
 0.03363843684847893
 0.03247070861195406
 0.03357882923528954
 0.03536821314650007
 0.03291292147374242
 0.03316968062178569
 0.03304536144341295
 0.03288707148533662
 0.03446509313211726
 0.03299288448815493
 0.03302294046371909
 0.0326038567138168
 0.03294484754113176
 0.03332370495666383
 0.03374893749780603
 0.03397913804105905
 0.03377438972775287
 0.03434905115324467
 0.03440719416305842
 0.03342920495344797
 0.031742981222703
 0.03180693515105927
 0.03164989454334508
 0.0349234821362142
 0.03573958125207976
 0.03555122012515469
 0.03560496693358919
 0.03626427038024262
 0.03697210191508519
 0.0364871792672152
 0.03683804866863186
 0.03641757862296668
 0.03722299045979106
 0.03702643960354948
 0.03747205711228334
 0.03687249043403198
 0.03707024000597185
 0.03749719923413306
 0.03752970395348094
 0.03794485851491194
 0.03866287448850027
 0.03890048288809315
 0.04092291483370857
 0.04005591594022385
 0.04069909368194691
 0.04139983999727418
 0.04192563527631098
 0.04448122598254404
 0.04532607932899706
 0.04355670155248478
 0.04853603055611648
 0.04626337001641762
 0.04740704784447658
 0.04454167144629216
 0.04367563709711992
 0.04440454959319932
 0.04227415938942001
 0.04166217712509222
 0.04024013122869503
 0.04089756147186494
 0.04165211470857946
 0.04948629620973297
 0.08751592329214386
 0.08108753931512146
 0.2364482823857398
 0.04973922087624509
 0.05189055852810967
 0.05075746517975992
 0.05278832534207105
 0.05327922813990849
 0.03963651379048349
 0.06203636268497216


