# Created by Octave 4.0.0, Sat Feb 26 15:14:20 2022 EET <li9i@spell>
# name: mean_trajectory_errors_amcl_i
# type: matrix
# rows: 360
# columns: 1
 0.06018289339718866
 0.04661136105260887
 0.03526053325621738
 0.02733967043873175
 0.07233264674896751
 0.06674130193614607
 0.07745331831399532
 0.07327582992387999
 0.06063230002759665
 0.05186790562540443
 0.04431736626062951
 0.04352177671044921
 0.04101453763775886
 0.03863296951434834
 0.04489390301799295
 0.04828541282318694
 0.04995970462844815
 0.05865348502862693
 0.07082423726573883
 0.07027074082187282
 0.08233033199853391
 0.07896846193955295
 0.0856443812372342
 0.09475188492184053
 0.09761740637525276
 0.0912495100987424
 0.09039466813031562
 0.08767372889643682
 0.07680110445615687
 0.07474191077203735
 0.06030041380908524
 0.0672603092680655
 0.06499901584804213
 0.06647614704758052
 0.07028897762178814
 0.05143441652468096
 0.05636972882239239
 0.06181622646054451
 0.05456685435962675
 0.05989257563605259
 0.04141801172291007
 0.04065422084059691
 0.04553375494785732
 0.0461282026530213
 0.04995798825058934
 0.04100327541300514
 0.03990680807596052
 0.03487786963328024
 0.04176199271379737
 0.04019205060540387
 0.03064160079555413
 0.02934336538643005
 0.03059131092888723
 0.02888248797054394
 0.03067587975696128
 0.02791916111607284
 0.02772525056630055
 0.02730674443546601
 0.02544431023912882
 0.03442600939152478
 0.03562484127783519
 0.03736851040943785
 0.03540118821890349
 0.04138140172953735
 0.0471483994023832
 0.05724121050830475
 0.05450272749609636
 0.05608267382527615
 0.04554882161132362
 0.04258658767138349
 0.04802955279957113
 0.04526995022445472
 0.04352668138088898
 0.04143943705504392
 0.03473829525128511
 0.0413952816832358
 0.0440184429328587
 0.0430680751210455
 0.05007687231753231
 0.04852169747783972
 0.05793285753414811
 0.06444650712922323
 0.06208869424600328
 0.05957547673934267
 0.05716425600522454
 0.05992501323815243
 0.06483627369760947
 0.06857611061262152
 0.06997885281762721
 0.07002458752499555
 0.07498086007035674
 0.07773542653551001
 0.07285761053767252
 0.07089551832396809
 0.07155938621528357
 0.07217386896191566
 0.06593352253115704
 0.06171535394970804
 0.05750034356099599
 0.05908753744379713
 0.06231697903888967
 0.05834118813124851
 0.05611332165325055
 0.04737830185087371
 0.04410798247217009
 0.04088079165344299
 0.04185825812752914
 0.0356363594474433
 0.03723648600845579
 0.04041525960898976
 0.04357967929494413
 0.03685315319268537
 0.04123290761182928
 0.03692520789951707
 0.04055201810612881
 0.03813615355412611
 0.03609903066450078
 0.03058399665963695
 0.02714831895947573
 0.03040180359709911
 0.02832606017237515
 0.02538214567128138
 0.02514578806883496
 0.02536250003315021
 0.03416931121078843
 0.03793571681747229
 0.04093195397792763
 0.04155010822182761
 0.04304761595138296
 0.04274221324182451
 0.0518313206761245
 0.05519443375874584
 0.05513658590972063
 0.04967913769342328
 0.05537267740822526
 0.05563258719937385
 0.05574393633360374
 0.05359558423770906
 0.05014683801923377
 0.04796723930090809
 0.05331545045422548
 0.04612385389984636
 0.0451148405195291
 0.0491912791415354
 0.05064358847192302
 0.05439983118401069
 0.05550966557391845
 0.04917072113110728
 0.05086995683342476
 0.05063322507976546
 0.05221977584815484
 0.05409342800158728
 0.06100324439885789
 0.06170137935802635
 0.05958878547104129
 0.05315506512976117
 0.05338448397243509
 0.05229539304349103
 0.05250112493099685
 0.04605281664935314
 0.04682088696000271
 0.05097768069208639
 0.05172253251953243
 0.05470901529333107
 0.06391096351054842
 0.06071305214697966
 0.05643083153241592
 0.06048206594469985
 0.05286242458638168
 0.05183989738912088
 0.05153197736069942
 0.05233269692273656
 0.04897461972673629
 0.04824331091057271
 0.04952776220250639
 0.04892771226919149
 0.04332223510299522
 0.04650974887114703
 0.04811266870542307
 0.04727336049248769
 0.04529442811830615
 0.04648949125610859
 0.04341054998585031
 0.04671428945842924
 0.04652170499430865
 0.05654354156816978
 0.04949815694702453
 0.04677288398545804
 0.04601913756957481
 0.04570530913595617
 0.04500625321088195
 0.03571214481520649
 0.04942467533923687
 0.0368478263198438
 0.03703177961486264
 0.03822835598780822
 0.0304397608951586
 0.03032034739296233
 0.02887345597902401
 0.02989037518932117
 0.0325160105466409
 0.02831332017864263
 0.02916912637767671
 0.02917437738179359
 0.02733334196337226
 0.02467333562068904
 0.02198580204616338
 0.02032963974588892
 0.02068231425986847
 0.0255884195131976
 0.02712276185264529
 0.0260093354409074
 0.02717684957170823
 0.03691014422105372
 0.03820213223188426
 0.02655924168452414
 0.02486329406796504
 0.02633156347860727
 0.02788549612593431
 0.03261009242224466
 0.02778910849150857
 0.02582573998379126
 0.02648230217458758
 0.02837223319057688
 0.03015571186822368
 0.04146410387341693
 0.04208655105379033
 0.04350265980475664
 0.04301769639724389
 0.04174614438334796
 0.03757204492241535
 0.03649488591580805
 0.03946313449018275
 0.04590432112744603
 0.0518077613837399
 0.05335317108133055
 0.06054150974980724
 0.05705095038319765
 0.05741279510282595
 0.05219697640622011
 0.05766641516769733
 0.05975712505921268
 0.05724727348439426
 0.06056240955910844
 0.06418271938813902
 0.06516846073117455
 0.06725261197170346
 0.05986125737541056
 0.06113958733528844
 0.06456740099958176
 0.06298144266112643
 0.05834520779971339
 0.05145957780953378
 0.05278752559346687
 0.05310239714126708
 0.05472378490139839
 0.05315725380709558
 0.05168561254200583
 0.05021651381176726
 0.05079980963002599
 0.04995261995865247
 0.04800671560144359
 0.04792054784055502
 0.04704993379458222
 0.05045215158499437
 0.0519817416322856
 0.04927014299694866
 0.04705507129897946
 0.04670514511323428
 0.04650442400582773
 0.0471191818788787
 0.04784582543926172
 0.0460808605461288
 0.04863717797522994
 0.04384587849037402
 0.04501892290147557
 0.04217800520740009
 0.044303991694975
 0.04204395376172832
 0.04349555246800703
 0.04111906409080574
 0.04344795798922876
 0.04552899915640771
 0.04412528193714145
 0.04106600608085968
 0.03762748372669556
 0.03482273535122767
 0.03288816679011124
 0.03323911226026868
 0.03463984830692599
 0.03465038190143521
 0.03178522064864395
 0.03092301641128898
 0.02892873161851075
 0.03163862838475405
 0.02985484343190995
 0.03062929287844216
 0.02819574467879506
 0.02854417393854672
 0.02934562441722468
 0.03046930014812866
 0.03179081969302858
 0.03273451395568414
 0.03509599317414745
 0.03911819822750192
 0.03698465120578584
 0.03680457082025983
 0.03802913876058376
 0.04316497490756083
 0.03905530197971609
 0.0351535864033713
 0.03756616560561782
 0.03438866048640619
 0.03375676381898587
 0.03507238411280762
 0.033063562415045
 0.03390660339798925
 0.03517466952847236
 0.03579054772337131
 0.03955499873925454
 0.03911991077739566
 0.03873585227866022
 0.03993965293597157
 0.03937165813446823
 0.03812362236848406
 0.03639279800439379
 0.03503586018611142
 0.03562411110752185
 0.04242071061271985
 0.04598883820193712
 0.04458775161403331
 0.04404819384977657
 0.04102008446093257
 0.04136027091977906
 0.04257655484398523
 0.0451340055511797
 0.04451165221291686
 0.04274483125330751
 0.045658652934166
 0.04659770896379024
 0.05934875494555345
 0.06698412552285363
 0.06919783356916243
 0.07224604951886275
 0.07367988030902731
 0.08338293830695399
 0.08234792711001808
 0.08578605153376209
 0.08544930143082047
 0.0933737703186695
 0.09750773259307549
 0.09399433087225378
 0.08589716206937431
 0.07918357872194794
 0.0854285902613237
 0.05938924013502654
 0.06441409025281665
 0.06429920509668928
 0.06751790975960818
 0.0726177090448766


