# Created by Octave 4.0.0, Sat Feb 26 15:15:15 2022 EET <li9i@spell>
# name: mean_trajectory_errors_dft_i
# type: matrix
# rows: 358
# columns: 1
 0.006170069468775193
 0.0151388363858895
 0.01128520238385054
 0.01142854146415078
 0.01202161976714866
 0.01289092237432873
 0.01429060790652346
 0.0151313379664342
 0.01513662402595935
 0.01649309991559967
 0.01672593217131493
 0.01701730658013138
 0.01736241969694975
 0.01614709575756004
 0.01789409351647674
 0.01757399536727168
 0.01442762609985215
 0.0110768538291517
 0.008789459735861843
 0.01066622750164151
 0.01235869100889339
 0.01883928519252797
 0.030712214015139
 0.1185249854926754
 0.02331383730572168
 0.01388374018625843
 0.0128633139417308
 0.01777247965167968
 0.04373855327172103
 0.01318449397574595
 0.01476333419179004
 0.01582548036306361
 0.01580383063953802
 0.01614039138126514
 0.01844578130504035
 0.0148432119448061
 0.01751491955782773
 0.01937909541189534
 0.01992612598280389
 0.01793435594666127
 0.01806588820694963
 0.01779999337653645
 0.02481884606072284
 0.01809110467472696
 0.02070347661661548
 0.02062893765160523
 0.02266269130776657
 0.02382375221784181
 0.02357776091799257
 0.02507491555758967
 0.02566266284575076
 0.02600640935657231
 0.02797003230923651
 0.02532273657937879
 0.02605481998074868
 0.02550278099509058
 0.02625388593194947
 0.02798239968980941
 0.02681285490819403
 0.02531106446277541
 0.02537966420280748
 0.02681351068403911
 0.02328991622859917
 0.02579690365316472
 0.02231005772857708
 0.02250429917000171
 0.01887545246136293
 0.02091709995461525
 0.0262319455032599
 0.0275421077982348
 0.03071721912747157
 0.02054230095632962
 0.01641532879419651
 0.01522365384818912
 0.01304121266369893
 0.011571649097563
 0.01127173700982505
 0.01079563683899242
 0.01175982225559783
 0.01765231147961087
 0.01348904255694162
 0.01399869364880721
 0.01356032719314212
 0.01650099669205981
 0.03940459139779334
 0.06241102185040529
 0.06284768284965785
 0.09583008254059422
 0.09364375017063567
 0.04407681133452815
 0.04253966967277575
 0.02238628111161203
 0.0269519468712742
 0.02084333970624956
 0.01892483062011869
 0.02379689978239494
 0.04034301579086366
 0.05858278061560344
 0.04624317842511494
 0.02508636284925466
 0.01295454125939758
 0.008063401258685113
 0.007579383749527246
 0.007884946017167762
 0.008550253328572675
 0.008911887067551472
 0.008923905572280599
 0.008910944567818017
 0.009030470336662974
 0.00921397773037895
 0.009194198324022445
 0.009460681531366425
 0.0100223001726835
 0.01035938576790459
 0.009977782952762339
 0.0116391862020124
 0.011269924916842
 0.01182699066268394
 0.01113614575781025
 0.01146538445601138
 0.01129941500755812
 0.01182717868844441
 0.01207701824973875
 0.01268232627204671
 0.01323159453658493
 0.01330963166143281
 0.01369899541148532
 0.01428639804134846
 0.0145805313221881
 0.01477994115249201
 0.01502571137537879
 0.01553315190680968
 0.01547984137247475
 0.01591384637349066
 0.0155999039973401
 0.01598262197658102
 0.01599537845017104
 0.01602983069675722
 0.01619628567651956
 0.01626411669696999
 0.01656970523423342
 0.0168110644469378
 0.0166256618769479
 0.01691725475200843
 0.01706904680566463
 0.017371765280933
 0.0181515278170739
 0.0185348309240175
 0.01820020024568849
 0.01919159208785379
 0.02173348104628486
 0.02071076566040207
 0.02338971838654363
 0.02471226929010138
 0.02452540209128306
 0.02733522284595425
 0.02408792337993577
 0.0218226465870773
 0.02348046387600445
 0.02222482751658112
 0.02202663837081182
 0.02050088821674943
 0.01997167695802474
 0.02055399222959199
 0.019988529960399
 0.01958601054113208
 0.01985494076675083
 0.01994215294046769
 0.01954413357267884
 0.01963524822810566
 0.01957955188790522
 0.01982774455743538
 0.01997487492682889
 0.01927440507334453
 0.01976636885285794
 0.02134809384764584
 0.0288461221780823
 0.02928259844289351
 0.02080994674797012
 0.01936990207752659
 0.0193976275811291
 0.01899993921964036
 0.01903107196147975
 0.01846786239093684
 0.01821275194468538
 0.01807733155624548
 0.01759641212433301
 0.01746200475800596
 0.01713631070743448
 0.01685571800701677
 0.0166895432782065
 0.01642896578307821
 0.01582039571687456
 0.0155200399426081
 0.01565444800146009
 0.01739619998378073
 0.01615444600709281
 0.01697086839354557
 0.01722719342743933
 0.01752030282865521
 0.017860131356394
 0.01744258524649613
 0.01834865428371196
 0.01907689589624083
 0.01981045770235579
 0.0202907787472145
 0.02047027498043649
 0.02083597806376799
 0.02146069982871071
 0.02229194114727296
 0.0229160705130702
 0.02342191629649633
 0.02405067232443304
 0.02472096640344374
 0.02574617869355408
 0.02695323556321793
 0.0266061686420624
 0.02812911424074111
 0.02991348816606211
 0.03258571928221024
 0.04055386808680284
 0.0365856820542493
 0.04118529461824861
 0.04479023058010474
 0.03594359390651655
 0.03630732747445982
 0.03303923357406347
 0.03197441908685042
 0.03182840112317376
 0.03238269249813892
 0.03284896613487274
 0.03148221337181411
 0.03221156055727233
 0.03192029702936634
 0.03224292785559259
 0.03176386973248071
 0.03244900239091941
 0.03333898865868859
 0.03274389533177103
 0.03306386910514291
 0.03219271731029907
 0.03223377333247991
 0.03276447001537453
 0.03221583395942353
 0.03232549391421281
 0.03267218855794709
 0.03308671142270329
 0.03329835245990387
 0.03349720122402489
 0.03365826727493729
 0.034005374856822
 0.0340500860400809
 0.03338430858658542
 0.03099576379140085
 0.0312962958112125
 0.03313838033683403
 0.03470467337932523
 0.03494254477170715
 0.03513694786293815
 0.03562989630375739
 0.03577059839266315
 0.0357323303047471
 0.03596729647760475
 0.03628134674212755
 0.03666821108949216
 0.036531071875941
 0.03666490575109225
 0.03653517881238089
 0.03692154268820353
 0.03687928252370221
 0.03727898361524198
 0.0375998167303473
 0.03789392744821178
 0.03826362782008046
 0.03921584682658229
 0.03943334971383256
 0.03981763503814131
 0.03995899104736825
 0.04062705551572303
 0.0411396615745671
 0.04153517805972452
 0.04172057852372069
 0.0424538119960446
 0.04323136756831272
 0.04408971633312222
 0.04225798488779584
 0.04345964697391432
 0.04189997093293939
 0.04224831499730818
 0.04165926426826121
 0.04168839200805054
 0.03951414143981918
 0.03797275212252241
 0.03856030117119122
 0.0400976126043741
 0.03780830862967471
 0.0765022287401223
 0.08492629601698741
 0.04424566551617777
 0.05297533347068443
 0.03831142039088211
 0.04761750119030416
 0.04860379017970157
 0.03925574698766694
 0.03912003442327654
 0.03684640816055246
 0.03604858717272963
 0.03638388044175822
 0.03585747846313499
 0.03607921251377195
 0.03584920856152373
 0.03644460169492467
 0.03618746020302266
 0.03636935833020913
 0.03689478948267386
 0.03627124853627234
 0.03709179591675334
 0.03729751606214323
 0.03756213198085667
 0.03816157145868868
 0.03850799037628796
 0.03922479749402195
 0.03944320722503604
 0.04049079972106589
 0.04037427738791548
 0.04058004585383055
 0.04125446229548497
 0.0414723935547037
 0.04184979273929575
 0.04209921314503028
 0.04173627063108144
 0.04214375976405371
 0.04314297646371846
 0.04356656472098255
 0.04452133447246517
 0.04484640376156196
 0.04584911005778462
 0.05260957150537975
 0.05888336354926928
 0.05190166568224835
 0.0470442147437846
 0.04802281458430019
 0.04402046497377828
 0.05548853790482464
 0.04619001753096942
 0.04635591204702376
 0.05119659413868885
 0.05961211729124043
 0.07921213011187503
 0.06453425980215716
 0.06268004986361776
 0.0536569904087193
 0.06222667622865551
 0.0533043640590374
 0.05412645734728651
 0.05382735235128622
 0.05573729997392692
 0.05115364067261859


