# Created by Octave 4.0.0, Sat Feb 26 15:06:48 2022 EET <li9i@spell>
# name: mean_trajectory_errors_dft_i
# type: matrix
# rows: 2189
# columns: 1
 0.01172051932826246
 0.01228347998882361
 0.01329377151526597
 0.01018344421124403
 0.01214497390502412
 0.01342765096311201
 0.01191841069337926
 0.03349313486900721
 0.01132128517601453
 0.01260976358521116
 0.01543845929425315
 0.02565284483498737
 0.02083410284516599
 0.01199363308351211
 0.01180788743303442
 0.01173845942462773
 0.01152811252742041
 0.01117182582234536
 0.01127874882451981
 0.01327977991886399
 0.01257554527165267
 0.01135734174792029
 0.0117381854404482
 0.01361247451655866
 0.01281451756770098
 0.01182613691446313
 0.01183251690889309
 0.01203039696573431
 0.01137590884228086
 0.01117690953434969
 0.01120736634870505
 0.01147990486929355
 0.0109092282178377
 0.009948474494011469
 0.01167130436733474
 0.01196509048650294
 0.0123059144541021
 0.01151988651718059
 0.01105098391503013
 0.01217025291419834
 0.01152228042093982
 0.01174084286002073
 0.01225450534983635
 0.01286732668551172
 0.01277675593735809
 0.01221303304743492
 0.01215657045723543
 0.01243911377715207
 0.01242789984442903
 0.01198296687203608
 0.01128472927658516
 0.01155193233085283
 0.01300439790813986
 0.01305621189693322
 0.01262646981846767
 0.01301853932090749
 0.01419866489294094
 0.01425872442078725
 0.01202006212534971
 0.01341933293393197
 0.01369510447345887
 0.01316293292862915
 0.01435890530461665
 0.01308192267034004
 0.01429739671537622
 0.01437391671991219
 0.0138762513835989
 0.01451863725275666
 0.01449490756035111
 0.01583837112546006
 0.01427791280150328
 0.01653199091285837
 0.0133696897403647
 0.01490297752554266
 0.01380382087548968
 0.01471211189969645
 0.01539671339964599
 0.01416805252309574
 0.01566342571718897
 0.01822325243288414
 0.01419941752779988
 0.01438831717292612
 0.01482319201798616
 0.01526571111733678
 0.01494757638623746
 0.01869019371297681
 0.01888194583241187
 0.02030759022308848
 0.0161228497643649
 0.01655418463150572
 0.01558634045705905
 0.01462329615425231
 0.01400654096087703
 0.01357450203199901
 0.01482010136554132
 0.01162238622023094
 0.009499937911157818
 0.01103378730184695
 0.009966528891458375
 0.01106661429647692
 0.009972975034136612
 0.008031738943046412
 0.01024485898131055
 0.009672476061541549
 0.009104612394595217
 0.006829758675737999
 0.007905930182205874
 0.008054016921617661
 0.007292185039278254
 0.009151964459997001
 0.01001740603959408
 0.01006229617759991
 0.01089095981666374
 0.01099530053343911
 0.01041707489594249
 0.009320216582320361
 0.009193498415688221
 0.008982481696629725
 0.009932615896704999
 0.008887887584393756
 0.009956900658962681
 0.01137617547099494
 0.009844369582231241
 0.01007039851770309
 0.00970047682076005
 0.009657217367722258
 0.01047352618016988
 0.0110160882758972
 0.009802761732328037
 0.01000792773958134
 0.009415923771782719
 0.009598866029252636
 0.009841267278483183
 0.007520153612884234
 0.00890719503995192
 0.008579465879331151
 0.009248289628150431
 0.007895777820913812
 0.007450285105208873
 0.007737585446531374
 0.00856776841294184
 0.008606746198853588
 0.01013954781654559
 0.01268056503734923
 0.01188369474327164
 0.01153448724092671
 0.009752749469838446
 0.007922807955955314
 0.007698540962337171
 0.008354881147902157
 0.008092135778238646
 0.008130150437717672
 0.00756572369150735
 0.008493405815197809
 0.008800615333439933
 0.008063196827417267
 0.009256332763043352
 0.01014681565635136
 0.009729308879673054
 0.01317356405946149
 0.0128898880524059
 0.01271882213994322
 0.01175460132418806
 0.01021516218951229
 0.009443659690519308
 0.008221558250843709
 0.008178091666530439
 0.008700105099467748
 0.008370788059251771
 0.008396870499552345
 0.00900278171621483
 0.00854371624035964
 0.008489726561298141
 0.008915281470561112
 0.01023806248869145
 0.0107758595840492
 0.009824973831324784
 0.01034486453288175
 0.01030257388344481
 0.01116010527812222
 0.01012709773023128
 0.01129613105531482
 0.01061911290778277
 0.01081621235801005
 0.01046500959136599
 0.01007186556730797
 0.01113995229247182
 0.01086338477790262
 0.01132723690229002
 0.0122272349330323
 0.01183892570167891
 0.01185621693928333
 0.01209852436669385
 0.01253801602158604
 0.01255963125182473
 0.01296834096969666
 0.01225054768783246
 0.01262211636331213
 0.01272155587494534
 0.01347850921679247
 0.01367103294051613
 0.01417759143574945
 0.01410733558007617
 0.01352246958403524
 0.01302883417653296
 0.01214865922221792
 0.01123437403946925
 0.01206738693298343
 0.01121110415563707
 0.01212993639862436
 0.010947456722498
 0.009729292317742989
 0.01025778649523354
 0.01152941107401316
 0.01212294580223249
 0.0121948540302649
 0.01119438844723972
 0.01205746704038603
 0.01201131508509493
 0.01290667079970697
 0.01282015501979039
 0.01313607882565587
 0.0128829685877842
 0.01357150003859925
 0.01367022780512956
 0.01450730023501722
 0.01371669504531923
 0.01365609087270233
 0.01475172593903743
 0.01438499256236769
 0.01342208381682312
 0.01436900908789097
 0.01520268702913624
 0.01363063525570308
 0.01405921175547924
 0.01300119880191094
 0.01258060697045049
 0.01381807882534462
 0.01384922517096128
 0.01483286549774011
 0.01457006033077932
 0.01495284246753832
 0.01464078506656179
 0.0152158196718781
 0.01555939147029013
 0.01360711416804485
 0.01370411641774799
 0.01364403528387434
 0.01421930298871029
 0.01325373549890223
 0.01382402752208858
 0.01315208127107114
 0.0143820824736072
 0.01338895096137894
 0.01708596997356029
 0.01645003361313934
 0.01860314819071522
 0.02008221693265872
 0.01797075645591654
 0.01856763340650504
 0.01732891050386617
 0.0152110462818196
 0.01507560899621667
 0.01496132887318306
 0.01370006267599627
 0.01409306932399209
 0.0143709078243393
 0.01460990485287783
 0.0148250710389036
 0.0145575524686127
 0.01532265834798621
 0.01454638357459399
 0.01587203724863879
 0.01552048950175607
 0.01584906330561517
 0.01520371008378135
 0.01714395672000631
 0.015983210087558
 0.01701468518929675
 0.01611658241414567
 0.01818141419599357
 0.01806249279044853
 0.01811530242535069
 0.01846644149296203
 0.01790597508076534
 0.01969675357102648
 0.01870469806593023
 0.02094044282727944
 0.02087250479770971
 0.02033131221207556
 0.01899684337983904
 0.02026877775832736
 0.02304670223135351
 0.02149723025044885
 0.02125855680755587
 0.01828651098981227
 0.02177084766402656
 0.02166135088293363
 0.02270983567958713
 0.02073109502308306
 0.02091510692330826
 0.02094073030276105
 0.01922940520014715
 0.02001047292048517
 0.02245616084913339
 0.0201387399707263
 0.01963992989266693
 0.02129476390829879
 0.02236352309103519
 0.02168551734417808
 0.02006777997265693
 0.02100532618019711
 0.02081341775939811
 0.02049180656819807
 0.02081782965857761
 0.02140680411991796
 0.02206092771920375
 0.01989160637153602
 0.02079540994308405
 0.02107941524102986
 0.01985647374934205
 0.02078896202294133
 0.02027211211055767
 0.02044762292272153
 0.0205206373788012
 0.01988344516402772
 0.01984657428889148
 0.01998856325187501
 0.02042681177555134
 0.01988492255493968
 0.02034770669843646
 0.01829662913382204
 0.01922540771973878
 0.0188021461470905
 0.0196078754178799
 0.01924090671838379
 0.01895460114241586
 0.01857978469846226
 0.02062058910596812
 0.01962687791556799
 0.01770715984797275
 0.02075475733442476
 0.02093877145468658
 0.01906261620283386
 0.02008814449507974
 0.02001956863349972
 0.01971091469822732
 0.01858105528405858
 0.01859759712198918
 0.02012831608932497
 0.02032891850885577
 0.01944579728191987
 0.02073570354102992
 0.01916964975693066
 0.02040577729972195
 0.01977627459397163
 0.01888741834804009
 0.01924586651890343
 0.01797469564334906
 0.01875819505712963
 0.01930657327986818
 0.02051511619541771
 0.01844570109879074
 0.01789311080513863
 0.01938854571124541
 0.01617880440780987
 0.01967101826592221
 0.01775754772071216
 0.01746403735283227
 0.01673604259836359
 0.01709595639094996
 0.01801260499536355
