# Created by Octave 4.0.0, Sat Feb 26 15:08:37 2022 EET <li9i@spell>
# name: mean_trajectory_errors_dft_i
# type: matrix
# rows: 2283
# columns: 1
 0.01345375362535647
 0.01300829394530291
 0.0116895914060878
 0.01172007922846001
 0.01264958840046599
 0.01280451735577953
 0.01184999830448698
 0.01079597595249817
 0.01184396835002785
 0.01316542775590703
 0.012183317527598
 0.0119733214075594
 0.01275215673076463
 0.01359301817858174
 0.01198927037526887
 0.01151083262544114
 0.0130834951409631
 0.01193668709965768
 0.01187941986068177
 0.0136647491651928
 0.01259557556169277
 0.01215329105175023
 0.01255176207558744
 0.01440441969221771
 0.01236412778591066
 0.01212943371406409
 0.01240034727979557
 0.01243760759139921
 0.01046355182840521
 0.01100395132869991
 0.01225634577406818
 0.01160078255698327
 0.01078268878490601
 0.01239979160867452
 0.01134965354665622
 0.01186239631274886
 0.01113785455976853
 0.01124427421490147
 0.01115829766662802
 0.01335797005822229
 0.01198354869609326
 0.01123740330365397
 0.01238312624522143
 0.01305026240581737
 0.01191789982496912
 0.01215601296860841
 0.01189879980821966
 0.01142285719761491
 0.01230054829717521
 0.01311507168586626
 0.0135629058506915
 0.01331067013936793
 0.01503395405695871
 0.01421304529924021
 0.0136511573750951
 0.01549537499070715
 0.01540742189387141
 0.01524745034363402
 0.01507089251467019
 0.01675344579675105
 0.01749084856821388
 0.01426108083807944
 0.01502396800050811
 0.01619846627729058
 0.01515384323021587
 0.01438419378890514
 0.01411987249122458
 0.01456583881097958
 0.01428386046805021
 0.01695481416739983
 0.01492729389404289
 0.0153661489490126
 0.01610525369710301
 0.01418177154139542
 0.01407565300966197
 0.01523754553401218
 0.01454396870187503
 0.01725557426977852
 0.01743078907379883
 0.01734651621016084
 0.01571170793687611
 0.0146912291811313
 0.01394450355181886
 0.01401450734121126
 0.01460008559345741
 0.01548185790559349
 0.01450996400248388
 0.01869044229031253
 0.01880499532825508
 0.01226018311921987
 0.01199953293660043
 0.01507313934049041
 0.01471292580397372
 0.01586391648490739
 0.01534040871422124
 0.01387436017588717
 0.01146204806486019
 0.01144983464140618
 0.01271790340253949
 0.009687223739451831
 0.02724110245998441
 0.02204545443986898
 0.009958243592355486
 0.009592246176682083
 0.007670853133955948
 0.009861881390034993
 0.008068430782750382
 0.008823222446645818
 0.008908394718484279
 0.009388795910156905
 0.009384088713201854
 0.01153666898889927
 0.0103231763175354
 0.009810143358742892
 0.01196546993915803
 0.01295312120298776
 0.0112060381552124
 0.01041238016836725
 0.01036783466283126
 0.01160778646426743
 0.009657888037988146
 0.01069280206256804
 0.01040265061269101
 0.01226632515014931
 0.01106446868179099
 0.008990864749423046
 0.01293266010432586
 0.009683497229380751
 0.01046123452170905
 0.01014002278912404
 0.0088064138089904
 0.009849688737812659
 0.009235240070457311
 0.009133621213306548
 0.00821935675809087
 0.008533754230892714
 0.008688512575689285
 0.009435924521991837
 0.009464736352803626
 0.0123763963541876
 0.009762831408596614
 0.01213230189386832
 0.009347592049824804
 0.01106076415835806
 0.007692057520655819
 0.008798966857707046
 0.008568569052393971
 0.008743551786660687
 0.009124807178677785
 0.008547980315833162
 0.00849903233671969
 0.008617891837312682
 0.00841031773896391
 0.008916980596923179
 0.008671310156319277
 0.008160111306038647
 0.007957628276661495
 0.01009620965688211
 0.00898481959372029
 0.01119232370738995
 0.01185682339040815
 0.01101987600946363
 0.01291202911723818
 0.01019343721385084
 0.009117919349263141
 0.007369150877421449
 0.009415568662910864
 0.008580007831770996
 0.00812312078429908
 0.008696551115813019
 0.008116020519809057
 0.007970534460498354
 0.009384319844425327
 0.009181279832911619
 0.01002266724006298
 0.01048000921307556
 0.01101533302946176
 0.01054423409777008
 0.01090325074343681
 0.01042412314123145
 0.01060513664679585
 0.01034113801373414
 0.01092104073677017
 0.0112754205956788
 0.01099987754460205
 0.01050805020730595
 0.01114167674528473
 0.01178017268156539
 0.01140889423468864
 0.0114047814796149
 0.01194504483887802
 0.01296956522255996
 0.01235936742461375
 0.01254191652647632
 0.01317398499994333
 0.01395857268568498
 0.01196008364883503
 0.0135737423031485
 0.01319527826589247
 0.0135304165436837
 0.01435538715329225
 0.01445068872834499
 0.01345590458421966
 0.01362582092992524
 0.01276209390929358
 0.01158220291033821
 0.01169543110523799
 0.01163476500490399
 0.01077056561237743
 0.01075469017083876
 0.01162156738087997
 0.01097295138513568
 0.01099483056742736
 0.01141726016235459
 0.01106848685943984
 0.01097112234689162
 0.01198398289877502
 0.0125611437131889
 0.01231462384831423
 0.01196296968588007
 0.01313047798855638
 0.01307367662223105
 0.0133521129812856
 0.01374051682900428
 0.01445370656060917
 0.01423575485882232
 0.01421931453508738
 0.01369960373750414
 0.01437028538557953
 0.01402673852077232
 0.01335422331686647
 0.01308028604211452
 0.01394112205449166
 0.01319842825739248
 0.01363948845245495
 0.01434988234792106
 0.01307983800392778
 0.01324916354099829
 0.01389598542196492
 0.01500699407889005
 0.01449059168998986
 0.01429283111302206
 0.01574739864850348
 0.01510123577203181
 0.01374009732542739
 0.01482841464747942
 0.01408831860783324
 0.01408295649969982
 0.01369960056574276
 0.012979384638139
 0.01282184866582892
 0.01431300842525868
 0.01339632608835605
 0.01592701325763958
 0.01615861618127687
 0.01784054975942787
 0.02111020654901782
 0.01825390274711305
 0.02060021560676667
 0.01946409857496753
 0.01675492953808986
 0.01506522336063006
 0.01507313539885587
 0.01322753048876081
 0.01405210148359825
 0.01495502179949313
 0.01462958083580503
 0.01476874598015521
 0.01489569692455954
 0.01507435078734724
 0.01546529895994599
 0.01399029216006319
 0.01544635477713384
 0.01551987169133726
 0.01609508370626031
 0.01607650414370512
 0.01594065347163219
 0.01621793288431893
 0.01639422140856284
 0.01794973342717005
 0.01739289989477742
 0.0174287913106075
 0.0193324553315536
 0.01796090084392127
 0.01876928424900292
 0.01883148091868809
 0.01942414168238694
 0.0190599872481478
 0.02023048311118694
 0.02035781710192952
 0.02058231571292003
 0.01979256522437482
 0.01959667927765808
 0.02059735362639134
 0.02141131491610618
 0.02202820194629368
 0.02255107913461534
 0.02110384267831368
 0.02129120440845661
 0.02175613088562249
 0.02425758753321452
 0.02086192383052902
 0.02310480956535884
 0.02175787136762613
 0.02043205206677172
 0.02145461035910587
 0.02136348160837791
 0.02397143441643041
 0.02133403639006867
 0.02163690022518813
 0.02055820563429618
 0.02226002427609256
 0.02049990215482572
 0.02233226882840963
 0.02230312313943703
 0.02208847720489213
 0.02173660922768249
 0.02186139747752107
 0.0204605692147425
 0.02049027098591065
 0.02100046153299316
 0.02123501671850979
 0.02036665789852648
 0.02185149893259316
 0.02288040483251634
 0.0205063879418235
 0.01958989406670713
 0.02102525460046513
 0.02142398582703456
 0.02160134057862163
 0.02009890446633457
 0.02078371492263267
 0.01988829663823851
 0.0196406603838883
 0.02097263001147319
 0.01936135722013493
 0.0190416959251504
 0.02106575312318155
 0.02068389999576975
 0.0195978372008107
 0.01937109179916438
 0.0197922103389674
 0.01987449680647674
 0.01812785539313303
 0.01941053285004526
 0.01953756821522259
 0.01928275823351223
 0.01967677801338691
 0.02002880975394684
 0.02051808671335406
 0.02076077524722848
 0.01941095875012957
 0.02076210816617357
 0.01881324556137138
 0.02106728900892576
 0.01921668153409117
 0.01876794559212366
 0.01810145615128161
 0.01787958070253433
 0.0191311741010308
 0.01995161408451471
 0.01891740961160922
 0.01808037908118597
 0.01801104209786458
 0.01871702134651308
 0.01808222545929472
 0.01793054726200412
 0.01821301802472277
 0.01904894948075283
 0.01715209208568906
 0.01802794708009185
 0.01872724348241107
 0.01932174196247434
