# Created by Octave 4.0.0, Sat Feb 26 15:13:43 2022 EET <li9i@spell>
# name: mean_trajectory_errors_amcl_i
# type: matrix
# rows: 362
# columns: 1
 0.0610505728533402
 0.00853249673964771
 0.02064635689773608
 0.01863766081266682
 0.009558584822817157
 0.009294656426924473
 0.01650011062104269
 0.01381235152689778
 0.01823938311877798
 0.01350479484944556
 0.009588693273744623
 0.02822090564395317
 0.01661178711056063
 0.01310168669864953
 0.01669050015846599
 0.0171597944035319
 0.01738377743158627
 0.008499698682389091
 0.0127328823036884
 0.008476550442514736
 0.009083949423524995
 0.01326776120330641
 0.01900845315205821
 0.01118710347225492
 0.01296499017520171
 0.01369113488335641
 0.01001849499227703
 0.0113651972847774
 0.01215870444006686
 0.01346450486665696
 0.01089419515885671
 0.01651100864985055
 0.01697659452961529
 0.01774674131448664
 0.01189736783234462
 0.02037996785196495
 0.01990509360948436
 0.01068632366553992
 0.01892730287947412
 0.01811035197199807
 0.01459147280137452
 0.0208100189103641
 0.0131330053775605
 0.02203923070619902
 0.01543854984893284
 0.01834147316975198
 0.02264591180389542
 0.02365474260540497
 0.02193709523872784
 0.02573707258243676
 0.03074584909903434
 0.02663574898161596
 0.02665585216158704
 0.02517372657530924
 0.03003807320506262
 0.02969251235018744
 0.02977597240802845
 0.02730687593809095
 0.02824066101434013
 0.02829891098280949
 0.0331913435731862
 0.01983567121990375
 0.02561127830205558
 0.03005980398887977
 0.02785492371245728
 0.02517158953405323
 0.02601983112856932
 0.02172159992821718
 0.02037423753735246
 0.01945648695189629
 0.02316513122759362
 0.03255304367698793
 0.01916005667132114
 0.01884084506570956
 0.01911265278744971
 0.01727131078122753
 0.01360334427962103
 0.01099951972657886
 0.01211165323482809
 0.01102274753084597
 0.01381845304512227
 0.01544535769631699
 0.01280773671577498
 0.01494938818658348
 0.01553655844733482
 0.01649291499752073
 0.05713509840735855
 0.03702717378446763
 0.0575707535097847
 0.05886438729848794
 0.0381687466056868
 0.03418656807093641
 0.02111451340439026
 0.0217319367469146
 0.01298213806556408
 0.01429153757901295
 0.02248393476425894
 0.04088661768610403
 0.05949766501492422
 0.06147906531504381
 0.04031272147736734
 0.01891500485368092
 0.009540253883080316
 0.01222526020187466
 0.01105526024230309
 0.01141062710139073
 0.01138081669041108
 0.01040748595881908
 0.009621764837891256
 0.01282167638811989
 0.01232728017842806
 0.01204598338571114
 0.0106269783314215
 0.01052802987248381
 0.01187441460269271
 0.01286778087792503
 0.01277847871894804
 0.0135228789813879
 0.01392906850030459
 0.01246701721602277
 0.01234019181898422
 0.01388215499584144
 0.01439576982114651
 0.01258486163468755
 0.01554099724419498
 0.01361011710411881
 0.01434282526656016
 0.01436208491380339
 0.01610974380545229
 0.01475580990812629
 0.01812131545234132
 0.0173329275834454
 0.01590083378219453
 0.01730154570176604
 0.01717611282762607
 0.0171936241341913
 0.017059294636749
 0.01736258874431718
 0.01705352963327893
 0.01826479206835194
 0.01828536064795245
 0.01726419193074812
 0.01864638504710989
 0.01792558565772669
 0.01873266500471615
 0.01787311815865032
 0.01841691633967473
 0.01770056203413502
 0.0194037806983562
 0.0206507176136564
 0.01921085128753436
 0.02170536976880907
 0.02237376246241211
 0.02422108535248933
 0.02642642793145029
 0.02462066356432508
 0.0237944888837833
 0.02514178337812025
 0.02455645400067739
 0.02305463601802095
 0.02369011832697002
 0.0242497704573272
 0.02097179988976892
 0.02507944406072606
 0.02120655291917699
 0.0198991289314621
 0.02161462991185289
 0.02035351660265645
 0.02022684176024328
 0.02089525908669116
 0.02090474289651008
 0.0208743555430437
 0.02001912609635154
 0.02024232991937112
 0.02039190798858906
 0.02076820240353728
 0.02190081024066874
 0.02368628838829136
 0.02587366286943388
 0.02331143440963259
 0.01992333842945569
 0.0200649808550084
 0.01946492269020701
 0.01964055010070829
 0.02044109567001411
 0.01956426301958651
 0.01993693872852684
 0.01896325441246049
 0.01853696914423248
 0.01860536970007308
 0.01862072157826551
 0.01786682987129476
 0.0181674652072365
 0.01747004894768709
 0.01858778754096366
 0.01695009058027769
 0.0167780190734247
 0.01847974080081224
 0.01753487282965676
 0.01904019525172104
 0.01761776525712621
 0.0191630523276942
 0.01888849518712449
 0.01820896996057225
 0.01970641565308581
 0.02059184447292988
 0.02020643703828037
 0.02107271513360905
 0.02245179913932411
 0.02296978830835611
 0.02294189639197283
 0.02385595459502126
 0.02417484158829169
 0.02530172811353997
 0.02601276950975147
 0.02611104448652215
 0.02792692675250626
 0.02793176007162854
 0.02783550777910952
 0.03025960237244359
 0.03193644405542753
 0.03965922259988242
 0.03734469087100849
 0.03214548836081055
 0.03654641787037197
 0.03813561906565373
 0.03824302340396304
 0.03854099318162623
 0.0353233880014032
 0.0333667365792409
 0.03385400081071062
 0.03362319814028001
 0.03293237799818079
 0.03270936945545631
 0.03371694804027772
 0.03209570647416558
 0.03275619249001344
 0.03325603849202305
 0.03258766233030901
 0.03507375148572128
 0.03459749016518655
 0.03480913778492929
 0.03342033462028678
 0.03446856141211138
 0.03381213858498416
 0.03337919326391838
 0.03344152782969059
 0.03412379408998135
 0.0342262650712156
 0.03537971874813588
 0.03466439122350878
 0.03495415100932541
 0.03565802585340392
 0.03562787134505547
 0.03536222114474907
 0.03306481679662206
 0.03332061291041079
 0.03482786857694798
 0.03547701045575421
 0.03625336342320384
 0.03643685043562526
 0.03602190240521711
 0.03666087616977029
 0.03651957644982801
 0.03742627396027152
 0.03659659630853633
 0.03685048098615339
 0.03694996072830837
 0.03680167204612712
 0.03730306911842324
 0.03757788506189753
 0.03702155304554269
 0.03766532215773149
 0.03794591860078821
 0.03909304668643614
 0.03894359352976798
 0.03972069853072221
 0.03997344955709545
 0.0400513070886106
 0.04042592706285387
 0.04095965231047563
 0.04128502941480736
 0.04138927508090005
 0.0419193843714168
 0.04281778461657376
 0.04260714720860873
 0.04268436344382885
 0.04291022737087585
 0.04231374506069106
 0.04260856742285478
 0.04206802628925755
 0.04176724934230979
 0.04136821065040561
 0.04011307867758667
 0.04004093134102393
 0.03991019242430201
 0.03804908158181768
 0.03707909745009844
 0.03695406725059278
 0.03707163672841204
 0.04271450121477265
 0.04519582053473333
 0.04420515128861974
 0.03806050771966603
 0.03882261983403021
 0.03920182545835688
 0.0387429553022296
 0.03616203209735579
 0.03612879429243963
 0.03696637546774986
 0.03600753293898173
 0.03587051419231894
 0.03620102719807659
 0.03627496893102321
 0.03702117713328048
 0.03641471801331446
 0.03673521178120976
 0.03696350869317112
 0.03737042696381352
 0.03819669565892602
 0.03796523395334992
 0.03830651096369281
 0.03867051030079054
 0.03921504027356554
 0.04015460467510823
 0.03981583829647526
 0.04032023957276247
 0.04041777281071712
 0.04091061832249362
 0.04160333690467874
 0.04183493563247147
 0.04179111704520643
 0.04203383378927187
 0.04265047193853842
 0.04415682385117194
 0.04377809524410609
 0.04445660707852709
 0.04645940114218688
 0.05027568842244335
 0.05678061019989619
 0.05789968586082332
 0.049098518460365
 0.04652652383032109
 0.04535194784252075
 0.05052582521439732
 0.0467201794557529
 0.04865546894303682
 0.05060865827894419
 0.05355134350490885
 0.05060957715516609
 0.05191601674829093
 0.05308848273313815
 0.06144201973958501
 0.05692288101571485
 0.05821715653165241
 0.06451252835229984
 0.06009095847931511
 0.06015102027340965
 0.05665462425892695
 0.06006762694230939
 0.06679865121159619
 0.05372508178586638


