# Created by Octave 4.0.0, Sat Feb 26 15:12:13 2022 EET <li9i@spell>
# name: mean_trajectory_errors_dft_i
# type: matrix
# rows: 2324
# columns: 1
 0.01109195809273539
 0.0133022475919363
 0.01184626231189681
 0.01190315314473349
 0.01163825340096852
 0.03422619714713309
 0.03046666159958942
 0.01033603724796639
 0.03487222085519046
 0.02992837150292817
 0.02422783719891283
 0.01184346238403937
 0.01345575645070116
 0.01144104881194408
 0.01346027068955275
 0.01205453645443348
 0.01314135286320595
 0.01204796780665624
 0.01110125390796972
 0.01172152437810598
 0.01186817415853099
 0.01178309497645207
 0.01290678906805824
 0.01341518073482434
 0.01213612047661379
 0.0123279845700221
 0.0103061961844592
 0.01142931390984217
 0.01033486431272461
 0.01054487371000109
 0.01178025039484402
 0.01153150506588778
 0.01044313387815611
 0.01059431479206383
 0.01132540473347898
 0.01079562549204847
 0.01258258055710467
 0.0111026917466419
 0.01160475241784743
 0.01189686029642983
 0.01255899314227492
 0.01182273647210924
 0.01222661691093197
 0.0129011309902711
 0.012863735574823
 0.01192289749888774
 0.01236416126168016
 0.01266943309083756
 0.01339834563896123
 0.01165011806970922
 0.01232970636422398
 0.01194199844775235
 0.0114508854877167
 0.01251838684998411
 0.01348780426125049
 0.0130795602066147
 0.0127291682058497
 0.01328096598564465
 0.01317951745457894
 0.01250238003644927
 0.01270755347373511
 0.01138290677617147
 0.01380412459233714
 0.01341812230946861
 0.01270962949190261
 0.01469576796876786
 0.01515875983526312
 0.01308803950791078
 0.01450573613837528
 0.01577064187456767
 0.01613118190859423
 0.01527493978061671
 0.0134876831106585
 0.0129299561534697
 0.01488625091556587
 0.01380959953998653
 0.0135602582552899
 0.01486180718900514
 0.01378437367405917
 0.01501441531303613
 0.01395579503829017
 0.01478793635144497
 0.01349052900191796
 0.01624804685349981
 0.01770229423373925
 0.01813085728288249
 0.01783250962393261
 0.01735509655644744
 0.01588142648526225
 0.01752942805555335
 0.01600237448038493
 0.01367014907312331
 0.01526458425869373
 0.01357628322370986
 0.01232838654082211
 0.01231731806447896
 0.01240408419236335
 0.01194606438833851
 0.01193218243291716
 0.01015634441326263
 0.01134697386720817
 0.007785293455050774
 0.008146247932126203
 0.007311216534536586
 0.008209140991017719
 0.007995680451220783
 0.007304432274038225
 0.006766223812722757
 0.009155236588961231
 0.009234161342318019
 0.009815345261296782
 0.01253197453275836
 0.01208609821081585
 0.01070237698125968
 0.01128492202021622
 0.009473222504659479
 0.01044198838175221
 0.009232806702060422
 0.00965668084490191
 0.01054375233145387
 0.008982266480026795
 0.008831682428907875
 0.01069227206989515
 0.01125120661736032
 0.01132729697648936
 0.01050044674885836
 0.0121743689867613
 0.01155014109248586
 0.0115040012625699
 0.01045776709794492
 0.01115910732126693
 0.008258137945134504
 0.009380988197159861
 0.008228100395662206
 0.009373504370140505
 0.007727484973595671
 0.007654004321825856
 0.007828146521410917
 0.007807898086963748
 0.009711061104708062
 0.009769476957972721
 0.01004292875762872
 0.01032261497113556
 0.008910041068673148
 0.01003205500839521
 0.009414274570303256
 0.008447688393773878
 0.007560784671154442
 0.007198472010793608
 0.007593245019493081
 0.008622195003303889
 0.008818155618288984
 0.007648792291223346
 0.007966013430418724
 0.007762911546923591
 0.008723861523424626
 0.007714279311430317
 0.008812300802057339
 0.01184837547849603
 0.01396227232459045
 0.0148500400010558
 0.01604621058098547
 0.01429609827427373
 0.009505972210625659
 0.01014000419931168
 0.00825718847187115
 0.008140316312687025
 0.008194715745226837
 0.0082784357133003
 0.00840673651192482
 0.008419804357133891
 0.009339107686871849
 0.009782440821749547
 0.01030033540924523
 0.01037548313979887
 0.01012837491455042
 0.0113105162583945
 0.01193811721357439
 0.01099430806297286
 0.01053712536658266
 0.01115078795864099
 0.01102359412468265
 0.01040057965685848
 0.01142375398184323
 0.01077965798380397
 0.01064433800606351
 0.01257064362564563
 0.01164353240265251
 0.01233174937035759
 0.01256405852484885
 0.01259160462095746
 0.01198026822548301
 0.01280898485146209
 0.01250983040157811
 0.01275559630771697
 0.01335526955253069
 0.01232814040920592
 0.0127121799149315
 0.01307107604964482
 0.01449129815909575
 0.01468330399632227
 0.0148287469611785
 0.01381240583879615
 0.01448465837013632
 0.01352146278244589
 0.01180635966282383
 0.0117082806471187
 0.01128836933629939
 0.01099675296238011
 0.01144523331860512
 0.01139527353728265
 0.01152481921806913
 0.01151802120890227
 0.01166852031279497
 0.01181897705179145
 0.0119990782975335
 0.01178695693623743
 0.01243378262412684
 0.01310258520601869
 0.01248103240976982
 0.01342120133933027
 0.01363648363344172
 0.01325431424797069
 0.01441921085638519
 0.01386133799493749
 0.01433334679526479
 0.01555271310314076
 0.01401404245928083
 0.01441069712770139
 0.01437919814926285
 0.01434915859927061
 0.01375928073883967
 0.01349273179888923
 0.0137858317060536
 0.01420163993980362
 0.0143111478728245
 0.01349400966998427
 0.01433801924235337
 0.01586436410643645
 0.01603886737509119
 0.01682624571714129
 0.01513811786999384
 0.01626957431159902
 0.01445707066871376
 0.014223758756564
 0.01430980133356832
 0.01456079187799844
 0.01308053456264745
 0.01428404851908545
 0.01381179121449937
 0.0133096154971002
 0.01230496355092338
 0.01495119726556202
 0.01469226850590291
 0.01661299712405446
 0.01966226140384977
 0.01982163119007287
 0.01986666671408396
 0.01818788914476134
 0.01637184844607157
 0.0167747128389943
 0.01534691524254525
 0.01439916141768987
 0.01380400960594567
 0.01425598528578152
 0.01356196976767805
 0.01479579392971498
 0.01480889628978013
 0.0143353302202767
 0.01496931853703731
 0.01602652876791854
 0.01523117305791057
 0.01547551855959519
 0.01520142451813184
 0.0156681337590119
 0.01629034544857187
 0.01726649992809941
 0.01562332611727217
 0.01709962253771158
 0.01721692586021568
 0.01922783667123244
 0.01831542290802345
 0.01781798384911313
 0.01917286012855881
 0.01922103788614244
 0.01832401507170322
 0.020185998222896
 0.02007521378180514
 0.0191207619059336
 0.01957942253996838
 0.02074065709797221
 0.02117189570137386
 0.02114540148190875
 0.02099690577443337
 0.02280046835940428
 0.0224803888112579
 0.02162552886641646
 0.02446633801323136
 0.02288858358187379
 0.02268760431503748
 0.0217516356219691
 0.0221358298704071
 0.02255430936839493
 0.02536770283162064
 0.02150558012596412
 0.02228882384390877
 0.02035931697515711
 0.02330083645436309
 0.02387489245553468
 0.02311157430386832
 0.02181352414499539
 0.02013462340632443
 0.02120193281703072
 0.02290724522183336
 0.02155815805843714
 0.02315407762344734
 0.0229304619696384
 0.02207679226727052
 0.02067643690455191
 0.02072319347167554
 0.02167370161766896
 0.02036104981905319
 0.02070892978763835
 0.02023915922568161
 0.0227566349581964
 0.02199405800271572
 0.0229717891412191
 0.02144965685608548
 0.02002753795216781
 0.02187775438227646
 0.02090102847085884
 0.02099498051389735
 0.0191594886282376
 0.02210603331883894
 0.02184053131213167
 0.02117654731813628
 0.02031042585200453
 0.02112135540716068
 0.02158557034708444
 0.02133246389946787
 0.02099386951961214
 0.02149047670699574
 0.02112705611699318
 0.01936197532545143
 0.02258690849213953
 0.02094805211691823
 0.02211411647356538
 0.02049131588481163
 0.02134143079413057
 0.02015881181693185
 0.02036339031474126
 0.02060067638315643
 0.02310357467615699
 0.02252039995700049
 0.02102765644908354
 0.02077506136275549
 0.01935979502726617
 0.02076508641291788
 0.01893182317610727
 0.01965429725336328
 0.02043979684718167
 0.01896095292124885
 0.02031731273119358
 0.01992343354691836
 0.02037395485403855
 0.01969243430611248
 0.02079804513210033
 0.01926296947909008
 0.01939577670236752
 0.01976966239064219
 0.01900804209648192
 0.01878161233668565
 0.01793163583837562
