# Created by Octave 4.0.0, Sat Feb 26 15:14:56 2022 EET <li9i@spell>
# name: mean_trajectory_errors_amcl_i
# type: matrix
# rows: 371
# columns: 1
 0.1042566748016467
 0.08265603055906609
 0.1170200947788489
 0.1194241821219355
 0.1591111010703845
 0.0224492407938918
 0.06759108758105375
 0.1060977578117317
 0.1397132199262815
 0.4232136868892026
 0.05894508863907684
 0.1366714167302169
 0.08165799074850526
 0.1104712962462281
 0.3732007013133826
 0.05699020722500217
 0.0985300155091967
 0.1216732950358131
 0.1478336492139587
 0.2915412890111296
 0.04748257141473888
 0.08246107710347657
 0.1315082725473737
 0.1363581347370797
 0.2992204540519611
 0.04467369402854407
 0.08597641125983933
 0.1295378268160856
 0.1292252660154794
 0.2703988669829689
 0.04851976039214392
 0.09004186843642431
 0.09209582455038591
 0.1035866894185807
 0.2439797876566248
 0.0536487544756639
 0.07802759657315131
 0.09935077223145745
 0.09991161908961331
 0.2051267456967597
 0.04528471520239421
 0.07876391975044013
 0.09853460742932343
 0.09440642697066381
 0.2330399545856178
 0.04257964082901747
 0.07726883645862666
 0.09493482662719475
 0.1019494024852086
 0.1944227842242018
 0.04414758048332267
 0.06785947132767284
 0.08793406982080575
 0.1043193726498712
 0.1825966976871381
 0.0416423108896611
 0.07823318812385748
 0.09099883526369855
 0.09231184347374094
 0.1939697105459439
 0.04217842368554603
 0.07736371509552452
 0.09413000852714039
 0.1007045109171672
 0.2552402316467283
 0.04008627505892308
 0.0715914258500493
 0.1013999082072495
 0.106667306233848
 0.2189147260801372
 0.03387188393185685
 0.0663165893986567
 0.09376856351429566
 0.09674256902708754
 0.249359960257406
 0.03386535632626265
 0.06790935973125382
 0.08522194682862323
 0.116502663519507
 0.2248247604946917
 0.03361424892135293
 0.06828122508652328
 0.09719503383149242
 0.09933262303135874
 0.2568455016413874
 0.03415115787539687
 0.06937769275552755
 0.1003207083935042
 0.1140707001544946
 0.2357186750730057
 0.034551103765544
 0.07282529095018457
 0.08515701867217641
 0.09466954959784431
 0.2534971412104035
 0.03178771317172103
 0.06403694727470657
 0.08011683503207837
 0.09558908186510892
 0.2693719541017269
 0.02997250727469023
 0.05707853286176446
 0.08828786705006059
 0.08929602798802649
 0.2070343344466763
 0.03217905361645124
 0.06060013419716832
 0.07110844612998049
 0.09620645510240014
 0.2919839079208134
 0.03206618224270872
 0.05267556249222837
 0.0697992852009687
 0.09266233522113076
 0.2259650075912912
 0.02963038124186043
 0.0603354390702503
 0.07397572882212793
 0.09584163979817582
 0.2275725670951096
 0.03030553162986549
 0.05883794485204347
 0.08565673527499174
 0.09540041878293248
 0.2292834922072887
 0.03738901527874484
 0.0648045511785728
 0.07797529287901039
 0.09646738237637111
 0.2247153937508862
 0.03789233592091271
 0.06257729999164677
 0.0920979654219662
 0.1290128289612211
 0.2117108926631866
 0.04005870201973296
 0.06779090857238923
 0.07749655319501182
 0.08642971389560733
 0.2220812860031631
 0.03859203300497514
 0.06265134476123529
 0.07459387963596548
 0.0934289788228207
 0.2571500021509102
 0.03963700801887769
 0.06165017185117019
 0.08148651833754127
 0.08633588318911593
 0.2133270304137249
 0.04219905825953943
 0.07183978855782834
 0.08985764288549439
 0.1071694657296847
 0.2295731900853074
 0.03576692883155657
 0.06609289588577302
 0.08708716684398451
 0.0892018098987746
 0.2061470743659213
 0.04194960175970552
 0.06272295819761071
 0.08366981865350086
 0.09803280354135571
 0.2134035079842859
 0.04057467538717478
 0.06485155651722584
 0.08326322172750235
 0.09402378158335292
 0.2623328159569681
 0.03853623970209324
 0.06456674966005715
 0.08185581230011321
 0.1065599655527081
 0.2542635753174703
 0.03457522311164667
 0.06256946024325448
 0.08193289020662947
 0.08098495232651431
 0.2148074088423118
 0.03197045568639083
 0.06212931565339618
 0.07328341737044909
 0.07785827911867979
 0.2001793144987893
 0.03247118601036193
 0.0546464311203904
 0.0741599620299509
 0.08828400111241334
 0.2112991450755954
 0.03192620769821379
 0.04923070346355533
 0.06533647324000437
 0.07465511737245543
 0.2076849521321867
 0.03129789538785928
 0.05306291812583374
 0.0683432081437526
 0.08967609720181795
 0.2151781320621617
 0.03260401750996187
 0.05082438287227692
 0.07452756530060574
 0.07604295573951574
 0.2330577793222815
 0.03131158327028771
 0.05456737170915964
 0.07255528236588453
 0.08124674212162013
 0.2408217430140474
 0.03296549865768114
 0.05056903756520951
 0.0691477606302352
 0.08536611122763471
 0.186102639350274
 0.03412909954378082
 0.05334964703551017
 0.07046657023533837
 0.08705546215256506
 0.1851567398764665
 0.03403227687251434
 0.05783018078315969
 0.07953134263693283
 0.09559932326447315
 0.2514448632996951
 0.04029363461846502
 0.05483221577490106
 0.07575744908792624
 0.07994113229530264
 0.179555462988741
 0.03961922993460791
 0.05995935746536169
 0.07192759891746001
 0.08538043442496696
 0.2031928686741494
 0.03689193300844438
 0.05236256715309513
 0.07512005779096564
 0.0886338452019052
 0.214406350050137
 0.03821288558122318
 0.05948419795465336
 0.08324499659018826
 0.09330664312599179
 0.2396552766353574
 0.04200103213369427
 0.0639620708413097
 0.08373283019395145
 0.09827512218244847
 0.2554814818128128
 0.03791965250419391
 0.06016506882398712
 0.08062742308872878
 0.09039578833911233
 0.2146365501869918
 0.04142780825985857
 0.06143053650180517
 0.08006991964612933
 0.09054287954869783
 0.2508617729930536
 0.04060963153039016
 0.06120073716222789
 0.0826565733382683
 0.08940621161965741
 0.2281643549054068
 0.04270046651764141
 0.06240213907669206
 0.07829059055390776
 0.09159290022392526
 0.2103782940334367
 0.04118596599111405
 0.06620495833932194
 0.07686773337235563
 0.08755811866191712
 0.1919490908912869
 0.04511808224422111
 0.06067750638155849
 0.07654815711744456
 0.08405046831441437
 0.1695064872462443
 0.0450905317629737
 0.05901184073597313
 0.07121339402597783
 0.1014124346470116
 0.1979966054916463
 0.04792299790202273
 0.05892874836700439
 0.07586226628096875
 0.08947338441076923
 0.1879926543223626
 0.04344059120547633
 0.06079896686356617
 0.08355161846059421
 0.08800522627740054
 0.1983526712608535
 0.04026992874264793
 0.06618128141930593
 0.06919970884357882
 0.07367130042552814
 0.2018522839827588
 0.04186601300041837
 0.06066642409597744
 0.07063506083406283
 0.08259633473329885
 0.1929067247694685
 0.03950317868730358
 0.05557400327441372
 0.0718768480217245
 0.07654232045393855
 0.1875358045350085
 0.03947229575672301
 0.05208787318955633
 0.06678018911620592
 0.0703899427439149
 0.1699905478065631
 0.0398242386636431
 0.05810729175711009
 0.07228625649327497
 0.07863503247323959
 0.1595303089374442
 0.04290263824377867
 0.0556211888306555
 0.06561103189198204
 0.0636991578674093
 0.1931478071357635
 0.04058221903244643
 0.05777736147741371
 0.06428866217449757
 0.08157394922683879
 0.189124250491811
 0.04386183961033491
 0.06549642007246555
 0.07164552263833787
 0.08043391682033954
 0.1624433184214574
 0.04183438274139876
 0.06152121377860673
 0.07248829555487404
 0.09240107858496603
 0.1877461010006588
 0.04944270913950373
 0.07726279581887625
 0.08979645756092641
 0.09188708152538927
 0.1780789067158285
 0.0494324163976951
 0.07541451104818556
 0.08501076779468407
 0.09875351664005563
 0.2280173440752479
 0.05128616612321196
 0.0667988325458697
 0.07520072236213618
 0.08582062620779261
 0.2431249598923556
 0.05465117008132148
 0.08539985555938788
 0.09385928873724408
 0.1158520717499814
 0.196737665124729
 0.06036893103973982
 0.08915115629508842
 0.1001884044068515
 0.1201443506430071
 0.1890610775641029
 0.06329036539336308
 0.08934995759950201
 0.09815970005618273
 0.1291194596188117
 0.1937396916127299
 0.06277513935876901


