# Created by Octave 4.0.0, Sat Feb 26 15:13:25 2022 EET <li9i@spell>
# name: mean_trajectory_errors_amcl_i
# type: matrix
# rows: 374
# columns: 1
 0.1035123386644708
 0.01293784905718583
 0.009497240893365545
 0.02563030048094244
 0.07533500111507432
 0.01880055427428529
 0.02172352025294396
 0.009446450057588042
 0.0137554722782494
 0.09909618763932393
 0.02671525794910587
 0.02339500498739989
 0.03041565520559151
 0.01520803721921511
 0.1100315335101852
 0.01571771743461144
 0.02438934373940924
 0.02291703381762466
 0.02140520346277169
 0.1464023321921948
 0.01150108381037669
 0.01400344470434846
 0.02143469422097395
 0.01332335034717276
 0.1362324359906529
 0.01570473157995469
 0.0151058269952356
 0.0254338085907338
 0.01511751827688528
 0.09281530997838315
 0.02476099883996836
 0.01853698723078494
 0.01615233368086477
 0.01633272696913102
 0.07948849257272464
 0.01721100718863776
 0.01904094971636715
 0.02102762905518448
 0.02402733538540373
 0.08483465475957612
 0.01689934749396336
 0.02284054815330858
 0.01453789235579344
 0.0140491239729645
 0.1108588496502457
 0.02699895391730619
 0.021104430943232
 0.02642588889537422
 0.02348026450976061
 0.1123780158814329
 0.02023767022739514
 0.0187913549668937
 0.02318093014440904
 0.0214525775519927
 0.1168500241867451
 0.02045921881167915
 0.02522723144265197
 0.01874076396979218
 0.02470635490007622
 0.1119980881633927
 0.02274788871107061
 0.01836029966160688
 0.01819076252424846
 0.021478820076902
 0.1006548590586485
 0.0193369215432779
 0.02310952516065405
 0.02295012249120008
 0.01703674017978704
 0.09947314392384293
 0.03113573793100271
 0.02439467276054942
 0.02260882502504862
 0.01903064944028407
 0.08993801730104672
 0.01647258034838713
 0.01745304665060173
 0.0196371624321584
 0.01192816251265266
 0.1115344680010885
 0.01569973952440161
 0.01526979607461512
 0.01457575583828826
 0.01779438228462658
 0.1162872076359199
 0.03797048908550838
 0.04794260323073782
 0.04050815793761028
 0.04625392194197636
 0.1200505145432377
 0.01680300992130285
 0.02854638683856459
 0.01270919401379283
 0.01557522248996787
 0.08670746028678727
 0.01282651680770423
 0.02269396684414364
 0.01587225245560856
 0.01827337017828397
 0.09095781051181338
 0.01599420953554464
 0.0140834124991358
 0.01896768830493215
 0.01077379888813144
 0.1064095082055772
 0.01608033999508947
 0.01138935746450528
 0.01722154493922171
 0.01560857417692314
 0.08068171985815419
 0.01335585436124114
 0.01470950839337336
 0.01353434347268271
 0.01332640692667075
 0.09598931426362935
 0.01817972111821099
 0.01694555411171814
 0.01540125233429192
 0.01271007760600688
 0.0779185636872512
 0.01634140735747444
 0.01969933252849161
 0.01880093958229932
 0.01848796816729888
 0.1019042511815774
 0.01714580098080333
 0.02202871654503585
 0.0209786740734964
 0.01872736391619965
 0.09690531403823688
 0.02426655491750147
 0.02118947543842185
 0.0233343209818358
 0.01840171783196664
 0.08726024133339522
 0.02480007329183822
 0.02867103878381349
 0.03130139379751357
 0.02300546690397649
 0.1007893034002971
 0.02507436290584965
 0.02550572224233113
 0.02902145168029194
 0.02348111745064014
 0.09182201262925967
 0.02485737276385282
 0.02354974547290942
 0.02079327579058522
 0.02426585872452989
 0.08168396196565032
 0.02747875049355857
 0.02268324367542928
 0.02604455350773278
 0.02493946280987212
 0.09247199137948693
 0.03184110781734348
 0.02436015194300712
 0.02662426956393455
 0.02421472436758297
 0.08217108195048935
 0.02964019650542407
 0.02651301313342147
 0.0252822785828609
 0.02078009557687765
 0.08040075118514206
 0.0252186370867748
 0.02343783766687978
 0.02372557859754369
 0.02508027558566049
 0.07937337309694723
 0.02383042283676022
 0.02317381686706359
 0.02612292262134083
 0.02189170772658839
 0.09812914493236635
 0.02527775576799161
 0.02129291465955615
 0.02671971411430889
 0.02891084052455502
 0.08609661390849849
 0.02304268528665289
 0.02334127365137086
 0.02068730243333261
 0.02193760317533357
 0.07317448684256944
 0.02195443033423198
 0.02415822810896515
 0.01946160389482348
 0.02220681227149906
 0.1023523868496407
 0.02060034367874153
 0.02217917457930786
 0.02448392098685831
 0.02067261930993807
 0.0934574052653941
 0.02338803321674745
 0.02064376329030499
 0.01990050845165168
 0.02045200997852925
 0.1019818567201652
 0.02399592845994452
 0.02029568616904011
 0.02051805143429044
 0.02350074563968974
 0.07273458506061478
 0.02554779037361365
 0.0252443337988802
 0.02307823439217851
 0.02611820478597063
 0.08924427958026301
 0.02651810334309824
 0.02384287936224743
 0.02610414640187805
 0.02751180896551871
 0.0908835072529158
 0.02869869403817216
 0.02731471768036257
 0.02751221576705448
 0.02805703237092929
 0.07305934834978972
 0.03146056657329201
 0.03496510193841509
 0.03549963363095879
 0.04299876457449879
 0.1070594155086304
 0.03277171613660675
 0.03220139720504718
 0.03270345630809264
 0.03321241672288824
 0.1006426444236061
 0.03829126070125397
 0.0344030727235142
 0.03339826455622207
 0.03673270466842691
 0.09465542919853379
 0.03447093293303031
 0.03614598300269063
 0.03606468581362807
 0.03523776575004705
 0.08358484653926211
 0.03614087910050266
 0.03598846162044234
 0.03516864330276707
 0.03768228414475024
 0.09727057952304648
 0.03469953938699642
 0.0355080290900294
 0.03475674179921161
 0.0348322676049669
 0.09485815622991911
 0.03738517060149034
 0.036674332701716
 0.03632667870245162
 0.03613344762777898
 0.09124321035362792
 0.03611667381126862
 0.0349664155322847
 0.03565950277607937
 0.03772316534913416
 0.09853320980700808
 0.03522521325204178
 0.03679606197359767
 0.0369267383542154
 0.03759587183129443
 0.08932362503394449
 0.03721526167704525
 0.03948363150623604
 0.03804490249341304
 0.03847343314852153
 0.09147516245919515
 0.03693977345870533
 0.03794662144644462
 0.03888641449771355
 0.04225120807002819
 0.08506764903453239
 0.0418536330723581
 0.04065259329497777
 0.04105824439668566
 0.04247210844706609
 0.09762489398193448
 0.04231632269446778
 0.04350233533829091
 0.04325017873273671
 0.0426877152312516
 0.09507017662669144
 0.04461758646336626
 0.04349497968002394
 0.04322511583164206
 0.04376324576857407
 0.08646190546930016
 0.04178514840287974
 0.04454352280969297
 0.04430031606041199
 0.04105160149321052
 0.1107435024371747
 0.04546598408273551
 0.0409414803058764
 0.04011424935342014
 0.03808037493573506
 0.1145204020772788
 0.04556954167226704
 0.03782225194165108
 0.03894175625075578
 0.03730640331501087
 0.09503927794470812
 0.04004770214318864
 0.03924425674838004
 0.03594203712500747
 0.03527269406464436
 0.08173065219331237
 0.03672024167876584
 0.03680436946764203
 0.03618493318990516
 0.03578812861526579
 0.1098289360526779
 0.03816027174462939
 0.03827489042700159
 0.03857061868024583
 0.03885057890507004
 0.09284305248385312
 0.03836166378402305
 0.03963923179114587
 0.04008033871877927
 0.04021739338125679
 0.08877997707672165
 0.04102454292350605
 0.04115996181393924
 0.04058898571366048
 0.04231317545467754
 0.09094375809462422
 0.04215707998619161
 0.04258258639980742
 0.04326553031434248
 0.04550276950556507
 0.1156099193671064
 0.04592141371384661
 0.04498515188796651
 0.04332359057206343
 0.04610129894781394
 0.1117546947884414
 0.05406004276172467
 0.04827430492539841
 0.05797276806489091
 0.04757472203161987
 0.1101339404039817
 0.05488843357173116
 0.04777350503302414
 0.05318411560007517
 0.05188527956727764
 0.1064545496347135
 0.05338239616227163
 0.05895772453523263
 0.05563456860412466
 0.05949788384858187
 0.1377953808774026
 0.06410987147784895
 0.05585694116579997
 0.05251024903179828
 0.06222991201561109
 0.1207311636984975
 0.1085541596145021
 0.05778489853254733
 0.0527695516710216
 0.05026008758965311
 0.1202414235928428
 0.05274336182096832
 0.04924553774886273
 0.05465540793952669
 0.0528254882462403
 0.08908791716426986
 0.05954292671256685
 0.05302796518429675
 0.05511361705841776
 0.05459564404400321


