# Created by Octave 4.0.0, Sat Feb 26 15:14:38 2022 EET <li9i@spell>
# name: mean_trajectory_errors_amcl_i
# type: matrix
# rows: 367
# columns: 1
 0.05085606375767443
 0.0366031808486323
 0.02549317454621223
 0.02446400559734249
 0.04051723404585068
 0.09231215718558131
 0.07017125858925782
 0.03622767592870615
 0.03243221302706465
 0.05971590319891609
 0.05910644030347711
 0.06214064777612175
 0.05883994235788793
 0.05514914463777064
 0.0651594210815023
 0.06988464223294726
 0.06987941684837237
 0.08475933461837391
 0.08913699952135995
 0.09188228989448119
 0.08071432884303377
 0.07464794220258533
 0.08549353241770068
 0.09027656527495255
 0.1137722406968061
 0.08197142047076275
 0.06655344157301801
 0.06605860506871016
 0.0568544588838809
 0.08934011105387046
 0.0652496570311355
 0.04855942355304033
 0.04646631176250039
 0.04869023373229262
 0.08312098940472736
 0.04456704741448229
 0.03955165828450291
 0.0459127016404032
 0.03842437826845096
 0.06360180804539463
 0.03747641698756468
 0.03138665160575253
 0.03866102988605027
 0.03842971089825513
 0.05519931905161644
 0.03730287040041127
 0.03450111530544527
 0.0315881304219027
 0.03668454526497803
 0.0453810875908346
 0.02825136400589483
 0.02712994302335757
 0.02905602024502659
 0.03112359849520834
 0.04046397811303654
 0.02766439838407076
 0.02701374106823784
 0.02790753007042855
 0.02781507059207885
 0.0454405586514241
 0.02914599168239978
 0.03171335469738189
 0.0380105072644259
 0.04140159291493961
 0.05214866803199793
 0.02610631380363936
 0.03592860798771581
 0.0416953417448055
 0.04017314883985329
 0.0600309041693332
 0.02916653231872021
 0.03540252241894268
 0.04322698758306918
 0.04234780577603593
 0.05260352533572513
 0.03079478843658056
 0.04304155311322848
 0.04587178572762134
 0.05700935218829855
 0.0609976989491486
 0.04605396211118636
 0.05700596220034392
 0.0628406214243683
 0.06796205423272524
 0.07587781943199183
 0.04268747609450949
 0.05511917664815643
 0.07068932708855011
 0.07522503449739959
 0.08787081410180204
 0.05407795750006412
 0.06659461016463011
 0.06662060671491432
 0.07065451439247122
 0.08700822786190363
 0.03924960034857269
 0.04279451491712889
 0.04820257573251528
 0.04306106973182449
 0.06865351009666676
 0.03098160184503539
 0.04458039978738469
 0.04542902084791709
 0.04581170306816523
 0.06006339960080832
 0.02354478055138289
 0.03568327176756435
 0.02948354518298513
 0.03171970650061052
 0.05608453088499303
 0.01917099915604451
 0.02573316409969269
 0.02915809288435173
 0.03091051101296922
 0.04816838818368339
 0.02015421139000231
 0.02469768808754379
 0.02594016765720988
 0.02397206954222201
 0.03724249838436954
 0.01938734369366687
 0.02481084951813963
 0.02651234519308657
 0.02720898098953472
 0.04315816425544759
 0.02070419377949809
 0.02755220998126479
 0.02764954183016201
 0.03175464513463166
 0.05461396099792069
 0.02362295593024555
 0.03306558966957612
 0.03718086022341321
 0.03606879759002597
 0.06932844704478393
 0.02811352231797017
 0.0386718472315254
 0.03825713411371104
 0.03968693738875807
 0.06410175776830265
 0.03325801766543332
 0.03412443948917017
 0.03875220962483819
 0.05025609193426604
 0.06189398503501955
 0.03437100241969922
 0.03937446571396152
 0.04329111806869229
 0.04769843144486889
 0.06973109589195307
 0.03367821656567858
 0.03945445888431982
 0.04661864519338461
 0.05087628081021798
 0.06937275109216338
 0.03378787616647824
 0.03984287615476047
 0.03844785379106207
 0.03879421139640617
 0.05308409680552394
 0.03329175900720926
 0.03737806354075553
 0.03910238694082617
 0.04349762731366966
 0.06510684280757727
 0.03453698385296107
 0.03752057804210036
 0.04493600128194698
 0.04319594696448018
 0.06460908537241469
 0.03056806665031065
 0.03149294963901029
 0.03331198259073256
 0.03370904080466122
 0.05382505732203444
 0.02792119876561069
 0.03105319718571353
 0.02901824824232938
 0.03184986001792612
 0.05210523364744452
 0.02507955309586725
 0.0282300359801451
 0.02681261200113614
 0.02852107507512773
 0.05700087869587448
 0.02233674459796264
 0.02263601757879932
 0.02341849398711125
 0.02408712549711874
 0.04907086072681992
 0.02049195359394453
 0.02145221703223792
 0.02311060257110561
 0.0229868599344604
 0.04467642963383669
 0.01975193099367107
 0.02059749986053616
 0.02253447798209114
 0.02352489935675727
 0.03948741009930926
 0.02041073556740859
 0.02069985778894602
 0.02241291010993699
 0.02430514395227227
 0.04302432366271779
 0.02289624017549908
 0.02410964063331317
 0.02452735170447113
 0.02663806984513264
 0.03676934934801897
 0.02350735581879235
 0.02569698962831921
 0.02805185936178146
 0.04234659913639408
 0.04781671682927953
 0.02765943546559452
 0.02770519945263562
 0.02910006564681175
 0.03235106493879743
 0.0522211630778556
 0.0271596329209805
 0.02905079573467102
 0.02977895324343049
 0.02930697278566883
 0.04246453486561601
 0.02780029261020494
 0.02853184211129911
 0.02928435110214508
 0.03228473449062822
 0.04392471957873806
 0.02848780911958519
 0.03073877662680097
 0.02909586634547531
 0.03341253639557808
 0.0557735679730753
 0.03203633754793088
 0.03338668544352473
 0.03548721717687402
 0.0356793351088535
 0.05864847311452236
 0.03325252605715971
 0.03394626041087001
 0.03444338602531839
 0.03761840854860093
 0.05574992359557525
 0.03653758127626724
 0.03760143412502365
 0.03862530496986501
 0.04281975640256697
 0.06674098208346096
 0.0399745236224875
 0.04000843532103259
 0.04400922207225893
 0.04256922669172072
 0.05689483089081085
 0.04147063677491684
 0.04318129564421233
 0.04587753376621176
 0.04758219478229054
 0.05394431372977262
 0.04502333657870386
 0.04677881005678941
 0.04801722557882651
 0.04937111916015246
 0.06320222591887471
 0.04623051733550852
 0.04784821872126211
 0.04836573282261401
 0.04807797745564862
 0.05586944880824873
 0.04636187117067309
 0.04559722393345208
 0.04674210492503757
 0.04690586928227711
 0.0556809423648953
 0.04558768132622047
 0.0462282887179645
 0.04383282394666877
 0.04454914561386489
 0.05655565891078308
 0.04225477876829162
 0.04049154779855683
 0.04194315611453227
 0.04295832166296155
 0.05420334032129667
 0.04206503210344206
 0.04001179999537811
 0.03871099989766682
 0.04051228286223321
 0.04500619223680256
 0.04466553067123998
 0.03949192629595798
 0.03717982621595425
 0.03775780310149759
 0.04072660322845167
 0.04294387945564844
 0.04032842414812104
 0.03703829397257145
 0.039436275925886
 0.03798059236262476
 0.04040125853391561
 0.04062303400077627
 0.03937440575376019
 0.0419317342960155
 0.04714421972988057
 0.04052786668253592
 0.04154441686287346
 0.04329270170193854
 0.04590576252114281
 0.04880989778520231
 0.03982009715481775
 0.0423762184038976
 0.03592525395196029
 0.03602299744641598
 0.0438456513433841
 0.04121562534997941
 0.04355992459248854
 0.0447953812870249
 0.04117997772906312
 0.04517290001383838
 0.04650636660349671
 0.04608953486744691
 0.04585651310134506
 0.0448026513441938
 0.04579736876270964
 0.04784735343681142
 0.04490292105550885
 0.04534174517579203
 0.05698626655836603
 0.04909378147449092
 0.05360943901604272
 0.05365924764960051
 0.04922393584473992
 0.0512209509112758
 0.05601459759028276
 0.05869120085407108
 0.05580291921214961
 0.05510588869327575
 0.05719527525888788
 0.05401040324216206
 0.07128914627704601
 0.07158347244674575
 0.07269505706860258
 0.07647777923171586
 0.07996684966298744
 0.07633682368432435
 0.07412257857178646
 0.07806925163985388
 0.07462433817968496
 0.1024560228669469
 0.07546779435993682
 0.07383242639335479
 0.07385916517064571
 0.06836246524996044
 0.08883980721201859
 0.06146155611009558
 0.06096814419552883
 0.06293190345826924
 0.06638401977158638
 0.06846810530722384
 0.05871500676968194
 0.05830709514952195
 0.06000385668781094
 0.05807853602134628
 0.05905141958855856
 0.05396683465778722
 0.05794336719725075


