# Created by Octave 4.0.0, Sat Feb 26 15:05:00 2022 EET <li9i@spell>
# name: mean_trajectory_errors_amcl_i
# type: matrix
# rows: 1874
# columns: 1
 0.0563864337615873
 0.04846867546832435
 0.05171924182671516
 0.02530025032941724
 0.01725857426108934
 0.03342694802166758
 0.03456141057314673
 0.03096057803225277
 0.01730055716818788
 0.0187604375849081
 0.01601810950346862
 0.01764475918463783
 0.01007979840592698
 0.01065167867798117
 0.02589369885134967
 0.01524635037344611
 0.01731883852265985
 0.01340577087796775
 0.01344235353237581
 0.02264581800851974
 0.01070605489649228
 0.009678379784790027
 0.01784749356359555
 0.01317273754789497
 0.01282477597580554
 0.01687613436680791
 0.01039838687323921
 0.01143760403757707
 0.01353111080387411
 0.01223211287201841
 0.01962480470774687
 0.007553267715164552
 0.01053600582417374
 0.01588514840359782
 0.01258227941251865
 0.006329033318856313
 0.01042244462129298
 0.009597665759427278
 0.01695592196489376
 0.009623476504603211
 0.008524938178948158
 0.01256493263509301
 0.009924051483914504
 0.01350346955236689
 0.01657655668567603
 0.01537335385467529
 0.01432132745230259
 0.01626354254810543
 0.01186596212907179
 0.01337075539651559
 0.011712255701542
 0.009640498778596214
 0.01770111762046446
 0.01028995659937315
 0.009334423157421487
 0.01183101744016174
 0.01440576505606146
 0.01107936588235039
 0.01263770959173193
 0.01394016196666704
 0.01295457763676224
 0.01127361316932022
 0.01129045992878525
 0.01458674262496008
 0.01122664732368575
 0.01458876245235953
 0.01319017520490641
 0.0130085448659442
 0.01441747217975917
 0.01317667422110872
 0.01432191582129372
 0.01415431843806155
 0.01589987809261105
 0.01624067700773273
 0.01455015291230824
 0.01346190447803945
 0.0138755699439232
 0.01542908234300676
 0.01315919384270637
 0.0183569823129708
 0.0141797891518392
 0.01560814856959341
 0.01537156697980934
 0.01471455877727489
 0.01534722982249127
 0.01849169669163799
 0.01848257709061214
 0.01884701934268644
 0.01639429171706708
 0.0201483955975037
 0.01699067042079869
 0.0167436688792182
 0.01515139850154159
 0.01626527660167243
 0.01649303942764935
 0.01688062907508073
 0.01250806275695465
 0.0143555181366473
 0.01288891663984884
 0.01484420745660527
 0.01147037235554355
 0.01076046356083759
 0.01021585118806487
 0.01131638096807292
 0.009783745908505505
 0.01019930066450823
 0.008863898194765223
 0.008836356865694665
 0.009734184985086776
 0.008386582344089649
 0.009882434689438035
 0.01061884619478663
 0.01416026462432908
 0.01393370923143241
 0.01470620699708266
 0.01244451612319196
 0.01527395806720013
 0.01470019727243679
 0.0116204326704943
 0.01162017238468938
 0.01142682574060975
 0.01154936779746454
 0.01270412975844869
 0.01273748464565312
 0.0134667386584924
 0.01470257181144066
 0.0163735372482664
 0.0143873376485401
 0.01337942591819124
 0.01580809207165146
 0.01371054154343188
 0.0117161441863741
 0.01037160583222887
 0.01246804865656136
 0.0115697237480168
 0.01042856283032391
 0.009956686611583509
 0.009290233506567915
 0.00975575509992048
 0.008549990388694959
 0.0101820665311257
 0.009065874916213728
 0.01168960778824608
 0.01123500957643551
 0.02013988971512542
 0.01837173569211355
 0.03645070474911177
 0.0377665416112871
 0.01121312603230159
 0.01660988950588962
 0.02137799335654221
 0.04121860326028269
 0.03094020979672308
 0.009838053895113982
 0.01023416387092525
 0.008791330906711766
 0.009510638154204887
 0.01240684046421136
 0.01210799345456832
 0.01448587033516337
 0.01134456024188087
 0.01290462149452424
 0.01730212787969668
 0.01599683820655606
 0.01818660863412323
 0.015784536829297
 0.009212533045199967
 0.009597161559494805
 0.008401498656107976
 0.007615331734102037
 0.009064189322698405
 0.008079371352239531
 0.04007025521960227
 0.0344018004382936
 0.01670771354021283
 0.00962751615693342
 0.009846116831366119
 0.009589930284805051
 0.01223573002937078
 0.01083756523855633
 0.009045864018714506
 0.009560326898662087
 0.009456340824964923
 0.008846054409187553
 0.008780209897131054
 0.009968596872225913
 0.01033085660355031
 0.01074143939084333
 0.009854394880750359
 0.01138477476724438
 0.01082910699146171
 0.01160792435645744
 0.01148199796484144
 0.01135258635230329
 0.01020680416363139
 0.01081494093742136
 0.0128191431048796
 0.01338350358564396
 0.009735206620442017
 0.01214232633004829
 0.01189327630347674
 0.0134234403814951
 0.01320892222890477
 0.01347093895042013
 0.01485038165039471
 0.01315516949806958
 0.01253825358629274
 0.01216961407987495
 0.01204993075167629
 0.01135013862279149
 0.01059791251845136
 0.01046856538537127
 0.01095399496802833
 0.009179249580213617
 0.01075345509710708
 0.01087661189617783
 0.01149748923502656
 0.01068939671355829
 0.01207853783412739
 0.009979528088414564
 0.01226664928752222
 0.01209134837110194
 0.01228281173922607
 0.01177911745242389
 0.01288294850553747
 0.01217427823294542
 0.01278922624272846
 0.01228015233488744
 0.01444876052126122
 0.01341259284014157
 0.01372519213121974
 0.01127268658750857
 0.01531003080634857
 0.0134649208188765
 0.0134145829564191
 0.01397949577417364
 0.01364150479329755
 0.0118645577762758
 0.01314626006702884
 0.01293768065857443
 0.01371357463570839
 0.0135062411218035
 0.01413736897849435
 0.0165197459308133
 0.01539376107085997
 0.01366137253139919
 0.01317672765533433
 0.01578389196782658
 0.01233072050495479
 0.01368411738894342
 0.01445429203496654
 0.01289163286086896
 0.0137391607939064
 0.01238635755201296
 0.01263826355597828
 0.01389953161392868
 0.01507784788937802
 0.01729166775811981
 0.01964560269401998
 0.02019344033233826
 0.01426972157113006
 0.01865992714813605
 0.01469093578832469
 0.01469695768694
 0.01396180658704639
 0.01378708793832275
 0.01388059774177416
 0.01361440370843025
 0.01263362293550191
 0.01405846012859098
 0.01568382950555169
 0.01340092031545342
 0.01472897420424404
 0.01311620758071658
 0.01341267639898243
 0.01592595962755176
 0.01387362030294483
 0.01387663592427597
 0.01509738326501846
 0.01578088079865115
 0.01712904566082869
 0.015609082833867
 0.01607822875166903
 0.01694561498804495
 0.01706734412716244
 0.01781666515000925
 0.01732109448882086
 0.01849283251663393
 0.01729816102934977
 0.01717983038956202
 0.01816988746449323
 0.01815612928183385
 0.02098083436022588
 0.01896087074281228
 0.01992301775338867
 0.01929143950311273
 0.02082473747391215
 0.01903518682074597
 0.01984244590682337
 0.01953275210069987
 0.0215405361364263
 0.01960893577848453
 0.02042953017382714
 0.01961247476831966
 0.0208240146680044
 0.02184802411419404
 0.02208179451814761
 0.01925976951852419
 0.01839445642463037
 0.01883572139797499
 0.01811527338279251
 0.01970966565185715
 0.02114231493135438
 0.02160458218367664
 0.01794354431595287
 0.02022124540707166
 0.02045952248883744
 0.0190929871951809
 0.01838923889500776
 0.01984019832277786
 0.02000073218505799
 0.02103865652457564
 0.01996175453954946
 0.01767289276546737
 0.01965391162282815
 0.0215253067439268
 0.02005463053520689
 0.01995504163599289
 0.01733740602355179
 0.02047575657223191
 0.01993806886000703
 0.01974850866295033
 0.01874799155775755
 0.01935118649997941
 0.01975924609529182
 0.01978222157076084
 0.0193567106277317
 0.01767531192194204
 0.01962466999214553
 0.01698537618494376
 0.01985715534831611
 0.02049133577843036
 0.02029041385172483
 0.0179745610039933
 0.01958666416460461
 0.01936925808182609
 0.0178533152419915
 0.01775450674935418
 0.01901249082709509
 0.02042163066071138
 0.01835620903954886
 0.01893074566737978
 0.0201233054469108
 0.01652649229615352
 0.01837223886906423
 0.01924934553980674
 0.02073822649882096
 0.01701887905689676
 0.01997544014852103
 0.01684821273842468
 0.02030709966845642
 0.01751273556716208
 0.01851504071578201
 0.01876474448413523
 0.01746759703864244
 0.01986996972642898
 0.01861754325389896
 0.01926309781365496
 0.02152904049837561
 0.01894509334022172
 0.01830106914745021
 0.0192370083747504
 0.01935974621092994
 0.01808374062709749
