# Created by Octave 4.0.0, Sat Feb 26 15:14:20 2022 EET <li9i@spell>
# name: mean_trajectory_errors_dft_i
# type: matrix
# rows: 360
# columns: 1
 0.005023728855932307
 0.01108922129335218
 0.01245985542542252
 0.01140746389457423
 0.01119395118109572
 0.0137358413618913
 0.0146679389583267
 0.01452516431671075
 0.01560593355398342
 0.0158349161934729
 0.01867522689093924
 0.01707610646977599
 0.01478001174147565
 0.01591224327684294
 0.01993705930328447
 0.01879150389643883
 0.01566801341151972
 0.01057248373170504
 0.009770124112473357
 0.0103423804170673
 0.009347521545471183
 0.02450339193297611
 0.02434455434320375
 0.03713405141772987
 0.01711056102893535
 0.0149305756961214
 0.01431450106230479
 0.01279982107418366
 0.05106144703017508
 0.01275437597061799
 0.0156973334749135
 0.01690137999969809
 0.01565410755885607
 0.01679422192310289
 0.01799739497533245
 0.01555739512797999
 0.01577117354743778
 0.021015949979759
 0.01941842879860983
 0.01996635357282786
 0.01823506982718351
 0.01841487454635365
 0.0199582708436266
 0.02247272929791648
 0.02046672367651095
 0.02181384055933582
 0.02290322793497043
 0.02432944417072939
 0.02348321662164462
 0.02496919639392963
 0.0256205798895687
 0.02579493761152675
 0.02596962392199256
 0.02628063163125082
 0.02584766695669532
 0.02567922203069025
 0.027329223391316
 0.02596936884230357
 0.02812025450698988
 0.02415689704423116
 0.02711073287258926
 0.02603295939358389
 0.02149809468172059
 0.02515781097840564
 0.02339468091444051
 0.02162828973773526
 0.02106080323674948
 0.01971108415808149
 0.02671798226245796
 0.02662035053926842
 0.02699060818519644
 0.02408752926845418
 0.01468789374958109
 0.01581473431280652
 0.01366858324284518
 0.0119937116065164
 0.01175457844652795
 0.009431338840426058
 0.0108378335318832
 0.009810556317884842
 0.01457072971717196
 0.01131060860243094
 0.01480754040886921
 0.02713456163690012
 0.02643220318682155
 0.05542533701750457
 0.05707006674218798
 0.06944087092090939
 0.06644907454327899
 0.05549302852502373
 0.03325780741742271
 0.01861336807875391
 0.01793260192011191
 0.0108477193403179
 0.01424291896989766
 0.01970492750649687
 0.03750115896910346
 0.05744739925239784
 0.0398305217542503
 0.01929263298120192
 0.01323609404387448
 0.007908636782565332
 0.007487031199751836
 0.007489875881483652
 0.00888613447803218
 0.008527969800610956
 0.008718016068154451
 0.008638075176430138
 0.009334925512953091
 0.009290277956691783
 0.009168283860093922
 0.009776308033756811
 0.009249034467371343
 0.01060678131315933
 0.009667349357838506
 0.01112616006903526
 0.01124491879614283
 0.01121124499437981
 0.01123417763313696
 0.01171683859659828
 0.0119734068594203
 0.01181590117623783
 0.01231033053624574
 0.01238450793467437
 0.0129965882030464
 0.01349979528573725
 0.01369932680721457
 0.01406808009117825
 0.01500649994663398
 0.01466509217154178
 0.01531151646675987
 0.01578444612941307
 0.01574580911441022
 0.01555294089837862
 0.01574884374598663
 0.01570682531777669
 0.0162408039442087
 0.01633283889231208
 0.01641149022671832
 0.01681022553203375
 0.01635187559738893
 0.01653391718293821
 0.01739302928150573
 0.01684088485788275
 0.01634978485760855
 0.01718001072078261
 0.01807557459355827
 0.01837392733307314
 0.01848711087282918
 0.01845746915345781
 0.02109709928535775
 0.02224707155507384
 0.02267601211232649
 0.022429967708965
 0.02435963465924591
 0.0241184420284244
 0.02457193948152041
 0.02482585099391135
 0.02267095874025566
 0.02137142077237033
 0.02362521435372909
 0.02164634888236047
 0.02144293392655255
 0.02081031886977369
 0.02037553323622925
 0.02027003637532532
 0.02009539118096747
 0.0194642252481675
 0.01973357263916046
 0.01936762857513752
 0.01952466490378984
 0.01929578696375013
 0.01995501937247865
 0.0199743891737074
 0.02066374825803652
 0.02578090200520399
 0.02854278562531496
 0.02641676735921941
 0.02061572000389588
 0.01949005351451909
 0.01908185466565602
 0.0198007589866797
 0.01889917337078252
 0.01852767340922444
 0.01846338989191144
 0.01817355897450632
 0.01772587406323372
 0.017458553324233
 0.01693139443760878
 0.01696730541608389
 0.01700500094121292
 0.01638167239346966
 0.01598160706536656
 0.01640361489827612
 0.0160398337141422
 0.01676908275041229
 0.01743186628401546
 0.01606182878960474
 0.01713167224760256
 0.01606126307845259
 0.01662240289794014
 0.0173595420249653
 0.01815554593817037
 0.01932736141962004
 0.01974551215825422
 0.02004303884111372
 0.02026131827682436
 0.0209097136347728
 0.0214250144078752
 0.02224212559375236
 0.02305568102810905
 0.02348056071275895
 0.02432545145221242
 0.02483797197429363
 0.02573687667153183
 0.02853845508162808
 0.02653366165335562
 0.02769019565539304
 0.02937091902291857
 0.04199819765144934
 0.04555972691699592
 0.03300343878582564
 0.03452945988819007
 0.04346963617679027
 0.03694423304507782
 0.03783415741792143
 0.03138551910562863
 0.03144374222143363
 0.03256453964564563
 0.03485939950734125
 0.03259757588227483
 0.03154825992533347
 0.03396435318431754
 0.03429389956354325
 0.03248269634764448
 0.03895239767748166
 0.03657664211434033
 0.03247658310301341
 0.03259484184647109
 0.03280731011856105
 0.03311337693664771
 0.03227435204962947
 0.03218124129973142
 0.03208482515497128
 0.03201434660347993
 0.03228390229592038
 0.0329968715818685
 0.03346152942005969
 0.03335643034014422
 0.03380145124837258
 0.03389312948765524
 0.03454010678710086
 0.03381094795045523
 0.03259827532714778
 0.03011365742449034
 0.03272007524758223
 0.03423917796248448
 0.03484621385615065
 0.03473955971489677
 0.03632080367609807
 0.03599960504980435
 0.0353733431205103
 0.03596800087754649
 0.03585348701421755
 0.03642676849788031
 0.0366501495429405
 0.0363558336712714
 0.03696472323357464
 0.03685528981775562
 0.03637754237610037
 0.0368976451127051
 0.0374274462793791
 0.0375658777005133
 0.03823063365890726
 0.03867309416264954
 0.03938508099880714
 0.03949751048148942
 0.04052183189665344
 0.0402107335483764
 0.04142227719959658
 0.04137410975084713
 0.04084712721226464
 0.04196252187605015
 0.04441762591052487
 0.04302274761954544
 0.04203802441275895
 0.04246443865138084
 0.04161030238805433
 0.04152467959423864
 0.04187020893122197
 0.04151720293612012
 0.0405295673973341
 0.03714649190772451
 0.03903580853404166
 0.03874536792087249
 0.1083671158476847
 0.03796954987946907
 0.07704344734080724
 0.1498268827497091
 0.0415469535567073
 0.03931980024903055
 0.04478603746986701
 0.04433457149192222
 0.04728782838016451
 0.04605982640337961
 0.03641802451615792
 0.03615712110315098
 0.03576766024342665
 0.03664635414912184
 0.0363320857055521
 0.03641080534899196
 0.03601362143217284
 0.03643262560808377
 0.03656629583125392
 0.03613192688664515
 0.03663756381991647
 0.03696185508764162
 0.03738139910383318
 0.03817182133117759
 0.0379833436550141
 0.03829098298414903
 0.0386206312138299
 0.03920495909362683
 0.03986104144624968
 0.04072662019512227
 0.04086999997201301
 0.04165163183298952
 0.0416760803515396
 0.04225117309663163
 0.041940326542551
 0.04221204865097791
 0.04260995944223418
 0.04350075457585806
 0.04429501765492402
 0.0448191348263331
 0.04535733230718877
 0.0528681793786287
 0.05708840452564005
 0.05776622890028202
 0.05104896437754555
 0.04476253148801791
 0.04520064404883484
 0.0991480019436107
 0.05248746262229343
 0.04680389268087867
 0.04237331307437335
 0.04822087368575233
 0.05346694224912556
 0.0691285764261752
 0.05771049437524908
 0.07434363693472583
 0.04989796421591196
 0.06571864871515901
 0.1108971952947474
 0.0540190049976943
 0.05681776028580357
 0.05133454121492164
 0.0530988711924446
 0.05186529630624296
 0.05870942003728403


