# Created by Octave 4.0.0, Sat Feb 26 15:12:31 2022 EET <li9i@spell>
# name: mean_trajectory_errors_dft_i
# type: matrix
# rows: 365
# columns: 1
 0.01175928698053971
 0.01563571938887823
 0.01184694087760564
 0.01165351805902646
 0.01254766828366084
 0.01369317102133336
 0.01420868152143283
 0.01604419822013823
 0.01595150651661183
 0.01595773920640405
 0.01789774710108342
 0.01664856331302474
 0.01920230347266684
 0.01972719622877943
 0.02140709736793201
 0.01641614802391603
 0.01690180932496561
 0.01113005618818165
 0.009096207461591959
 0.01011068370626273
 0.01021224206160285
 0.009048611700541324
 0.008042005102132101
 0.007596297947271984
 0.01226972594442794
 0.007202299627261793
 0.007759808270488673
 0.009407718259706271
 0.01060045671760209
 0.01365345485260025
 0.01478869541053454
 0.01573892710428332
 0.01583948175563693
 0.0173728128013304
 0.01687365639920906
 0.01577891828199516
 0.01451203086950026
 0.01665330297966974
 0.01807138768434903
 0.02271466321081777
 0.01916025241796201
 0.01686039833653604
 0.02633116575797453
 0.01882648258549998
 0.01980418442831725
 0.02405961937345793
 0.02357449147789279
 0.02765779680507354
 0.02598417237325855
 0.02645873052245259
 0.02519871291803793
 0.02699887373611929
 0.02424231734888834
 0.02625350248096626
 0.02411758514847497
 0.02335053540393926
 0.02404773218447391
 0.02517131545420394
 0.02430676185387514
 0.02425964625581354
 0.02325694779207468
 0.02620498884099519
 0.02380668617472261
 0.02597720493580181
 0.02285231033458958
 0.02170905373175859
 0.0211212465019203
 0.02041916346702655
 0.01998713299915592
 0.02637472992389815
 0.03097760273545642
 0.02076997679993573
 0.01602675067160042
 0.01308548526181486
 0.01156540457031488
 0.01116008775363468
 0.01042699139099693
 0.009705955894611745
 0.009564469181592879
 0.009524863216534308
 0.01291624094237649
 0.01305579373734096
 0.01495941110444424
 0.02001159636614976
 0.02650077470675701
 0.0377443570562872
 0.0349918113036782
 0.04079284033426919
 0.05049597287288558
 0.03179530874447296
 0.02249124831241144
 0.03800281581821566
 0.01208585561323692
 0.01716598300138515
 0.02008141286954436
 0.01944116088209336
 0.02682177809184175
 0.03659182268769757
 0.05485932217029033
 0.03218384655276381
 0.0177211601125146
 0.007938547630504819
 0.006872305789753408
 0.008161847466786578
 0.008269394194618931
 0.009113221084820938
 0.008726866268546064
 0.008836967047664965
 0.008894025236598076
 0.009047065270515537
 0.009131735664852255
 0.009533739718794535
 0.009858944776348036
 0.01113024797799928
 0.0106064924241951
 0.009937624821035483
 0.01149560746086695
 0.01148620816694202
 0.01098242053415932
 0.01115525620599255
 0.01165255841425468
 0.01162114296940877
 0.01236316229898402
 0.01248857655851827
 0.0130985245185148
 0.01342092237231624
 0.01368663401678736
 0.01397711384789477
 0.01477995903082845
 0.01474485501282807
 0.01507198161275348
 0.01541487993009493
 0.01554640062715848
 0.01549175240312675
 0.01647783697497331
 0.01571890745895448
 0.01563100116371822
 0.01612148558379218
 0.01577140750487162
 0.0164125657540373
 0.01666187291151643
 0.01705229295574621
 0.01628742948397475
 0.01630301797594098
 0.01722054755032823
 0.01744011977524511
 0.01763767637241196
 0.01814242985451158
 0.01821341096097741
 0.01891131489497255
 0.01994886092731704
 0.02262103000813001
 0.02326276371136415
 0.0241822431099462
 0.02500124228977976
 0.02417068084236342
 0.02532243453664011
 0.02713257975452193
 0.02277164774819392
 0.02299400263982937
 0.02203251546583806
 0.0211598461913415
 0.0219123030024004
 0.02062506431714319
 0.02020882007912823
 0.01886687589829662
 0.02078698375577622
 0.02000370876319976
 0.01984148694074181
 0.01977895797893591
 0.01952372993799762
 0.02000646035627201
 0.01984101889125725
 0.01944317285488486
 0.02032025803875852
 0.02438687499268827
 0.02349491370071859
 0.02563871078483653
 0.02254811859566295
 0.01973616914100536
 0.01908154438164576
 0.01886690404498243
 0.0189220707975606
 0.01845058236212252
 0.01829470044145199
 0.01786659907320793
 0.01753912003807246
 0.01748017250954174
 0.01698355929595446
 0.01681611532478098
 0.01674629281232495
 0.01650364983894732
 0.01603710797271155
 0.01635843514667195
 0.0158053958374326
 0.01610646762060583
 0.01581775537364735
 0.01590788603059854
 0.01605879070823205
 0.01636292296222269
 0.01680034804216117
 0.01744026487879616
 0.01779509510864772
 0.01872752492593446
 0.01965437612295995
 0.02024040430632439
 0.02043699760139748
 0.02103141861620482
 0.02156379094801346
 0.02213175666551888
 0.02276940734140842
 0.02345273395819931
 0.02410300345602477
 0.02470086171215192
 0.02556895893767848
 0.02610356955546025
 0.02643644446127794
 0.02763332032434145
 0.0314873432830704
 0.03509459541212907
 0.03675530875513442
 0.03973008064865447
 0.03610385701174416
 0.03589405548192577
 0.04395842477802336
 0.0406330946993631
 0.03425966737535401
 0.03161729525122653
 0.03144078857165111
 0.03245585674485785
 0.033074420042603
 0.03610358761892436
 0.03154752186497947
 0.03323906027390644
 0.03217914493846288
 0.03320356375769855
 0.03209286510765028
 0.03211347665053103
 0.03258124901403737
 0.03278999645054445
 0.03293310839355663
 0.03261317968925066
 0.03318686252824528
 0.03226688674539466
 0.03212797777016524
 0.03317420221263337
 0.03297370400366634
 0.03331913459704292
 0.03321615573456469
 0.03369072769762658
 0.03363233951121247
 0.03391221170500878
 0.03337228318241216
 0.03280258701221062
 0.03203052553424521
 0.03192395694765475
 0.03467642413996194
 0.03466879007998985
 0.03522390859063829
 0.03524332382602246
 0.03578335295703029
 0.03594468303286187
 0.03595811401888276
 0.0364701072534809
 0.03608958225176123
 0.03622190402163328
 0.03611062230871697
 0.03618469525693895
 0.03633432351708822
 0.03631120402234048
 0.03693983284043061
 0.03732913433472198
 0.0376349575929148
 0.03851452759453602
 0.03894630353339582
 0.03964784857999003
 0.03977107596355081
 0.04022715210020202
 0.04023653477185775
 0.04058941380903938
 0.04178236954791448
 0.04181100169663843
 0.04237909231065767
 0.04227703273253373
 0.04217304327611195
 0.04187543903152086
 0.04144856313810417
 0.04141255683034803
 0.04125307104924702
 0.04127793807803195
 0.04075377467673361
 0.04056967092504347
 0.03950711634777668
 0.03825729579191919
 0.04014006740208943
 0.03924637455536115
 0.03663585582764738
 0.03871739075127934
 0.04000318940235161
 0.0427201434981366
 0.03929532570271659
 0.03628710387396953
 0.04199487038007301
 0.0372194228735697
 0.03714835586598336
 0.03764675585382657
 0.03695337719245832
 0.03600776198188924
 0.03553427843895528
 0.03544151942321313
 0.03582826115628104
 0.03624444642006924
 0.03602579058814468
 0.03569840261334576
 0.03602546486990357
 0.03651074783092748
 0.03678158158605915
 0.0373996328682558
 0.03753130649599992
 0.03809423350897143
 0.03831729863656835
 0.0389752836684624
 0.03904654798443485
 0.03971135795887957
 0.04078275188624846
 0.03983199278623536
 0.04055757563872832
 0.04052582245066174
 0.0409813775649942
 0.04173157250701545
 0.04204115652684919
 0.04258506730324973
 0.04313704770158897
 0.04327534225472603
 0.04429516727133841
 0.0431517833529955
 0.05386038311922216
 0.05628027159487271
 0.05619476113296504
 0.05573823492181937
 0.04778379681053832
 0.04478488973995707
 0.04971254884294529
 0.05233512707529502
 0.05516326990366859
 0.04992356172279702
 0.04938337006933395
 0.0513642605957991
 0.04797698849775985
 0.05019179188225901
 0.05522779320182716
 0.05331812626441788
 0.05535038910869465
 0.05643164176132163
 0.05845526523091662
 0.05152876168201495
 0.05166982774222095
 0.05114773686025519
 0.0527218612692627
 0.05118432202587839
 0.05357821772375784
 0.05269477340632312
 0.05323735704665557
 0.05172677290860979
 0.07506281275490799


