# Created by Octave 4.0.0, Thu Jul 18 14:04:33 2019 EEST <li9i@spell>
# name: mean_errors
# type: matrix
# rows: 1000
# columns: 1
 0.0113920104208279
 0.0111582036492855
 0.01111233032345466
 0.01166134995825829
 0.01185311627586941
 0.01145991172220707
 0.0114311503877791
 0.01198244573798421
 0.01156546690224264
 0.01148300592039531
 0.01136829505711049
 0.01132632838786359
 0.01147609278710413
 0.01145225475195205
 0.01122721195327531
 0.01156557846092771
 0.01134393610706308
 0.01133320018597886
 0.01155630140698303
 0.01123021685379717
 0.01114892656557541
 0.01139111577319835
 0.01128804551517443
 0.01089199399607882
 0.01133137805745707
 0.01146286045694508
 0.01178613807626948
 0.0111862305804948
 0.01125168141280767
 0.01133282863469977
 0.01143888995670292
 0.01142207437046728
 0.01143495932461205
 0.01190510041284325
 0.01141940432472567
 0.01130883115663041
 0.01166483348805394
 0.01091889468810568
 0.01144213088647614
 0.01162686177386624
 0.01129570287124295
 0.01134418262195614
 0.01153163392730154
 0.01137772885424907
 0.01123708004220657
 0.01160013017894091
 0.01096832881920815
 0.01110734269886805
 0.01118496183312809
 0.01148331237865139
 0.0114504302882169
 0.01147736702166166
 0.01110996210102254
 0.01161084137546063
 0.01097437091479424
 0.01168399816629492
 0.01144025776873215
 0.01152582692696348
 0.01138566843227709
 0.01148631024116971
 0.01144258531549175
 0.01136040047512011
 0.01145481433197052
 0.01141929280757842
 0.011560306107768
 0.01169418549032778
 0.01120239267785187
 0.01148990667078495
 0.01134962865937008
 0.01110028261164199
 0.01119370600704195
 0.01141345081923492
 0.01129421843815189
 0.01142813550691946
 0.01115662816222317
 0.01145229165098524
 0.01018916482762628
 0.01236267764502268
 0.01131665234197277
 0.01136140249711482
 0.01116660868705497
 0.01211351885943709
 0.01133068382347813
 0.01102169290072044
 0.01122772883252573
 0.01173802451721876
 0.01120845699421603
 0.01058448657652486
 0.01119576441751468
 0.01170063397258622
 0.01159955297562457
 0.01129665015336807
 0.01122901854520252
 0.01137748119858999
 0.01123730928267616
 0.01137515004853805
 0.01131126811953323
 0.01165870749550629
 0.01135489764653456
 0.01166583928501712
 0.01169586050666178
 0.01112912985411197
 0.0115351661751098
 0.01177120034754602
 0.01211356390116868
 0.01124944767475972
 0.01142620650063581
 0.01187842953071233
 0.01221830404326713
 0.01174084367135778
 0.01132031542440763
 0.01113962839239034
 0.01235158911669588
 0.01153356978462823
 0.01162170037360558
 0.01132646371770077
 0.01211942201313972
 0.01188159781473348
 0.01168433426904899
 0.01137269575574484
 0.01172560380898807
 0.01153064641696381
 0.01121132300568707
 0.01147429784516805
 0.01119950530921018
 0.0120605968016148
 0.01188455930065616
 0.01182572092258062
 0.01200559961717046
 0.01123442681615569
 0.01181483511292056
 0.01175369735522656
 0.01125824353029719
 0.01225978442784012
 0.01138458006620819
 0.01137082738339683
 0.01140494503205698
 0.01104922956758429
 0.01154749128437971
 0.01159492825457158
 0.01134051282807443
 0.01140986414696717
 0.01176819312115055
 0.01111542722816066
 0.01118024515298657
 0.01221648734741397
 0.01113834964429621
 0.01148544942424938
 0.01155044316754349
 0.01185820700885681
 0.01145286764923236
 0.01155578255341341
 0.01136976604110482
 0.01132802630275467
 0.01196124011162051
 0.01159469183260873
 0.0112597252793722
 0.01107399507947201
 0.01148840355518582
 0.01173163288471426
 0.01150857384130612
 0.01127977612366102
 0.01130190634412212
 0.01108036592847612
 0.01158271848361164
 0.01173296785813203
 0.01116235933419172
 0.01144279693220791
 0.01204394750909064
 0.01168375271573453
 0.01182660059936304
 0.01190311570354221
 0.01113718479902235
 0.01122884456378367
 0.01153490170934786
 0.01174767135543066
 0.009980233790685323
 0.01246997976858694
 0.01138085850194794
 0.01184049405965781
 0.01189413447076472
 0.01206504507204166
 0.0115351395010728
 0.01145866213153699
 0.01128141228888386
 0.01164040565898711
 0.01154882695179114
 0.01114698845893948
 0.0111240195625325
 0.01212701215570561
 0.01175247430315005
 0.011685882897069
 0.01137040876000953
 0.01138095717875649
 0.01177875459710172
 0.01164784317158432
 0.01180651549733636
 0.01126801238679526
 0.01170964514216478
 0.01232960587885581
 0.01109715044459616
 0.01129007534124094
 0.01132739824054096
 0.01159762510543519
 0.01135120757104254
 0.01000866526077141
 0.01127260441457689
 0.01110305784503541
 0.01148552073235456
 0.01091896190384514
 0.01170143002049119
 0.01165491068582927
 0.0112552641199606
 0.01122530308627295
 0.01129755105313651
 0.01140252539855016
 0.01117672884044544
 0.01144539087870653
 0.01176343777531688
 0.01091470150174719
 0.01157458465870492
 0.01140085315192391
 0.01136416211178338
 0.01163190378569853
 0.0114199814958273
 0.01154774709346201
 0.0114546609291983
 0.01161916513764956
 0.01128952941916443
 0.01135617207645741
 0.01134976209187007
 0.01152493655517863
 0.01130787652372257
 0.01149063580203663
 0.01157899070793563
 0.009539402536172073
 0.01024554591665059
 0.01186497793686563
 0.0112852225572737
 0.01126930965172833
 0.01121633734112746
 0.0112835518906364
 0.01182470683578079
 0.01118241346793192
 0.01116963559966063
 0.01130558398730381
 0.01142623871599419
 0.01129903119727352
 0.01170511327394358
 0.01183249055209772
 0.01128061615143219
 0.01151338356963333
 0.011342618844421
 0.01128088813083198
 0.01122687651772113
 0.01127238711498916
 0.01143204637358873
 0.01145245429094115
 0.01142668486561454
 0.01122264032011974
 0.01101715551334099
 0.01133902081218265
 0.01145588637589163
 0.01126383633812409
 0.01124834534046081
 0.0112399842699844
 0.01141228110943911
 0.01125574329961003
 0.01129757136755271
 0.01151460277103785
 0.01180604159960078
 0.01136461496319848
 0.0116108565597683
 0.01116503515768285
 0.01132663587540787
 0.01156796210329026
 0.0114291419431843
 0.01200869333689801
 0.01110306075417563
 0.01136167772911282
 0.01141230088744079
 0.01146299102596517
 0.01137508221134696
 0.01172542024702789
 0.01109614123625101
 0.0112123237588503
 0.01159229746171002
 0.01145970968766906
 0.01120691132501481
 0.01130273360183387
 0.01153738651931999
 0.01132258729497565
 0.01121386753067468
 0.01125437634600337
 0.01127838203804903
 0.01108194474717423
 0.01152392821080264
 0.01168018432624604
 0.01113903846196451
 0.0113862473013465
 0.011461599934621
 0.01215056334583623
 0.01152839219194212
 0.01160553078937447
 0.01160754532407837
 0.0110812653042496
 0.01107572998975136
 0.01198342796618286
 0.01135904643197897
 0.01140284207064444
 0.01172851051615534
 0.01186052064998305
 0.0110661010627188
 0.01194462869372994
 0.0111648730808208
 0.01174383759459517
 0.01116838297653485
 0.0112199359360231
 0.01175186161567904
 0.01133575236632501
 0.01205064744580543
 0.01125763216937518
 0.01191577972844046
 0.01173765563118217
 0.01217540699241544
 0.01141028834780624
 0.01133532170050905
 0.01168249387394162
 0.01173802474306753
 0.01117429598139473
 0.01131457325163982
 0.01164998869452255
 0.01130226591112298
 0.01139613285046654
 0.01238059179214668
 0.009713836560527232
 0.01067598244011572
 0.01246836905160309
 0.01163563814054378
 0.01191452457358873
 0.01173897588752456
 0.01181215290010245
 0.01182610975372817
 0.01183934882988564
 0.01149424143903645
 0.01207921878163626
 0.01128551620635318
 0.01173815009647778
 0.0119352644805195
 0.01240495357371453
 0.01143607920176781
 0.0114506996277573
 0.01190618996380575
 0.01190052093887796
 0.01158401428921589
 0.0113885008183815
 0.01141908542842177
 0.01126919136053619
 0.01105860923595483
 0.01162457860693251
 0.01168043108383872
 0.01182953168599439
 0.0123150727098477
 0.01158072609491235
 0.01148225621146236
 0.01105507586215949
 0.01172862854755494
 0.01098678600094592
 0.01174796285677222
 0.01153847480274758
 0.0120525047115809
 0.01175593189145389
 0.01247155801304924
 0.01132483225769812
 0.01130697196999885
 0.01159262455818811
