# Created by Octave 4.0.0, Tue May 28 14:06:22 2019 EEST <li9i@spell>
# name: mean_errors_xy
# type: matrix
# rows: 1000
# columns: 1
 0.01562090628198745
 0.01570728266000352
 0.01531728929883454
 0.05068751149838414
 0.01556755310564582
 0.01254804099779533
 0.01856057331192395
 0.01827516615353873
 0.01629696563517159
 0.01640728611531447
 0.01473975471161688
 0.01942092632133503
 0.01425735474624951
 0.01188440011283948
 0.01923275435573409
 0.01860351424108707
 0.01389636039862448
 0.01594890338052887
 0.01706845547494272
 0.01577801429084621
 0.0175076558756848
 0.01762025474735739
 0.02086265643630691
 0.01539355855884278
 0.01216267663153695
 0.01269443291797151
 0.01952514438956349
 0.01368608892664832
 0.01769831925971811
 0.01286127817990038
 0.0160521476370683
 0.01838136086284884
 0.01443690429673982
 0.01836744802386271
 0.02019546136572176
 0.01433953943670353
 0.0172270522908433
 0.01358608588339515
 0.02002036251538384
 0.01508569251597122
 0.01857256154428939
 0.03011911784858031
 0.01467784426951984
 0.01642437419216534
 0.01827957698964848
 0.01647511997698853
 0.01400378755478818
 0.01390023295112781
 0.01720118990688701
 0.016470094731253
 0.01546265744913169
 0.01740780020583535
 0.0157362889179639
 0.01508340128155084
 0.01487724726322187
 0.0164299470446013
 0.0193791079144869
 0.01783689199731654
 0.01299452221872868
 0.01724798831236662
 0.01764126571452272
 0.02001394911001564
 0.01611073752956203
 0.01741931024282625
 0.01923955997451966
 0.01513367446232322
 0.01314690641160022
 0.01682040867852781
 0.01326630640896649
 0.01605399148641611
 0.02000404522945226
 0.01582922043835177
 0.01815329329955503
 0.01612089484282026
 0.01489586436293251
 0.01743304947916386
 0.01868658073252729
 0.01762087176514163
 0.01489420930351152
 0.0143007595552848
 0.01496602390608587
 0.01508743807971941
 0.02110110954675127
 0.01480759158768294
 0.01270156011153302
 0.01915039675291298
 0.0153952715758159
 0.0169375719479278
 0.01385775600119438
 0.01506862639717498
 0.02002538703230591
 0.05069524003019042
 0.01712187087538816
 0.01478277681342166
 0.01470127652497424
 0.01638349357490884
 0.01638160031751318
 0.01703616337588535
 0.01478439930961008
 0.01373365172772846
 0.01256859701825088
 0.01218071696363777
 0.01215570654235048
 0.01085475822773358
 0.01185627741817776
 0.01198821212263884
 0.01194974408578991
 0.01245514894554328
 0.01225082040986324
 0.01253824650544236
 0.01236144804305762
 0.01272214201908501
 0.01238131002491208
 0.0120408261464483
 0.01259613412703004
 0.01252793472809639
 0.01165967029148948
 0.01176111218932814
 0.01186813025649778
 0.01209701416634329
 0.01190400475894076
 0.0121624224938089
 0.01225021245708576
 0.01245684612064032
 0.01195238508170057
 0.01203928118473598
 0.01140339195331777
 0.01214912831970702
 0.011930103586753
 0.01240627028534156
 0.01240416825707339
 0.01216137745802334
 0.01170022295336576
 0.01208574346967143
 0.01198740283181332
 0.0108857958354176
 0.01244822751664611
 0.01207646451697371
 0.01208976758766001
 0.01194199255017354
 0.01161728901769948
 0.01216045099617728
 0.01168972477366083
 0.0115423186325651
 0.01198082386383676
 0.01237923554041139
 0.01227776388298878
 0.01246690969293313
 0.01243749071938786
 0.01243995833873964
 0.01234229141464233
 0.01194775015779036
 0.0123878661026075
 0.01209183572874517
 0.01231294045979784
 0.01194372155712577
 0.011423915028566
 0.01216604445677672
 0.01210073335113292
 0.01238781073236136
 0.01222983676425422
 0.01222197576846172
 0.01257532436870591
 0.01210322172213201
 0.01238821423341442
 0.01196962161727314
 0.01225605136767556
 0.0122880512612413
 0.01224578188218579
 0.01204278200289244
 0.0124403757634355
 0.01237688498595109
 0.01160101352777869
 0.01239796921757967
 0.01326172449372225
 0.01237926612330206
 0.01206348098215306
 0.01190579989550641
 0.01215898225967641
 0.01220514868800572
 0.01246039892940176
 0.01234767234483553
 0.01138006427951062
 0.01276633331484597
 0.01188034573356737
 0.01181444787459132
 0.0116027451983439
 0.01228730721478324
 0.01212731107049412
 0.01224588553626909
 0.01204391446324101
 0.01112981924429241
 0.01200176445332558
 0.01255589493605481
 0.01241345382834145
 0.01236219132644769
 0.01203148278976011
 0.01233888511759097
 0.01132467235095635
 0.01204578128070443
 0.01474355311144242
 0.0151975350886606
 0.0152016661307099
 0.01463346068179343
 0.01490441807804786
 0.0157975152220861
 0.01575068242840186
 0.01309408232358516
 0.0183121499319495
 0.01451986631290769
 0.01345334943727364
 0.01351637588245433
 0.01539276352080826
 0.01482198402926818
 0.01180162031954832
 0.01399035966804243
 0.01695764871077367
 0.01315780071825338
 0.01670250843840797
 0.014565501514336
 0.01412359650025044
 0.01559065061929494
 0.01491439721040224
 0.01452342918374353
 0.06896185009282307
 0.01374966284941366
 0.01576073818703668
 0.0165032009365888
 0.01437032088155787
 0.01426586215877043
 0.01721567254696976
 0.01335214758842104
 0.01535273207905173
 0.01339488516700492
 0.01824328619786709
 0.01474221694494898
 0.01940258624907506
 0.01670163670736809
 0.01658112498526509
 0.01595209296371481
 0.01673807199671892
 0.01900098065289716
 0.01435096657658475
 0.01481158469384423
 0.01363743818318165
 0.01551033783938774
 0.01417034286022704
 0.01471631313485935
 0.01324814064180921
 0.01347805943958418
 0.01239721060917857
 0.01464735926373748
 0.01601972646018131
 0.01424606038359557
 0.01552287013681387
 0.01503118484080568
 0.01305812298232461
 0.01317414982376192
 0.01547279981623415
 0.01209927952629178
 0.01639346966936664
 0.01570830025999434
 0.01518190282049735
 0.01236920012095912
 0.01206237103444531
 0.01289912456144068
 0.01423746184200409
 0.01503529820566205
 0.0172545869927617
 0.01573414678713281
 0.01850976362154038
 0.01568842773884211
 0.01531863687032774
 0.01562849824096015
 0.013573097274602
 0.01596745168083131
 0.01227565225222096
 0.0279307110446864
 0.01329916737304249
 0.01535915872738667
 0.01415735573137619
 0.01352148095144673
 0.01024895657187838
 0.01366192704790794
 0.02098780159170818
 0.01873371991032553
 0.01374339593768488
 0.01396389153562716
 0.01583950452457088
 0.0121922870126579
 0.01800608946384693
 0.01295866681500209
 0.01390478007004208
 0.0484620987637065
 0.01402956952994664
 0.01495409191206459
 0.01291663898131487
 0.01725651024169405
 0.01713425550803203
 0.0141005525592894
 0.01234348246792425
 0.01221296638048528
 0.01195649418819451
 0.01215869765521412
 0.0125765655237335
 0.01193743972357643
 0.01230541945916249
 0.01223946566769436
 0.01143232881602406
 0.01226058879304995
 0.01227680836263646
 0.01239867728720011
 0.01195383744795071
 0.01300267564267397
 0.01194212925753553
 0.01215940698098947
 0.01240181671851148
 0.01245334442530474
 0.01139408232999732
 0.01255288934627139
 0.01165157725156389
 0.01238032809267128
 0.01237789144903089
 0.0124457850648055
 0.01056705287451854
 0.01210669434220165
 0.01202852415371763
 0.01223361476352101
 0.01232970300231058
 0.01251545822746525
 0.01222485351350681
 0.01245716095066614
 0.01225709528087826
 0.01243997607966986
 0.01207540260323478
 0.011738630364733
 0.01209840225124604
 0.0122122975326889
 0.01227218381861665
 0.01243596262119604
 0.01256835274565673
 0.01213230564898093
 0.01177907860467172
 0.01224104342033324
 0.01209016367945363
 0.0121164216421529
 0.01197378246131838
 0.01186699361315994
 0.01199822715267703
 0.01233492420627804
 0.01214119562967734
 0.01219027931255279
 0.01222161183760424
 0.01242781082488798
 0.01201841145115916
 0.01195752845642425
 0.01235268416357303
 0.01137451528131755
 0.01143073184620547
 0.01226417576496311
 0.01209534436995184
 0.01253588193478977
 0.01223054630530569
 0.01204255762118952
 0.01241464575110849
 0.01230833123824692
 0.01217427444442905
 0.01222289335635337
 0.01224776153755731
 0.0123592559396734
 0.01191557863887755
 0.0124838605081859
 0.01108592251731002
 0.01194936177089936
 0.01201404690797211
 0.0124527712572288
