# Created by Octave 4.0.0, Tue May 28 13:48:53 2019 EEST <li9i@spell>
# name: mean_errors_xy
# type: matrix
# rows: 1000
# columns: 1
 0.01025806361641019
 0.01053229575182613
 0.01113437297269752
 0.01150797085013242
 0.01181107105097138
 0.01168357887755362
 0.01131231497002785
 0.01161925057813374
 0.01130736021105934
 0.01190466890104366
 0.0110994427287728
 0.0112943463867781
 0.01148992560491006
 0.01142987493365465
 0.01085076067203215
 0.01156400217879905
 0.01134615699824543
 0.01144231331535766
 0.01205284729804526
 0.01127144696226972
 0.01129892292349605
 0.01145131028317808
 0.01117163758648693
 0.01143983416793644
 0.01143453983912507
 0.01157373569838453
 0.01150699630792159
 0.01114575770188703
 0.01166046090637682
 0.01127150425156779
 0.01147415693112002
 0.01147847512645577
 0.01174872991765878
 0.01192849225382958
 0.01127821132180441
 0.009558205893131361
 0.01157386771256499
 0.01150589542037689
 0.01159624966840215
 0.01147252041589001
 0.01162405580720694
 0.01121465367751224
 0.01135909855781693
 0.01147927454203701
 0.01135091060484088
 0.01133443240053619
 0.01146579808841276
 0.01152109128276251
 0.01133450031503435
 0.01172897196032421
 0.0113042386449956
 0.01144203016136972
 0.0114333543065867
 0.0116865472742082
 0.0113327920506078
 0.01158220322128774
 0.01157049154474896
 0.01127933339760013
 0.01181112468097713
 0.01132543028051864
 0.01150240832277853
 0.01127905708097422
 0.01189947601073235
 0.01226725821202886
 0.0114045277890805
 0.01180621563394829
 0.01157924710819897
 0.0115976993034328
 0.01133124910293958
 0.01146705354072945
 0.01145452606239032
 0.01145115011049721
 0.01117245484679008
 0.01134615788022137
 0.01150641508886872
 0.01101727366082205
 0.01144103672525025
 0.01151741898746273
 0.01100838881391265
 0.01136104585240161
 0.01151111160293574
 0.0116504219730233
 0.01119788936118144
 0.01153948870935313
 0.01111109253949768
 0.0115400234359714
 0.01147611528534638
 0.01137389275734643
 0.01148321712309319
 0.01223650095781415
 0.01147432956861523
 0.01136990428984677
 0.01120496886289016
 0.01121175784123925
 0.0113531290709988
 0.01152206284995118
 0.01135138673505434
 0.01153617658151603
 0.01108174430293654
 0.01159933891499957
 0.0110446347494871
 0.01091720716576687
 0.01195667846438951
 0.01230714035899051
 0.01214818465808463
 0.01224529594244875
 0.01218196789575681
 0.01205908967691765
 0.01216144240240633
 0.01193737002119262
 0.01188152268366023
 0.01215142011558378
 0.01205140254809953
 0.01222755820735578
 0.01174446515740277
 0.01206745522525521
 0.01219408687981199
 0.0122782431503141
 0.01201799850081312
 0.01213366893347504
 0.01209655975695858
 0.01232505781131031
 0.01201445610838652
 0.01217057371954511
 0.01220845260685097
 0.01237908571985902
 0.01217503543517797
 0.01203774942802659
 0.01221465943158115
 0.01165917327798821
 0.01220625298026272
 0.01234245266103206
 0.01221210269888006
 0.01245635824168801
 0.01163375647343145
 0.009925984624457693
 0.01217187517823152
 0.01225915875184002
 0.01247834335598989
 0.01221635159205118
 0.01211033616185693
 0.01204415373847435
 0.01145782370272463
 0.01217605083533429
 0.01183610872373858
 0.01221578138351868
 0.01202543066105323
 0.01216606760070357
 0.01180600554962483
 0.01250021699659671
 0.0114510913422859
 0.01170659139990193
 0.01227095786212525
 0.01226143695148083
 0.01216071990834498
 0.01209566337258816
 0.012152445591771
 0.01216411159367327
 0.01194325803931346
 0.01217754282128097
 0.01212818038635532
 0.0118332291848326
 0.0125457582459223
 0.01159963311198798
 0.01202218437252774
 0.01238767310428351
 0.01227248231727576
 0.01226333055490587
 0.01191164789430418
 0.01213269466997404
 0.01211182795469129
 0.01229330977978803
 0.01196752289106621
 0.0119512456184893
 0.01217564435670449
 0.01185320307127595
 0.01199399462827872
 0.01205973069786585
 0.01195460940288214
 0.01193961621644599
 0.01227907025040367
 0.01205111167265783
 0.01206242979978607
 0.01206790165282782
 0.01196207608918234
 0.01203568218949809
 0.01168984319224062
 0.01219467960062019
 0.01211012083521856
 0.0123414576142663
 0.01206847839204746
 0.0119242613163871
 0.01200512686142213
 0.01198572868541871
 0.01220587117274428
 0.01202500427928689
 0.01222166562232622
 0.01213913751207632
 0.01184502343444679
 0.01230178264480428
 0.01166471466236257
 0.01127925267383064
 0.01165735795510177
 0.01141173351724581
 0.01162899124465069
 0.01155526304221087
 0.01119708325697914
 0.01153800373710875
 0.01132068984798923
 0.01119012123744107
 0.01150039390876594
 0.011622430963254
 0.01150290606803299
 0.01146039841182442
 0.01167013813805787
 0.01129984536638936
 0.01146787785429902
 0.0111373764469718
 0.0113470317927896
 0.0115882406907666
 0.01161578960491372
 0.01170700172600302
 0.01123323094882602
 0.01152559463683385
 0.0115859755337194
 0.01173225304955423
 0.01018525012816092
 0.0115576208002685
 0.01154203707924922
 0.01150749959713819
 0.01135784427067455
 0.01195506437084175
 0.01154708365273052
 0.01128887018457814
 0.01087225504798582
 0.01122621587839896
 0.01158623075051898
 0.01177686021630583
 0.01148790977706031
 0.01133525470535987
 0.01174824164860246
 0.01170626790719673
 0.01144337706498664
 0.01156172207085728
 0.01122160720965813
 0.01145096094829547
 0.0113409218812853
 0.01140730971135688
 0.01118779230529367
 0.01125050446117457
 0.01159814995298375
 0.01134891681480921
 0.01145010365295121
 0.01152364165241006
 0.01137023458885208
 0.0116519476714025
 0.01108208432543192
 0.011554336856296
 0.01116600579404162
 0.01136373453639044
 0.01144308531202678
 0.01171535957059406
 0.01166897126907877
 0.01142638156733063
 0.01153795080627476
 0.01125689103237104
 0.01167393870883353
 0.01152047190763149
 0.01114848092524725
 0.01137045819268944
 0.01149136270568568
 0.01153370665120072
 0.01148078910914058
 0.01207972440084647
 0.01147273088856474
 0.01158854415459201
 0.01140111482174709
 0.0115833244519981
 0.01138585578699254
 0.01154282042917503
 0.01177194167603028
 0.01155211752819602
 0.01120385069415774
 0.01141491129845832
 0.01161019975919117
 0.01190774195252313
 0.01159667561509017
 0.01138803472787144
 0.01178340294319128
 0.01160130867318298
 0.01172020417558567
 0.01125569432004098
 0.01138943975809118
 0.01156452750061421
 0.01165863108852912
 0.01158677427926111
 0.0114235114513127
 0.01191574859973835
 0.01136202201370305
 0.01137261194359815
 0.01222929972054736
 0.01204409156604241
 0.01227323040852463
 0.01177104368864348
 0.01222392943629645
 0.0122101888721421
 0.01199542110093413
 0.01213649313944246
 0.01197673904798942
 0.01192392353801397
 0.01204327410239358
 0.01209109289314979
 0.01194257368704329
 0.01227277595145593
 0.01227905118934315
 0.01198402169721133
 0.01208671778421279
 0.01188634452997215
 0.01218481311152268
 0.01216840631848421
 0.0122575121650226
 0.01218292925200227
 0.01203938954389965
 0.01236776998579452
 0.01195236061612265
 0.01231375268312601
 0.01087286937366937
 0.01228016862023444
 0.01237532941060845
 0.01199708770205498
 0.012068851913106
 0.0122097359168936
 0.01204930117251802
 0.01194076799782608
 0.01160861390039371
 0.0119569608565091
 0.0122570202541991
 0.01225310052471494
 0.01161600411564053
 0.01202605588670547
 0.0118517338360183
 0.01234524925072229
 0.01215456844060793
 0.01217401000491711
 0.01161299520187029
 0.01199439544803451
 0.01218419240754181
 0.01197758079247505
 0.01195709560307424
 0.01201813996211864
 0.01212453421835777
 0.01180049158074655
 0.01162735732182183
 0.01229051619576782
 0.01207200944106109
 0.01222190242432848
 0.01189642802862285
 0.01197825331691836
 0.01180829284234784
 0.0121906147107594
 0.01224806102673509
 0.01217927065324975
 0.01215872237729729
 0.0119813004062338
 0.01197413702297027
 0.0119425830404939
 0.01212397693508895
 0.011987711608648
 0.01187051538714557
 0.01183726089585707
 0.01176874957275467
 0.01208116361829973
 0.01182640238003796
 0.01218631398829926
 0.01204140361913791
 0.01223777694534577
