# Created by Octave 4.0.0, Thu Jul 18 13:48:41 2019 EEST <li9i@spell>
# name: mean_errors
# type: matrix
# rows: 1000
# columns: 1
 0.01141012463770115
 0.01107872691543219
 0.01172568056818419
 0.01149759608605202
 0.01142299793903812
 0.01151379867639977
 0.01107892921660047
 0.01148148146703397
 0.01129399335043317
 0.01140061535069851
 0.01161019343659489
 0.01193052190794052
 0.01118071215803789
 0.01142127056492702
 0.01127664794732595
 0.01128092221043417
 0.01109847435625561
 0.01129066974831218
 0.01213153854352713
 0.01144028192766798
 0.01128287791477535
 0.01141004094886332
 0.01144898481861685
 0.01149673782261544
 0.0113160886229699
 0.01195166361847773
 0.01124350906253137
 0.01155363547053427
 0.01230993840291443
 0.01122202961845589
 0.0112425937099679
 0.01132171100518475
 0.01128051548084398
 0.01115606852894463
 0.01128561980746716
 0.01166445009947269
 0.01125003162426539
 0.01123979362844091
 0.01152180005704685
 0.01115746419091902
 0.01156110483362298
 0.0119838517272297
 0.01121168992520269
 0.0112888702257771
 0.01097858369250596
 0.01136117658434686
 0.01137494378596973
 0.01132160808330747
 0.01107906539337157
 0.01116463396722605
 0.01139913219048796
 0.0113609314945014
 0.01143864796399729
 0.01127299311599468
 0.01151337014135013
 0.01136374192968628
 0.01167485044357402
 0.01091110595492942
 0.01210040618151981
 0.01122886650674818
 0.01135892925468927
 0.01155782655283169
 0.0112960143432533
 0.01137614486007947
 0.01131116038565293
 0.0117680951313194
 0.01146032912680825
 0.0117899760122188
 0.01135451975674497
 0.01143612077865861
 0.01158954567221922
 0.01156030529449238
 0.01111165239018005
 0.01154412817072254
 0.01141681997424816
 0.01110738528931325
 0.01188499217322844
 0.01131510550437835
 0.01148224973854094
 0.01175255756944014
 0.01141709103898476
 0.01161524032502488
 0.01109248027121126
 0.01114828233692907
 0.01156821524908911
 0.01200788768079049
 0.01142031739534641
 0.01123703173395016
 0.01106751516255017
 0.01185542080371006
 0.01115574057703298
 0.01107400617294718
 0.01183085497365434
 0.01133715361136285
 0.01111892652204269
 0.01126806669277988
 0.01125702838796542
 0.01120940706300428
 0.01129810949300942
 0.0110953368051925
 0.01119283040283817
 0.01161846939853491
 0.01161303874468753
 0.01140800492120202
 0.01146256038644676
 0.01257919187501949
 0.01143302413025551
 0.01204849874811174
 0.011359938155187
 0.01134800022505032
 0.01143484931681012
 0.01144071183536654
 0.01115491452494787
 0.01157807103590336
 0.0116727560467766
 0.01192926592185116
 0.01131160226524727
 0.01175755737282845
 0.01169643865843935
 0.01097762628315162
 0.0109237530441972
 0.0112382835924913
 0.01156466102818721
 0.01197751707055214
 0.01100982777773158
 0.01156626461712082
 0.01134383838601308
 0.01160370487556924
 0.01147772817243388
 0.01197277032650736
 0.01188065880062545
 0.01135780156840478
 0.01197951889428985
 0.01113088868496727
 0.01096278090143762
 0.01142325405506764
 0.01186808390285576
 0.01098333245564589
 0.01133054306468182
 0.01141607315789869
 0.01131124965725449
 0.0117225740412422
 0.01184999705747738
 0.01095798963820412
 0.01187043230411436
 0.01208150709423224
 0.01169961280753061
 0.01104064033582931
 0.01178883133036313
 0.01178893549084993
 0.01098890601464744
 0.01188562514103775
 0.01120997046632457
 0.0113217034526863
 0.01153534269077282
 0.0113960031992117
 0.01126652890586358
 0.01141005590638215
 0.01159550950332658
 0.01183732354804301
 0.01176605693233966
 0.01227508506580641
 0.0119904415324144
 0.01146378702834478
 0.01208505976301824
 0.01215101643885142
 0.01215486340011329
 0.01156793082015305
 0.0113855913142187
 0.01211480764064713
 0.01194019909563945
 0.01130108900782324
 0.01127133932658977
 0.0109845660117728
 0.01161994438152886
 0.01176520634574745
 0.01184003333064464
 0.01109027469955683
 0.01192687689628409
 0.01116816519776368
 0.01152118084820723
 0.01130713108004941
 0.01146487366745921
 0.01108525595815841
 0.01170726455398939
 0.01245164734456169
 0.01209593018258318
 0.01179500430884804
 0.01179943132325396
 0.01178478512776227
 0.01121036329080672
 0.01122482499190092
 0.01247456338813496
 0.01158166259005023
 0.01203350566139612
 0.01084327576467556
 0.01214332536101245
 0.01137852029968554
 0.01109064958467276
 0.01113400244951511
 0.01113007525660053
 0.01105669262210914
 0.01134435366352346
 0.01179003759361523
 0.01111488344182407
 0.01138965478278277
 0.01184897919048748
 0.0114461729530265
 0.01103745088207062
 0.01111856075730103
 0.01129108101016858
 0.01133560632416011
 0.0113577901291577
 0.01115503871448003
 0.01153055271986803
 0.01136651108349171
 0.01137987237682894
 0.01170795939768608
 0.01127406568472372
 0.01107535424811495
 0.01166416822088692
 0.01164671408563228
 0.01161992071422867
 0.01155360927555123
 0.01149471168883824
 0.01155655719539266
 0.01147695750436643
 0.01165210675648876
 0.01143547107034015
 0.01130101080050078
 0.01154271669730368
 0.0114545637154187
 0.01135863278366766
 0.01131331542674689
 0.01138994956882498
 0.01188480272672487
 0.01157532604621997
 0.01124798453635308
 0.01142202939558285
 0.01134842413547295
 0.01163390140055886
 0.01126256836931173
 0.01127638669684513
 0.0113506065469003
 0.01129086974152063
 0.01128372105308246
 0.01172324277070107
 0.01116304269030921
 0.01132184766000135
 0.01052029112905861
 0.01146766346340708
 0.0118817132776307
 0.01070906435389116
 0.01131838295385356
 0.01106095218509539
 0.01158438550579004
 0.01090047975414451
 0.01170947836214376
 0.01148706463439091
 0.01118938638503183
 0.01123292935078685
 0.01165460259146438
 0.01195506460207738
 0.01148673881386515
 0.01189801738822708
 0.01166897313399677
 0.01112494711056116
 0.01164534421728182
 0.01142193644043532
 0.01115392102684555
 0.01177020478451761
 0.01155787688395498
 0.01153396268795712
 0.01171256890158958
 0.01170924013240456
 0.01133951995318113
 0.01113448773033236
 0.01130529602948101
 0.01159347894212819
 0.01140124394035041
 0.01146770537265422
 0.01167363513325613
 0.01133836132409102
 0.01122132119546891
 0.01142561117021381
 0.01127076717683041
 0.01112065306280113
 0.01131094328211634
 0.01120132197683187
 0.01124752004628724
 0.0113718752384647
 0.01135888058340831
 0.01151466490672079
 0.01127549892486898
 0.01162952167411458
 0.01140164961777686
 0.0116193437872949
 0.0113610246384524
 0.01111813242377426
 0.01148271339060458
 0.01161536962502632
 0.01145780502267313
 0.01148145008742906
 0.01152430955587923
 0.01133439313888969
 0.01129363067517389
 0.01162898437646587
 0.01226271377884157
 0.01173076177751152
 0.01144258343250114
 0.01223974658016747
 0.0122465404548385
 0.01089793016160944
 0.0116673792248478
 0.01164873206195768
 0.01119347588200682
 0.01099725390519218
 0.01183513656978468
 0.01138470044154125
 0.01130137817261528
 0.01135275709736988
 0.01135774171553009
 0.01136111457031564
 0.01149494356549073
 0.01178439757632756
 0.01125152956961998
 0.01180958401685551
 0.01119318745077941
 0.01212318811201306
 0.01098285730640666
 0.01133988726975537
 0.0116008250790804
 0.01167403802782089
 0.01183670161209693
 0.01145914285094514
 0.01133830076726255
 0.01142102411924729
 0.01151021983535122
 0.01235965712730018
 0.01138494775233232
 0.01245920471251987
 0.01198972610825291
 0.01138433155426993
 0.01149214939306568
 0.01175452622050005
 0.01152226526932049
 0.01129607734061804
 0.01182008385261511
 0.01153111661643178
 0.01076334024110007
 0.01213572448732727
 0.01162470535167819
 0.0113665645740709
 0.01137331031825977
 0.01190194226570595
 0.01181630917874765
 0.01159907191667147
 0.01146896077147973
 0.01129764094239289
 0.01166416895394961
 0.01213886195908768
 0.01147570658144314
 0.01188226481315055
 0.0110438965816956
 0.0124792360477982
 0.01130931792854512
 0.01075220003190008
 0.01132798482022946
 0.01165030734720421
 0.01178994749485906
 0.01120237846952075
 0.01170051060308672
 0.01237577798704127
 0.01123625700561272
 0.01141061321371605
 0.01161555438781206
