# Created by Octave 4.0.0, Tue May 28 14:23:50 2019 EEST <li9i@spell>
# name: mean_errors_t
# type: matrix
# rows: 1000
# columns: 1
 0.003427327461215661
 0.004179325188165706
 0.004194902437311289
 0.003883349781842179
 0.003217051993459902
 0.003698896753972335
 0.004480305685314584
 0.003442010110542066
 0.004556827736440006
 0.003594461661858929
 0.003512301948772901
 0.003384590134040708
 0.004485612936633473
 0.003228901671575347
 0.003788507340445403
 0.003632649790936392
 0.004407605604799573
 0.003910852936385514
 0.003654009371287651
 0.003419503178054833
 0.003899645029015184
 0.003548324547585141
 0.004183047808467229
 0.004035131370513313
 0.003237022086032079
 0.004234620709408611
 0.004611522767003193
 0.004103434392360571
 0.004451074779474651
 0.002939209746696446
 0.003431815131000413
 0.003945969485219418
 0.00323537883374288
 0.004434075957959499
 0.003369814217706823
 0.003411163786944913
 0.003092642396213432
 0.004570751004264461
 0.003424088481364634
 0.003302252340687895
 0.003256549309210278
 0.004068474291642569
 0.003732887555882915
 0.003415981959147817
 0.003520231735448466
 0.003842366831390887
 0.003532790557571283
 0.004388455869545956
 0.003709732808576718
 0.004067165181352002
 0.003492992258612271
 0.00382394892902739
 0.003895153095738065
 0.003311740587824773
 0.004109345450459253
 0.003471225585933751
 0.003327986714873319
 0.00343282156555548
 0.003559908628160295
 0.003481143012861182
 0.003295671636427734
 0.003659556770894861
 0.00403887746676697
 0.003089898650392217
 0.004408051944791647
 0.00378356010259854
 0.004334499251558883
 0.004080787140197615
 0.004306314770333457
 0.004094248722390999
 0.004109329974517346
 0.003864644908435308
 0.003357095029647815
 0.003282189654715879
 0.003785296645667703
 0.003576627047989001
 0.003111632277283218
 0.003950756398980067
 0.004318975219255032
 0.003702737561674347
 0.004056831942621255
 0.003488172151022993
 0.003300789030570415
 0.003607299299751813
 0.003353520779122171
 0.003676835210382215
 0.00395675600560735
 0.004116251934790409
 0.003255478367827685
 0.004079365054676434
 0.004757424917879429
 0.003578127194332058
 0.0050145062470499
 0.003216465857514375
 0.003720106121561789
 0.003468178372170168
 0.003951159925146147
 0.003195814251369945
 0.004008133718759552
 0.004526726286209036
 0.003801991320406629
 0.004720046137168
 0.00472261363052594
 0.004398495521404967
 0.00410973253371618
 0.003997262270749803
 0.004989005891746664
 0.003950147146958705
 0.005022393998501481
 0.004219595017917905
 0.003976876820148335
 0.003841601599293129
 0.004919339003277091
 0.00375284945751418
 0.004221372287385284
 0.0039816040383395
 0.004739851561213415
 0.004544872548409029
 0.00427740756923491
 0.003937000475028374
 0.004468149248602091
 0.004091551351723983
 0.004474499271970033
 0.004540461168890867
 0.003659258307874028
 0.004858408272857254
 0.005218555908205844
 0.004763095529619997
 0.005098075155842314
 0.002805868872989625
 0.004034806827447754
 0.004668356082832171
 0.003473899979528223
 0.005136407371761235
 0.003665875719533062
 0.003986909796996715
 0.003589646343146093
 0.005075974795692634
 0.00392496904346372
 0.003579309434311189
 0.003864670601398161
 0.004418286712625627
 0.004274792321334563
 0.003669283737349662
 0.003830182435102599
 0.004463916597440215
 0.003989621900896929
 0.004906367721206491
 0.004278921070132471
 0.004615839744967392
 0.003851693727889103
 0.004137784324978426
 0.004474152254284808
 0.003711576295550688
 0.004736471257745348
 0.003808692262236056
 0.00372747738930369
 0.003792932494274119
 0.004050392204322541
 0.004114022384627667
 0.003827867055858005
 0.004119723198876662
 0.004553966543222399
 0.003430688836317956
 0.00482143829862934
 0.00425303112213208
 0.004763318858395144
 0.004664794231666955
 0.004719319016724618
 0.004746396416017433
 0.004464316988667579
 0.004464445289016667
 0.00376445386451117
 0.003652012947113511
 0.004444362211215053
 0.004077762173367702
 0.003458092197368107
 0.004617585709355322
 0.004794423419845
 0.004184765376408247
 0.004704720600166959
 0.003942829058525213
 0.003935392793395655
 0.004161126524274188
 0.00364312792259899
 0.004279272517885421
 0.004502579189589719
 0.004460729921889578
 0.00374804757449923
 0.004474763104737564
 0.00525445478927656
 0.004144962246684218
 0.005515405277999019
 0.003686571882488134
 0.004186943717057637
 0.003995565605765467
 0.004409180524713277
 0.003391803603889956
 0.004625058602715179
 0.005015609720927282
 0.003640017369233535
 0.004181909790155451
 0.003141827659980175
 0.002965641660267695
 0.003792767331743066
 0.00423249460964103
 0.003867803226741751
 0.004446998210394558
 0.003125042025831101
 0.003417873060506027
 0.003021796597772675
 0.003888507437383771
 0.003474485065108974
 0.004011524039796964
 0.004131752260194334
 0.00403659874212969
 0.004419560820176042
 0.003014553322349757
 0.003077883342889556
 0.003845670383022865
 0.004434172755041641
 0.003161180593602265
 0.004072869484157514
 0.003955144160400195
 0.004606993801583394
 0.003414533361707463
 0.003951592236021631
 0.003359718686777568
 0.003911325363111418
 0.00309815241215543
 0.004430246904362192
 0.003513499051027658
 0.003372597800182215
 0.003223536923651267
 0.004272792115977416
 0.003259905425978612
 0.003930040579166834
 0.003169461356580536
 0.003713145694639958
 0.004157064173910954
 0.003824900944635023
 0.003512163090300073
 0.003779115030847186
 0.004495743272682077
 0.003896223369260974
 0.004356283414556452
 0.00337803755057759
 0.003517337284641637
 0.003540480207700647
 0.00375855708999335
 0.003501896286712684
 0.003926231070803747
 0.004605407245511201
 0.004198279913620016
 0.003825186933532176
 0.004559486358986641
 0.003417528728320122
 0.003375944093269031
 0.003679585249969944
 0.003733280637823719
 0.004169048768430001
 0.004306960328320144
 0.004284063154873567
 0.003780611127776081
 0.003628783046560253
 0.003623114070259191
 0.003588118027799597
 0.004160132569592912
 0.004237085363128889
 0.003188591865467225
 0.003010284835082636
 0.003787374907775881
 0.004290947241663523
 0.003350057673608117
 0.004195369472715978
 0.003142705178281577
 0.004002494306733581
 0.003356717850128563
 0.003624763351838747
 0.003660234163059104
 0.003419625176487352
 0.003220474045801678
 0.002996336957383724
 0.004338612231523895
 0.003367677496478442
 0.003576881289944111
 0.00328886543821275
 0.002882935071180468
 0.003237573750997574
 0.003959301044925315
 0.003234081428039813
 0.003978164283290554
 0.003879093604531157
 0.004722763044055813
 0.00400871962850115
 0.003718227979371528
 0.003366995647258424
 0.003322481695915583
 0.003459668811636074
 0.003778152322822825
 0.003649022836905096
 0.004979311359835934
 0.003613741021351142
 0.003475155566953627
 0.004228347247742736
 0.005001664333640734
 0.004390304689289812
 0.005138091192645685
 0.003543071841389
 0.00412123168653536
 0.003578192947358951
 0.004495027746316185
 0.004065994179453595
 0.004617338173203594
 0.004360823167729075
 0.004366999090941332
 0.005042842433534402
 0.00335185455273326
 0.003500303159043165
 0.004404183750947087
 0.004904791197777397
 0.003703767754808344
 0.004664467144921359
 0.004579134750843252
 0.005107386535239165
 0.003791355772257638
 0.004503942190499306
 0.004067796638140541
 0.004358895378697668
 0.00354742257291793
 0.004963718459612765
 0.003924704330237234
 0.003817076357973125
 0.003709233547096762
 0.005002394791813854
 0.003945356623804873
 0.00426538097826426
 0.004268509787300754
 0.004426625982240844
 0.004608358439765169
 0.004470802635408796
 0.004056642097918361
 0.004400525672165886
 0.005001050660407755
 0.004335125303009722
 0.005073104371277373
 0.003756978403182349
 0.004058682235895399
 0.004092560223096553
 0.004461947148647043
 0.003843281835397229
 0.004475149105306593
 0.005032126834579632
 0.004675373049697447
 0.00449998837157883
 0.005086379663833572
 0.004258076416165901
 0.003882303962061804
 0.004048831055263373
