# Created by Octave 4.0.0, Tue May 28 14:23:50 2019 EEST <li9i@spell>
# name: mean_errors_xy
# type: matrix
# rows: 1000
# columns: 1
 0.01185075643775949
 0.01132435570737062
 0.01140731549425748
 0.01206016519495105
 0.01273615842559117
 0.01197843367993954
 0.0114695218880473
 0.01239698325052381
 0.01156749805959013
 0.01198928738689951
 0.0118984753523134
 0.01199051335382686
 0.01150263451951499
 0.01205706976441767
 0.01169128272702556
 0.01209489540751355
 0.01154148405377655
 0.01168947425083283
 0.01201967512807181
 0.0118795222380386
 0.0115976756786725
 0.01183970035381275
 0.01145250483058243
 0.01121680788181061
 0.01210386326941934
 0.01159750986999922
 0.01190652237073087
 0.01148453592032877
 0.01128310259858518
 0.01206953291162263
 0.01195420285564919
 0.01178853541640767
 0.01217337821925667
 0.01206124264568455
 0.01209163879434187
 0.01199098461286814
 0.0123874119080999
 0.01090891649900533
 0.01205043811493782
 0.01218104583825924
 0.01189632469833795
 0.01176073576665647
 0.01196775118829259
 0.01200926827616432
 0.01182688305342879
 0.01197014969204624
 0.01158055857083937
 0.01129376102631461
 0.0114842114249006
 0.01188467214526785
 0.01201668960137036
 0.01200173021308359
 0.01161151085971117
 0.01212411947704696
 0.01139590912138677
 0.0124198100638421
 0.01214765988054725
 0.01215772948411682
 0.01195684310395861
 0.01209054743399224
 0.01211066945124419
 0.01166649355496135
 0.01162855570365109
 0.01226138658470668
 0.01170360334036981
 0.012301342972658
 0.01132696600557568
 0.01177799142730028
 0.01150863433051915
 0.01136759835465227
 0.01151621993204661
 0.01180882886966367
 0.01203597193305545
 0.01198486287730089
 0.01154883694389109
 0.01194248583751414
 0.01079219657367131
 0.01276624170277387
 0.01142788303501049
 0.01185622868257435
 0.01146993964159265
 0.0127142425616733
 0.01193283715655113
 0.01148044010676144
 0.01189509915587612
 0.0120779197310427
 0.01157794275218455
 0.01083421651777578
 0.01166720338304695
 0.01205774577157506
 0.01146368586671265
 0.01186448206030093
 0.01106212795604182
 0.01204680108119185
 0.01164806719991835
 0.01187535367629722
 0.01169643112705091
 0.01248001109601203
 0.0117365764684512
 0.01189102711641726
 0.01212261625762841
 0.01095626670841297
 0.01168804837514823
 0.01197208082146607
 0.01249230439250106
 0.01143426871093605
 0.01104728376463512
 0.01200813452141716
 0.01217460252551724
 0.01203564417428927
 0.0117125832799218
 0.01142070576495395
 0.01233537995638925
 0.01199965419858197
 0.01199246657251519
 0.01152793948010864
 0.01228575665807841
 0.01206003779463345
 0.01194672283677909
 0.01186943862611132
 0.01207437415612912
 0.0118138004895823
 0.0111136223053962
 0.01165074482390097
 0.01173460124171685
 0.01219588440740516
 0.01171012711302208
 0.01200252702760319
 0.01196241833837211
 0.01194347401916214
 0.01223796859812643
 0.01189186439066169
 0.01189635627363981
 0.01204790081551694
 0.01180147163426641
 0.01183041261246141
 0.01179291011558083
 0.0107123023831063
 0.01194285131113132
 0.01195305085302761
 0.01178341153213814
 0.01165853096833953
 0.01205240122436555
 0.01152474521804127
 0.01167357976960178
 0.01255062281758982
 0.01162074237966169
 0.0114437467871166
 0.01174908064454661
 0.01209999699536186
 0.01169575969695963
 0.0119977637157972
 0.01165372620592298
 0.01155827158913078
 0.01219366748241604
 0.01218816974806131
 0.01169462128391647
 0.01153307798826774
 0.01189429801908232
 0.01209912157337693
 0.01199091102715576
 0.01126187200525388
 0.0111200188753542
 0.01164318195904907
 0.01133858021669501
 0.01200895319118027
 0.0109756699339802
 0.01141874085586146
 0.01219469742801093
 0.01163735317847053
 0.01209831948379474
 0.01219447817799998
 0.01155668861251543
 0.01148039112754523
 0.0116449791982105
 0.01213716364104311
 0.01030423159093365
 0.01250873097247386
 0.01116398020891336
 0.01223745041361807
 0.01208904888723094
 0.01251898310409142
 0.01199821912458671
 0.01177592583886336
 0.0118934180873272
 0.01163863387907852
 0.01179073996905228
 0.01129405413125744
 0.01142690336271779
 0.01242655227126801
 0.01131044565090345
 0.01211745952940478
 0.01091288909545235
 0.01191933597589377
 0.01211139876172694
 0.01209034995405876
 0.01211012238155007
 0.01184777710403901
 0.01188132084573338
 0.01240109831793458
 0.01157007571226576
 0.01149613711425931
 0.01198563264453749
 0.01231051149781383
 0.01180619923992036
 0.009980933520259779
 0.0115716551743637
 0.01121219473545784
 0.0122170576007574
 0.01146662673285676
 0.01234361329014695
 0.01223685753668072
 0.01186959553389277
 0.01145985372872115
 0.01147587570439139
 0.01172617701977795
 0.01124382971029444
 0.01223600123982928
 0.01246749251304419
 0.01137608278921891
 0.01171919354231456
 0.01201144234376845
 0.01174107627397922
 0.01193795269716976
 0.0115011241983226
 0.01211224276097347
 0.01178345848694928
 0.01219079353132808
 0.01173193537554089
 0.0120663615699818
 0.01136468742868137
 0.01192433455552952
 0.01198648649113579
 0.01207599154759872
 0.01174904712148732
 0.009879183929634957
 0.01052945713111938
 0.01274534877356609
 0.0117995724273639
 0.01147724901903463
 0.01165142745536233
 0.01177227945380083
 0.01219867323432584
 0.01120435907160189
 0.01155489449227637
 0.01150762527360054
 0.0119946587679506
 0.01181278815007915
 0.01222833866915675
 0.01224225034494436
 0.01183894266009991
 0.01184262087134255
 0.01146033058025162
 0.01152626428083661
 0.01154250256686535
 0.0113094288146143
 0.01204322958979154
 0.01201811939499983
 0.0118944173937809
 0.01157522841792078
 0.01138067867015458
 0.01154391750549757
 0.01154648550441094
 0.01158875354758947
 0.01185087056064649
 0.01170330130224237
 0.01187953527480984
 0.01153475441685047
 0.01149803355294459
 0.01213213179610795
 0.01274293284983524
 0.01173706327961376
 0.01168357093986033
 0.01176539385517358
 0.01160936968859782
 0.01222661669322901
 0.01165310344236935
 0.01286797360600146
 0.01157146570284676
 0.01181379441096103
 0.01191326145671554
 0.01214758095341009
 0.01216429883024867
 0.01192864848045729
 0.01159438456342319
 0.01185992163303267
 0.01223678619182261
 0.01223118431323427
 0.01182739220402231
 0.01162561396212463
 0.01211371095427899
 0.01159375018562309
 0.01155654609437283
 0.01129822805457365
 0.01157674803328037
 0.0114934163400224
 0.01199760193332319
 0.01225111021750276
 0.01174203310317914
 0.01180301302026121
 0.01198118961999097
 0.01219019179024484
 0.0120874221102508
 0.01212304230275663
 0.011963575735575
 0.01089325082060224
 0.01095756305345172
 0.01191314818914032
 0.011809427494884
 0.01171995715685954
 0.01224569695337989
 0.01211373388872557
 0.01144087830180565
 0.01217903555266035
 0.01106452764530459
 0.01199014828978637
 0.01091471629648932
 0.01175625323162287
 0.01232744409843115
 0.01151609945890837
 0.01209872173503252
 0.0115042217712748
 0.01214076994893603
 0.01178925752662687
 0.01214747056327362
 0.0116423566184117
 0.01128799318052054
 0.01205301911114425
 0.01210567758877521
 0.011562072440838
 0.01096069502757595
 0.01189045315874851
 0.01181209833381937
 0.0116843424942987
 0.01247319813827235
 0.009658420168924943
 0.01085022919990085
 0.01292755930321293
 0.01190142737658842
 0.01203534567103142
 0.01203390746288766
 0.01222717424648806
 0.01188586913170341
 0.01181593973762773
 0.01174103962713294
 0.01217826189853496
 0.01153786561693843
 0.01206700753459038
 0.0122641898391669
 0.0126551464126004
 0.01188453704562261
 0.01147575588014182
 0.01187692511619615
 0.01200541737378795
 0.01149310135540146
 0.01113483036828495
 0.01157468950183106
 0.01147659582261183
 0.01127881945884308
 0.01179499472471804
 0.01185651707303445
 0.01191946700257371
 0.0123379168352066
 0.01172453809206934
 0.01194004914288561
 0.01117576091127373
 0.01203375630209489
 0.01086568305876332
 0.01182943042436467
 0.01207417268908415
 0.01253805466240415
 0.01204020896436541
 0.01253694639488314
 0.01176824162095387
 0.01124606889727738
 0.01193491508824229
