# Created by Octave 4.0.0, Tue May 28 14:06:22 2019 EEST <li9i@spell>
# name: mean_errors_t
# type: matrix
# rows: 1000
# columns: 1
 0.0041696722073242
 0.004169327374062394
 0.004727355837372612
 0.009031056012271261
 0.003421993170485711
 0.004080425956825159
 0.00372259640455932
 0.003953280824633518
 0.003972766370351376
 0.005018340300750599
 0.003480563653085328
 0.004751534048365784
 0.003464798510450369
 0.003735351734483917
 0.004531357531014081
 0.004721389647711414
 0.003797327313947075
 0.004066043610695327
 0.003393063633238347
 0.003215338375799632
 0.004108563631590552
 0.00392599031108962
 0.004930119298164989
 0.004183821117106848
 0.003166762894929013
 0.002621735269965028
 0.004279319419777376
 0.003593192318519539
 0.004417596995824321
 0.003845702975791044
 0.004729684179714229
 0.004176178582260242
 0.003051843277845166
 0.004111896576275121
 0.004015218324164647
 0.003537216395913475
 0.004137795061458518
 0.004711728420968408
 0.004683537510596475
 0.004456510029593875
 0.004194817256518365
 0.002688286863115234
 0.003771996873162457
 0.003053212299622732
 0.003955712497736751
 0.003640066179124815
 0.003006434500494682
 0.003791970738245826
 0.003806106892576809
 0.004416046277697838
 0.004267881641582694
 0.005226982210246379
 0.004642244750303292
 0.004146095194269609
 0.004261309227190931
 0.003651020337837814
 0.004865207997299561
 0.004298583295674287
 0.002809093698287948
 0.004071299306700044
 0.00442170665240862
 0.003780220897357911
 0.003876849997018574
 0.003416488180450087
 0.00412715118638165
 0.004846506675886351
 0.002762808633735865
 0.003050412423659115
 0.002764961397738181
 0.004371910412711308
 0.004507914101025571
 0.003594837072313848
 0.003567169541315351
 0.00458875636503542
 0.003036993649283278
 0.002719174892305784
 0.004499399045468795
 0.004579776278373612
 0.00292662788197526
 0.003776203221234349
 0.00424310542037598
 0.004077971211624582
 0.005079002464186797
 0.004179695276118916
 0.002763439453648855
 0.004571601566355094
 0.005281730123102154
 0.003652458078998801
 0.003013224735415915
 0.004460511976472552
 0.004095588486326828
 0.009339752881294365
 0.003997432407871499
 0.004498215050643541
 0.003172570092497777
 0.004735317107760031
 0.004084486594648438
 0.004264841268334816
 0.004314321662315512
 0.003230437299526882
 0.002994371222325585
 0.00313767110596632
 0.003490557003966055
 0.004035498188604673
 0.003589169205022727
 0.004419731796892345
 0.003402703692282539
 0.00323653996451657
 0.003348827801068047
 0.003490953864296467
 0.003389305832721707
 0.003035935773586258
 0.003103765818473115
 0.004386515690054391
 0.003821843946989682
 0.003105331747439745
 0.004047333310189049
 0.003577218921060559
 0.004241061087585568
 0.003511040607909719
 0.003825073896247173
 0.003692477668673826
 0.004244508814630289
 0.003034048316912604
 0.003439421509023917
 0.003351857952061505
 0.003794179169056189
 0.004641460228826315
 0.003928043727242416
 0.003409001201534841
 0.003910742217611181
 0.003468318706729243
 0.00387968595423466
 0.003453425885256103
 0.004088804250717738
 0.004459461903877595
 0.003291544686825285
 0.003986318307352421
 0.003139481264684565
 0.003214469458206132
 0.004715013925110902
 0.003385329112927337
 0.003311886040831606
 0.003911936201945054
 0.004285845537825097
 0.003004433074461007
 0.00310254891722179
 0.003432090711020991
 0.003253010843873987
 0.004450370729618734
 0.003287417164849159
 0.004475069441292316
 0.00318656144513193
 0.003896692619808111
 0.004056174009848479
 0.00350471389818209
 0.00423428429620409
 0.003760116868404794
 0.003194907025689137
 0.004238844125438703
 0.004730683453987792
 0.004295019713159674
 0.003747153447687617
 0.003426622722360336
 0.004115696984497006
 0.003612632462375215
 0.003320500369906266
 0.003737869396941942
 0.003598965879763517
 0.003877863699575686
 0.003723511936626219
 0.003439912656623738
 0.004383144564078059
 0.003598939042434453
 0.003958784245843105
 0.00392723018416918
 0.004163217780742027
 0.003920020822033959
 0.00361014847291872
 0.003719624460928406
 0.003155848465075394
 0.003358035391897833
 0.004484025752809133
 0.004406127839679773
 0.003852328207294844
 0.004216941724319754
 0.004218973704016791
 0.003309221861602462
 0.003483063849290789
 0.004319278687248322
 0.004330169518389996
 0.004460303462335327
 0.003486348519099744
 0.00400028203341491
 0.003831238007052259
 0.004011822228236608
 0.004412200739752471
 0.00370652169276906
 0.003851484695404487
 0.003434468629189326
 0.003996006758027992
 0.005221077510685046
 0.004176290154406054
 0.004004651629936883
 0.003234941127936863
 0.003313645312473093
 0.004715690609758712
 0.002329179554937886
 0.00388233911697885
 0.004145978440886438
 0.003047594322718823
 0.0032598900712159
 0.004360443144479418
 0.003777429736997382
 0.003787153576875695
 0.003296148127686582
 0.00404969081292929
 0.003574800917281385
 0.004888868384893125
 0.003784521017278044
 0.003713668056464858
 0.004079064068350166
 0.004194695121986208
 0.003876762676287379
 0.008850027023368689
 0.003850482804065882
 0.003340719071415818
 0.003423053539422751
 0.004265468963144263
 0.003121060251408175
 0.00357039957060584
 0.002871233351110249
 0.003772212732222171
 0.002731118668775217
 0.004276376441620097
 0.004804238932215026
 0.004072398902583127
 0.004277288919535324
 0.004499114467963804
 0.003329775800904769
 0.004256886017935476
 0.003672202012322452
 0.003361150575443788
 0.004396058367762744
 0.002619390145223584
 0.003185699922579115
 0.003241045521915269
 0.002694843501056324
 0.003759311620510588
 0.002436211932684679
 0.00323410156946295
 0.00309773333876719
 0.004355647123010655
 0.00345561766502733
 0.002776001879525001
 0.004073512128975201
 0.003320795961759504
 0.00375136470047268
 0.00367500568108327
 0.002648066873892239
 0.004591666315431561
 0.004221429008606391
 0.004752995319504199
 0.003152454223119186
 0.003275737720886776
 0.003193230259575968
 0.00330270352589061
 0.003932203663548587
 0.004130579474561682
 0.003932110977931256
 0.005180179259690389
 0.003086475909483254
 0.004112682676093696
 0.00392468728883673
 0.003035749578887321
 0.005185572992631732
 0.002176505619203305
 0.009746723770055098
 0.003707205755742701
 0.003974776916664436
 0.003241436319719995
 0.004379876327792642
 0.003290089044687387
 0.003240215759211978
 0.00272896349173841
 0.003067957047626944
 0.003369238044850764
 0.003555274701715565
 0.00458305392694363
 0.00400360085393335
 0.003863215788711081
 0.002674123122975046
 0.003459551882607182
 0.007228631340174991
 0.00320249742805951
 0.002909114925633643
 0.003358414034365448
 0.003210298323027214
 0.004573731240399107
 0.003298822401904583
 0.003562684822892103
 0.004109221422608071
 0.004278425445220844
 0.003477830478982404
 0.003211718379140065
 0.003785147957616274
 0.004554047557473818
 0.003336346478846166
 0.004043984103275716
 0.004299639995238415
 0.003146089874611298
 0.003082027567423959
 0.004071315860704878
 0.003938926132549469
 0.003379851579580303
 0.003282922680673295
 0.004151060369339563
 0.003435066543239581
 0.004557917696161975
 0.003913456707736895
 0.003715947291527274
 0.00397320475272885
 0.003783161007430287
 0.004165545808703158
 0.00319996049884684
 0.004168603478343484
 0.003920298107990829
 0.003528645753758314
 0.003540288184982118
 0.003216208948520482
 0.003082656613662533
 0.003892526230142225
 0.00323251451312327
 0.00336810215051875
 0.004403296229146188
 0.004453417134747529
 0.003085563170832571
 0.003938752647545268
 0.003631527030499552
 0.002948960600679327
 0.003789003568615429
 0.004003827661589244
 0.003591071785782743
 0.003941915579516754
 0.003515393194340865
 0.003416434005778753
 0.003171649334090778
 0.003461603766238716
 0.003698587345636459
 0.003396090765298029
 0.003363379657186556
 0.003240056745083903
 0.003408863368524143
 0.004346191539568644
 0.003134875069830509
 0.004340494073881731
 0.003252236004089965
 0.003850789950217243
 0.003757246960079785
