# Created by Octave 4.0.0, Thu Jul 18 13:40:59 2019 EEST <li9i@spell>
# name: mean_errors
# type: matrix
# rows: 1000
# columns: 1
 0.01114546625804253
 0.01205794977738693
 0.01149752873563634
 0.01200839906860502
 0.01277982747870931
 0.0122787834133038
 0.01146647535725068
 0.01231892451138812
 0.01172303698622026
 0.0125445694727194
 0.01148066846813491
 0.01184908370523356
 0.01232277779193415
 0.01168406792089009
 0.01137910539560525
 0.01245228640298034
 0.01188255793853444
 0.01193080647853201
 0.01223969160538944
 0.01143587595639165
 0.01157446182031725
 0.01159837780402337
 0.01147720155594377
 0.01141285705543598
 0.01144193083285765
 0.01192607943455146
 0.01149668195559012
 0.0114642254354188
 0.01263795527758234
 0.01155405476990333
 0.01142079930518518
 0.01169347589288437
 0.0127168201801683
 0.01190131513754178
 0.01175003498349533
 0.009962944446382915
 0.01156576689075162
 0.01173427894196427
 0.01237057169481148
 0.01146660248782401
 0.01246315544612357
 0.01145251900817147
 0.01192618065639489
 0.01145120429718106
 0.01150174916547562
 0.0119677870020047
 0.01157429488124797
 0.01146474102168174
 0.01149160922428829
 0.01192135684270544
 0.01182969144911273
 0.01185913145850217
 0.01194752487900386
 0.01221352867109226
 0.01154105071824014
 0.0124469390730405
 0.0126154564983517
 0.01147134634110128
 0.01231674821433132
 0.01184190289793341
 0.01147553302202748
 0.01137685112903144
 0.01194884270573079
 0.01290204963186891
 0.01145555394106778
 0.01239817842407582
 0.01186227617840332
 0.01153456332525709
 0.01146463797529928
 0.01143761764729334
 0.011962577705726
 0.01165841953568001
 0.01156611866688361
 0.01219810081976049
 0.01151286844391217
 0.0114406612361992
 0.01146834997031218
 0.01234826207021283
 0.01147973003056558
 0.01152788137201322
 0.01146063766887648
 0.01258622177069677
 0.0114560346834788
 0.01244955840448672
 0.0115553464322282
 0.01161372548817525
 0.01199985560993532
 0.01195990381447811
 0.01229533323326948
 0.01299795237573366
 0.01148358074169481
 0.01144491846405446
 0.01152747210680037
 0.01154979696618364
 0.01148324168164338
 0.01234917233352678
 0.01148198130278235
 0.01239205043950346
 0.01150450299186992
 0.01149766593459271
 0.01115885294942702
 0.01175504864992028
 0.01170645011936664
 0.01209751085856068
 0.01250143842125035
 0.01220695171080728
 0.01170541423976755
 0.01216439110765501
 0.01188529644643223
 0.01203213061629822
 0.01165340430003499
 0.01200058925659078
 0.01225303415976391
 0.01184818494782396
 0.01151455516061936
 0.01232605985594203
 0.01199037384500662
 0.01204051309246987
 0.01171548908645754
 0.01168094546007101
 0.01174910204681503
 0.01184806397393769
 0.01169190833474252
 0.01163791006365474
 0.01165130527326044
 0.01204383103123775
 0.01165528802536566
 0.01171986699796544
 0.01255519253960759
 0.01149963256944823
 0.01164157295078286
 0.01190650918821933
 0.01254173270146641
 0.01197538095615931
 0.01161473379965975
 0.009824690660530567
 0.01168314925385393
 0.0118758879063633
 0.01243959586748998
 0.01167844870730969
 0.01228647575318852
 0.01164943143741507
 0.01156996400736909
 0.01164450902793771
 0.01155000904213876
 0.01211395847141868
 0.01165040999806638
 0.01163390295740356
 0.01152256705007358
 0.01208975869624946
 0.01150120848273056
 0.01164368609963376
 0.01206090249353498
 0.0122110903832905
 0.01174057458687823
 0.01233781919079012
 0.01249143855332107
 0.01172834278764375
 0.011951728473958
 0.01198525274677133
 0.01161605154457612
 0.01148083379957689
 0.0120106205071977
 0.01182353179826529
 0.01159445483835165
 0.01238439647693545
 0.01195423862776831
 0.01171589274174706
 0.01157083877008398
 0.01162414462033656
 0.01204413878123076
 0.01184779624983697
 0.01172986314909183
 0.01210691984665944
 0.01165723687163446
 0.01162406177631535
 0.01155491452130867
 0.01225360087637816
 0.01175091293289857
 0.011580570888092
 0.01169331697953502
 0.01235764690932941
 0.01168299062321264
 0.01233076250901304
 0.01176756585639419
 0.01166470521254557
 0.0117293488791492
 0.01204607325208067
 0.01224416014360077
 0.01258665927394757
 0.0116135514400568
 0.01152821144960685
 0.01172445175067862
 0.01171185815785131
 0.01170768473780124
 0.01221026434872177
 0.01168025983747488
 0.0123857275688328
 0.01168205855534212
 0.01170832263476238
 0.01130091062496819
 0.01113700860038327
 0.01130476115537798
 0.01140710649827589
 0.01131816601399252
 0.01117672182234783
 0.01112278758892684
 0.01113146249842175
 0.0111556967338626
 0.01114181608275049
 0.01164180038290182
 0.01191367834587933
 0.0118333558364599
 0.0115116431441248
 0.01194220425070387
 0.01119095363454847
 0.01110632053740109
 0.01100609205443583
 0.01133647208722386
 0.01124807672203312
 0.01123626287990686
 0.01209457594417562
 0.011013908289384
 0.01137056038739717
 0.01179659495195457
 0.01132541602716763
 0.01039937402585612
 0.01133222044815828
 0.01131987500264815
 0.01181758980233298
 0.01119362065672732
 0.01235811666462775
 0.0117256897478304
 0.01126703662149651
 0.01105522313633801
 0.01105908378519755
 0.01117368864682212
 0.01213456683140319
 0.01161259612695117
 0.01122920422393665
 0.01170843655486935
 0.01131127670032367
 0.01122987664537934
 0.0112223134729763
 0.01114687495456283
 0.0116128212751993
 0.01114461590778232
 0.01174381794699086
 0.01116990817442903
 0.01107278421968085
 0.01129688604073341
 0.01116636720108928
 0.0115285723992356
 0.01134100114354145
 0.01151716984813097
 0.01124514211413845
 0.01095719556635348
 0.01196520182054214
 0.01096518039965656
 0.01121385093516033
 0.01131736372802377
 0.01202542488558302
 0.01206807765823404
 0.01169213386467289
 0.01181162108490157
 0.01113830716907514
 0.01198834911516281
 0.01187826929056249
 0.01103454289863372
 0.01115307878696108
 0.01155462318975116
 0.01175738913850535
 0.01138158578124935
 0.01238570413940563
 0.01115681102172707
 0.01122659516149856
 0.01133395247674769
 0.01125050154329358
 0.01133467959860059
 0.01176204440807757
 0.01213182424613209
 0.01131205187315181
 0.01111775618071681
 0.01122441820382552
 0.01122341295870818
 0.01167468299413476
 0.01128447568686419
 0.01115115236834211
 0.01187287594972782
 0.01143343599598945
 0.01171646594418695
 0.01113325242633752
 0.01151347647736302
 0.01165395097060349
 0.01196047862488307
 0.01143407237272658
 0.01161464882646235
 0.01178311204610848
 0.01115806080776442
 0.01142814461435823
 0.01165442713790747
 0.01170412227669792
 0.01171625890025249
 0.0117007630358602
 0.01170403459461786
 0.01167390754660995
 0.01178984092423313
 0.01160650623484018
 0.0115915841600737
 0.01176909395382283
 0.01210739209393758
 0.01233428012833149
 0.01217521506590574
 0.01210554287203913
 0.01256635719685234
 0.01170371316465231
 0.01158838396692505
 0.01161602592421781
 0.01195342357967641
 0.0116500052148785
 0.01165427254267459
 0.01245600904725434
 0.01165655205103083
 0.01203540123792507
 0.012161048070366
 0.01173225087187505
 0.01096542991246938
 0.01184987470611362
 0.01193407501490668
 0.01224249851076884
 0.01165835716442426
 0.01254247318694112
 0.01213487832633625
 0.01172225531779551
 0.0116167016126251
 0.01160436236902768
 0.01164941092622079
 0.01252343853020204
 0.01174991787164333
 0.0117582416856245
 0.01168263580665037
 0.01178626836796816
 0.01173534575788951
 0.01168407660446832
 0.01148820606853226
 0.01203700300575724
 0.01169661273325127
 0.01219441135884636
 0.01173922960729443
 0.01170543655560373
 0.01165774355289165
 0.0115201812396693
 0.01172769711929107
 0.01187651346484733
 0.01209448250208579
 0.01166518593766358
 0.01155842502836133
 0.01235942186519295
 0.01150226411879609
 0.01180941839067763
 0.01181222072728495
 0.01248001100103055
 0.01246341518565731
 0.01218041989823722
 0.0121637089143425
 0.01166171947792111
 0.01244534779542436
 0.01225873853556431
 0.01163520076765099
 0.01151331206951423
 0.01174751866943575
 0.01228781798913122
 0.01161071061453375
 0.01248440659347725
 0.01157039072223946
 0.01168645813975879
