# Created by Octave 4.0.0, Tue May 28 13:48:53 2019 EEST <li9i@spell>
# name: mean_errors_t
# type: matrix
# rows: 1000
# columns: 1
 0.005544018025267003
 0.006849770479889135
 0.004936183672409036
 0.005390132249156411
 0.006532755810943804
 0.005706467536050083
 0.004368987153392108
 0.005868915409780413
 0.00511012284168849
 0.006326538193600135
 0.004975820315442018
 0.005398674807559543
 0.006149715047281692
 0.004830058963605154
 0.005145155136361064
 0.006330884822737345
 0.005350831773589105
 0.005314400095166653
 0.005275088321731321
 0.004391282000275208
 0.004754852855644874
 0.004449276491612192
 0.004754468299669544
 0.003972709950171894
 0.0040582768735269
 0.005068276337547454
 0.004035633344082447
 0.004783430983715937
 0.006503232956177789
 0.004719507126586883
 0.003925506247773549
 0.004767886201118715
 0.006551202454176728
 0.004239728898967448
 0.00525468705822103
 0.004752104188760284
 0.004139542243047069
 0.004863970967873374
 0.005955709212939922
 0.004034135104316288
 0.006242808864935709
 0.004549510689905042
 0.005537142720420701
 0.004038662901083645
 0.004486343220185676
 0.005548204133782444
 0.004358872325207502
 0.003966515842625484
 0.00445192892836741
 0.004674391179833939
 0.005406821749075867
 0.005179227798492616
 0.005348805826938067
 0.00559376039974729
 0.004737750522821041
 0.00625350864834918
 0.006545879249657434
 0.004511114563154966
 0.005992607215885143
 0.005386463828836895
 0.004084875614025491
 0.004293596102185032
 0.004287373245194175
 0.006142112771958478
 0.004219142299381669
 0.005716171848221413
 0.004944039620444154
 0.00403571678915518
 0.004369941806799632
 0.004090509571159033
 0.005539535595992475
 0.004699469196779947
 0.005001623161265351
 0.006129745338887979
 0.00407153771476867
 0.00500895681841031
 0.004155991902116045
 0.006187731682871333
 0.005238121713239442
 0.004462759086121216
 0.003982407235406026
 0.006399255614705403
 0.004682873845577793
 0.006321367023569327
 0.005120706045563615
 0.004314376175824046
 0.005499199890906142
 0.00550355513665263
 0.006127110289411423
 0.006728701643208652
 0.004108919230676265
 0.004207675212802898
 0.004809105813152102
 0.004908153685665671
 0.004314147683818528
 0.006160425360814482
 0.004416067456373406
 0.006252749348915286
 0.0050660078834749
 0.003842713024259148
 0.004637610858249506
 0.005889159874837453
 0.00401500241134308
 0.004520304040053807
 0.005610191150932058
 0.004817848894775878
 0.003530137584210587
 0.004961670150893101
 0.004321549360896735
 0.004943186938320872
 0.004102978968970362
 0.004577395030736805
 0.0052337056819591
 0.004082996371373334
 0.004194650945560857
 0.005402615887849032
 0.004514519024943273
 0.004470454080369457
 0.003921186674272058
 0.003518780357217747
 0.003829469797940779
 0.003607807188168147
 0.003843950710679651
 0.003259498809425462
 0.003262533616620579
 0.004293307738970121
 0.003299275266769855
 0.003886429589505034
 0.00556410221207591
 0.004048620924336358
 0.003195516635546737
 0.004025554142709533
 0.005590153761865232
 0.00346093090970994
 0.004552474796005089
 0.003916771207993069
 0.003415354267418937
 0.004146611561651469
 0.005023730461481106
 0.003264223220848096
 0.005314254464280787
 0.003679174007212927
 0.004817758671490657
 0.003319508193631703
 0.003808470938548529
 0.004725503798982276
 0.003583575758771748
 0.003272490765815006
 0.003764173166899778
 0.003765476274539506
 0.004694375045269152
 0.004436663062312293
 0.004512294242725017
 0.004791511817623402
 0.004003902104067176
 0.005350967560394224
 0.00558628722310578
 0.003650500819405542
 0.004683542409116302
 0.0045677917921336
 0.003348773087292255
 0.003602758343328307
 0.003365089324013496
 0.005202106372753736
 0.003472594449434957
 0.004862510796498269
 0.003961059418982671
 0.003295950124319694
 0.003669965644662493
 0.003345817517482019
 0.004655013863392817
 0.00393247735457789
 0.004060256534436366
 0.005169008087953722
 0.003291444326887481
 0.004076613583322781
 0.003445728369384927
 0.005311361111815301
 0.004458112529746264
 0.003655860585385228
 0.003212199419767149
 0.005505753972821133
 0.003751322543163364
 0.005388141723893224
 0.004215751981212127
 0.003621796210025607
 0.00481713456711702
 0.00465514913289504
 0.005193093726514249
 0.005488350747637855
 0.003389126992602611
 0.003512407341656329
 0.003931167892253498
 0.003979379030781632
 0.00347916026365878
 0.005241452132833279
 0.003432229798956534
 0.005358647077430037
 0.004211851602614864
 0.003174675949196056
 0.003063337031021924
 0.003616934367526457
 0.003054551850556197
 0.004149202119298999
 0.003145755218656868
 0.002926039786212089
 0.00376434431552494
 0.002799383980089681
 0.003539576296942391
 0.003982168147926845
 0.004669691873225
 0.005012088521473154
 0.005088559099716334
 0.004272697342428061
 0.005044948872873101
 0.003752974177335949
 0.002934169988469171
 0.003549863575369999
 0.004004284057228174
 0.003045355758783247
 0.002987177887688315
 0.005321662400661245
 0.003397911938476429
 0.003772359693491131
 0.004839962938975283
 0.00291261491915831
 0.003975047497525881
 0.003566353690776437
 0.003588621677376264
 0.005020531876051333
 0.003467012470608772
 0.005779567019062183
 0.004746002375780905
 0.004026841657076032
 0.004350100387511541
 0.003543219624777383
 0.002880494861738368
 0.005310180808946606
 0.004560417261462027
 0.003817947413920507
 0.004469181889054204
 0.002871561366811667
 0.003368709351594019
 0.002990828364184648
 0.00371347483968907
 0.004718735646420555
 0.003441364828185582
 0.005055367245233353
 0.0040278961802723
 0.003496336684022341
 0.003138517833103884
 0.003408320942646701
 0.004398310205346565
 0.0036478867522833
 0.004537735679847604
 0.002942242807079672
 0.003712037674258057
 0.005249092361137991
 0.003400291739867112
 0.003645934618133346
 0.003854843434951732
 0.005132802225883056
 0.005299993153296244
 0.004908509637094002
 0.004912461165723309
 0.003746731059382212
 0.005127020648201568
 0.005184212964782744
 0.0036692602544319
 0.003343696093950953
 0.004365105874496641
 0.004877977558639233
 0.003807243064598378
 0.005574884816515565
 0.003132950580805362
 0.002969122355475519
 0.003852430186811488
 0.003111226210860555
 0.004024053329306053
 0.004829393013265959
 0.005245356654069994
 0.003339370122161366
 0.003965047782672461
 0.003529742328929951
 0.002903842956154006
 0.004118227587452186
 0.003138822583967459
 0.003335690404247105
 0.004561194655348036
 0.003832326418761725
 0.004636079729880427
 0.003721318742139789
 0.004463890436912898
 0.004479424384171446
 0.00509316034040009
 0.003783502135051903
 0.004723479188695858
 0.004199919968966661
 0.003372854335254572
 0.00428326813279425
 0.003282768380561825
 0.003857181857696436
 0.003263233709075507
 0.004616135894279322
 0.003304228109946576
 0.003309330021796337
 0.004174043476021405
 0.003299597360210372
 0.003713095746188308
 0.004302435858549392
 0.004991842105366301
 0.005319457532979143
 0.005263271980783999
 0.004566605099318076
 0.005502429233120627
 0.003964504354091483
 0.00335334240165285
 0.003965860492139694
 0.004392389920570661
 0.003346426138657887
 0.003199890696673746
 0.00550312266332501
 0.003699549982847241
 0.00428105033557581
 0.005205005096914965
 0.003261776864104241
 0.004281891407678947
 0.004056830666738501
 0.00404792190433417
 0.005368276089120876
 0.003663481673955883
 0.005579295751937908
 0.004984366676368352
 0.004102319967606754
 0.004672689605237692
 0.003801734915984597
 0.003152383430385318
 0.005509687552768951
 0.004973311506891378
 0.004054432267032382
 0.004248372998977824
 0.003223078033543459
 0.003700880023157121
 0.003361500668732686
 0.004159538487719512
 0.004918894916538676
 0.003541693533856687
 0.005224607027168524
 0.004152447279104849
 0.003915382425403798
 0.00342751084141346
 0.003771101623716585
 0.00488893745912249
 0.004032328774976836
 0.004826704447087532
 0.003273649216132534
 0.003866662517931603
 0.005574600185491723
 0.003799763444725309
