# Created by Octave 4.0.0, Tue May 28 13:57:38 2019 EEST <li9i@spell>
# name: mean_errors_t
# type: matrix
# rows: 1000
# columns: 1
 0.003539229000579299
 0.004173169941005314
 0.003314858347686096
 0.003327803320952234
 0.003203180332176302
 0.003792904511673414
 0.003760865035434035
 0.004536676002549365
 0.003420445314233029
 0.003448552740387652
 0.003033442173311863
 0.005044652287434852
 0.002848512513126721
 0.003176503217422068
 0.003980338268720527
 0.004498804562229388
 0.003754429757952881
 0.003991161541262853
 0.005323500336582587
 0.003817684841981967
 0.003155422238778707
 0.003494284093534673
 0.003499652684486799
 0.004795552729922734
 0.003321290974822848
 0.004297263582543607
 0.003519221539099129
 0.003908623478591959
 0.004309720167374844
 0.004250754996866743
 0.004274124128671204
 0.003613108461571935
 0.004649451932494114
 0.002936137126546899
 0.004016159485740036
 0.003512062052822762
 0.004318456636733031
 0.002924086345465866
 0.003299772762349583
 0.003838319316145159
 0.003185542684993325
 0.004312400287814865
 0.004382415791338382
 0.00362682210536917
 0.004709342944507295
 0.004352700852884405
 0.003931235846322671
 0.003528234066175146
 0.004443580106389811
 0.004185812243701579
 0.003474923056420784
 0.004531903534946292
 0.003187800382034182
 0.003422456868862285
 0.00334094443923536
 0.003323793841256754
 0.003870647051756077
 0.003809234154190505
 0.004017363292278477
 0.00467436743813231
 0.004343137619062109
 0.004260929398373312
 0.004376243489166733
 0.003625507997406639
 0.004561856329583423
 0.004000787101271891
 0.004693767573153641
 0.003159858784858297
 0.003710743589971805
 0.004734685732326056
 0.003738254500951391
 0.003258311347461686
 0.003758931128141734
 0.004618253948117227
 0.003762311929352358
 0.004352104993712106
 0.004584687085367235
 0.003519797865357005
 0.004402599984982109
 0.004911746078555524
 0.003444013621592055
 0.00330664665084646
 0.00410386086510826
 0.003371917244599522
 0.003617827207462562
 0.003823700023994461
 0.004427433320091311
 0.00416585818824209
 0.004648795746617752
 0.005135882985288734
 0.003485095795799489
 0.003925243545899554
 0.003994487782788687
 0.003974863231631735
 0.004915016945490983
 0.003944742114950123
 0.00449984415192972
 0.003847384288730922
 0.003007820554429131
 0.003763388498008524
 0.003832027226979732
 0.004590312720946297
 0.003696479153933189
 0.003803558517480517
 0.003713952632494323
 0.004361058274018473
 0.004106596101564307
 0.005095575227810178
 0.003871193340703949
 0.003823962261034233
 0.003329568498210848
 0.00556167372205847
 0.003117304278766233
 0.003632009042120482
 0.004463201516700363
 0.004860256087731849
 0.004351125626306419
 0.004414346973624339
 0.005914408681394522
 0.004169506015203484
 0.003420808193952278
 0.003924833801238191
 0.003890893791202193
 0.005061720621296999
 0.003621119563951981
 0.00479660330266988
 0.004102651753390267
 0.004261768209470008
 0.004544616869715753
 0.004794308053429524
 0.004583322961253022
 0.004012335387010622
 0.004994295753376018
 0.00334418185762832
 0.004521764975564854
 0.004024287389859458
 0.004867514874464953
 0.003145014988533906
 0.003575585649114272
 0.004393993139979368
 0.00353103431882898
 0.00445775704897553
 0.004795342537674368
 0.003903934436020248
 0.005356592056880947
 0.004996224645460839
 0.004457889650296268
 0.003863258816822681
 0.005012110811521039
 0.004673784862552676
 0.003717903238239061
 0.00499757951087566
 0.003525545550312319
 0.003990426386771662
 0.003900444695941955
 0.003700415047902979
 0.004389098928785444
 0.004424145294498626
 0.003799640207716263
 0.005186221868502632
 0.004818905425538569
 0.004699962540963508
 0.004813951517740262
 0.004089082131688996
 0.005209933167637159
 0.004435809251091073
 0.005373061575340583
 0.003170439148498523
 0.003950034311258108
 0.005153288210572152
 0.004292387129641826
 0.0036051605706392
 0.004360382795409418
 0.005116665360757429
 0.004195983034025988
 0.004661712801504178
 0.004914422601229973
 0.003673813210283749
 0.004886063601265712
 0.005218522470162848
 0.003861637767019723
 0.003698871257778285
 0.004510281643287073
 0.003791559089643188
 0.004062366112329859
 0.004547736335407761
 0.004888205368536717
 0.004533723820176987
 0.005161267006471804
 0.005404003258758635
 0.00399922148050328
 0.004274047409831797
 0.004563358459443206
 0.004438393815207411
 0.005599057945728439
 0.004280696089861367
 0.004919028668059578
 0.004460379409627321
 0.003290565466641876
 0.004300531155604353
 0.004020528802091634
 0.004050544976472039
 0.003543076918371418
 0.004862824134333033
 0.003678695642749608
 0.003864287249109829
 0.003895330797824306
 0.004292673040239335
 0.004377576352089753
 0.004234891508086521
 0.004933883329285852
 0.004446369142494296
 0.003960912340323521
 0.003816565661758719
 0.003545775339318506
 0.003107654667917501
 0.004098747313617975
 0.003541180022342658
 0.00340531429509917
 0.003908120978768389
 0.003565351530884078
 0.003711002661861918
 0.003572847136806963
 0.004690800863213683
 0.003666192712207091
 0.003775911628301482
 0.004010569267714886
 0.004968269593060439
 0.004328811481184954
 0.003438996472107419
 0.00361784272315524
 0.003316899352480132
 0.003759391120996561
 0.004341700836125967
 0.003139892722562712
 0.004991962971262715
 0.003324902533075834
 0.003935411420942205
 0.005015255322012292
 0.003505582258720602
 0.004789778432841443
 0.004339088992716787
 0.003413008670169093
 0.003847191607517954
 0.003880289803042376
 0.003732931753575051
 0.004459739249802874
 0.003992985364761367
 0.003334102946212841
 0.003154603535185718
 0.004309929425453963
 0.005231987738942769
 0.004060840874665565
 0.003316808861558036
 0.004219729002862454
 0.003819353014909644
 0.004140524807803627
 0.00363591977801714
 0.003484406635336096
 0.00410563563922731
 0.004604045077180366
 0.003317837436838139
 0.004470289828824321
 0.003679475829918322
 0.004059548124010557
 0.003702490639868797
 0.003845706036597411
 0.003390225169904261
 0.003514433664357499
 0.004043974602441594
 0.004746766334390845
 0.003721125848054288
 0.004569505201117576
 0.004702195806424607
 0.004069973320655088
 0.003778264645721032
 0.004097972140660587
 0.004470974532045579
 0.004890453468269826
 0.003535547151376186
 0.004531871738809847
 0.004082615771916562
 0.004253835548627916
 0.003745845294871866
 0.00398303436907843
 0.004719227877910881
 0.004570697038121259
 0.003357742176901132
 0.004425152853449675
 0.004286812769277788
 0.003610077999600716
 0.004165028507128798
 0.003349524979010329
 0.003276610606809922
 0.0036275936758652
 0.00392988618271138
 0.004353013114663191
 0.004118856761969361
 0.00342198149706484
 0.003568161984500209
 0.004233675097664694
 0.00432219234790056
 0.004145213414959378
 0.005277639955857467
 0.00446795194837356
 0.00445852066493536
 0.004332986520033426
 0.004792197911029815
 0.004957553263119117
 0.004809141765639972
 0.005686415939697766
 0.005077971417199424
 0.004449113106473558
 0.004543123173411673
 0.004014865176070597
 0.003404435579964759
 0.004454544345676776
 0.004048493741422764
 0.003918522870381682
 0.004321565648667068
 0.004110708162323121
 0.004460842374058296
 0.003926176790133058
 0.005162862846811183
 0.004334099956953747
 0.004273049449174264
 0.004648834438689116
 0.005361016162824139
 0.004795502606914404
 0.003755100003202359
 0.003985586454094683
 0.003791555674377987
 0.004425696477280701
 0.004980850574590653
 0.003844764315220541
 0.005412155859443758
 0.003669093863945317
 0.004165831568553363
 0.005511269185282677
 0.00399603268707335
 0.005403173423275544
 0.004650035204728445
 0.003834583095216045
 0.004502339887411904
 0.004430359555366286
 0.004229028841271196
 0.004882983820720505
 0.00447370357875804
 0.003925720702526415
 0.003726780071942618
 0.004689758570705528
 0.005656141319131633
 0.004579799974359528
 0.003874142877948608
 0.004755806569363576
 0.00447518050091241
 0.004717502455141457
 0.003829453708511254
 0.003863129516788783
