# Created by Octave 4.0.0, Tue May 28 13:57:38 2019 EEST <li9i@spell>
# name: mean_errors_xy
# type: matrix
# rows: 1000
# columns: 1
 0.01206676264062288
 0.01139731147454348
 0.01250738173291766
 0.01222780960140491
 0.01201376579680711
 0.01211406404832644
 0.01162731691152241
 0.01149519750917189
 0.01185348588402357
 0.01198781047867975
 0.01241978733103273
 0.01183289591555494
 0.01192346336129125
 0.01213653958875604
 0.01160755721685328
 0.01147466921937795
 0.01156210412996109
 0.01167271971074244
 0.01193806299680048
 0.01201977794107651
 0.01204783001041673
 0.01200019276463994
 0.01194065528962771
 0.01154752599288173
 0.01201796306331569
 0.01213324118075821
 0.01178084589355391
 0.0119916295576473
 0.01260029533360872
 0.01139739550447896
 0.01146976582624233
 0.01180349647605607
 0.01139825134890125
 0.01204435211613744
 0.01174099416679094
 0.01236355123259946
 0.01142571439425178
 0.01211939926412274
 0.01228269881150678
 0.01148715744116731
 0.01235419729693803
 0.01233858017453675
 0.01127711300546162
 0.01193588837008938
 0.01107552740220333
 0.01149401505359943
 0.01176974787103953
 0.01183732079072717
 0.01111060604889061
 0.01139926595046748
 0.01202461222051507
 0.01145124089201403
 0.012219923496052
 0.0119130173581617
 0.01219567605253244
 0.01195008827866801
 0.01233298980753526
 0.01138984499985013
 0.01269710132793744
 0.01136396862361193
 0.01156953348050541
 0.01166244107333884
 0.01147825001329458
 0.01185012136544798
 0.01130004218856225
 0.01215517173100264
 0.01137496157977074
 0.01260264880280971
 0.01189479701483184
 0.01135257388696338
 0.01205681279776775
 0.01232496433969728
 0.01154505156836483
 0.01160763728533304
 0.01187454407811438
 0.01131163434995222
 0.01196981201219061
 0.01205725907698106
 0.01174297584184042
 0.01167880606597003
 0.01197677997358797
 0.01238818483556612
 0.0114465204438655
 0.01179706393419585
 0.01204362149078779
 0.01273675976888166
 0.01155154887254526
 0.0115967040783272
 0.01109987531507193
 0.01183093747700106
 0.01170965872397522
 0.01155301478390264
 0.0124042976707121
 0.01163805200662522
 0.01102444679998174
 0.01167684395683935
 0.01132968358046435
 0.01161608857424492
 0.01217556368132823
 0.01137621607344114
 0.01140531816836091
 0.01177978863944588
 0.01199973419016773
 0.01193341358874984
 0.01183308698174543
 0.01297238613983996
 0.0116997209226432
 0.01192471474754927
 0.01172574693410644
 0.01180327028104062
 0.01192475749592561
 0.01084315842878406
 0.01180721763718596
 0.01211399855437062
 0.01196001301158086
 0.01200006157913573
 0.01156863214377745
 0.01196670815361716
 0.0108932783364776
 0.01115946740922074
 0.01141521813869055
 0.01159073042752742
 0.0119511924733482
 0.01193551614152125
 0.0114231001196012
 0.01133946741343643
 0.01171813165524943
 0.01189611788047089
 0.01154389993321226
 0.01210537439818246
 0.01207879671452899
 0.01162453796192341
 0.01203685177950862
 0.01189062103244613
 0.01090420706588131
 0.01161785858159328
 0.01188459625080312
 0.01161928674437033
 0.0117209139745992
 0.01158263055242969
 0.0117816481970312
 0.0118961857578569
 0.01189826647357851
 0.01130637531126116
 0.01185619790319589
 0.01211349719149803
 0.01196341790391166
 0.01124777416621763
 0.01176618209002773
 0.0119522393095551
 0.01136157699129429
 0.01180107173859946
 0.01171732464289138
 0.01170504665655419
 0.01199499020566544
 0.01183870851052828
 0.01144382923690641
 0.01167387700662753
 0.01218259469151109
 0.01169397660008026
 0.01185413167054601
 0.01237993051247282
 0.0120607640172724
 0.01177853970859828
 0.01198012910481175
 0.01243635869590549
 0.01198018743699615
 0.01223221654809094
 0.01182075744967878
 0.01206614920408841
 0.01223452259289974
 0.01166335021417883
 0.01152033821021744
 0.01059451671270716
 0.01195669814623648
 0.01193660704179842
 0.01165676482110341
 0.01160793261287382
 0.01207386521967401
 0.01074987137070636
 0.01192101586098762
 0.01173324834054226
 0.01158016761404176
 0.01156128855843137
 0.01203692909746807
 0.01276320896720965
 0.01212278832487828
 0.01205727611042024
 0.01172372865931302
 0.01162831608258745
 0.01158591397255626
 0.01146911516157182
 0.01274271456003022
 0.01173022115520436
 0.01179726607444295
 0.01095442706502071
 0.01212933675208728
 0.01154281663981795
 0.01172950965772641
 0.01114981738494933
 0.01146423099028637
 0.01140803093996467
 0.01193004076702214
 0.0117398764318248
 0.01158130523883159
 0.01198566329238593
 0.01240044389337565
 0.01168173602999615
 0.01118490201053393
 0.01142558967681822
 0.01111368525409204
 0.01148775189145173
 0.01170292911767274
 0.01158950939412776
 0.01206611174564102
 0.01218020105285355
 0.01168120771440563
 0.01229687807410778
 0.01192337472798447
 0.01156989949838815
 0.01238529668119902
 0.01229616264072559
 0.0123408603103555
 0.01151144170229678
 0.01194525678093833
 0.01210429614902877
 0.01175484590141293
 0.01155227048512964
 0.01160231124020283
 0.0120699135465686
 0.0121966401980915
 0.01215709342204611
 0.0117864060503251
 0.01148053514605488
 0.01211858506875131
 0.0118080385534548
 0.01228727383393646
 0.01167433249065401
 0.01120207900197144
 0.01193497689398205
 0.01167907804599032
 0.01143483384508645
 0.01191145199968025
 0.01185726831125212
 0.01162030769768334
 0.01176415922700417
 0.01187028450570343
 0.01152024276208866
 0.01198716893807017
 0.01102104651871991
 0.01166221594079125
 0.01166360634722759
 0.0110971120702032
 0.01193692358291701
 0.01128067834340504
 0.01203337437523707
 0.01124884358828408
 0.01231959002176419
 0.01211817490207139
 0.01155532981734447
 0.0111470113539308
 0.01237075211982789
 0.01209236481326786
 0.01201388945582022
 0.01223798582775166
 0.01225152443715248
 0.01157992344540645
 0.01234476585437411
 0.01198819958227929
 0.01153918938349329
 0.01178179135965727
 0.01205428081433558
 0.01146710276203833
 0.01174589242467111
 0.01199529070355742
 0.01185050003932251
 0.01141374715962728
 0.01144358213222672
 0.01153393546715406
 0.01198989555210784
 0.01144697151338865
 0.0120850248601435
 0.01160905555976665
 0.01169475477654451
 0.0118811717467712
 0.0110725356182377
 0.01122890188475115
 0.01193107089977375
 0.01140568528340077
 0.0114901992522137
 0.01200440816103731
 0.01171269804705843
 0.01234914320831666
 0.01209540596374788
 0.01221896233925481
 0.01178850387432332
 0.01179354940893336
 0.01161026040110394
 0.01173334620857516
 0.01210023648841605
 0.011893393013565
 0.01164585934275923
 0.01187124682129674
 0.01098923698673138
 0.01154440504482474
 0.01151852760692676
 0.01164886565774114
 0.01230972987035849
 0.01176845087408746
 0.01151619561286556
 0.01195600541048785
 0.01232788255324453
 0.01087383842019752
 0.01187793626198789
 0.01199824972559768
 0.01170262128576346
 0.01094747383018157
 0.01217801369109813
 0.0118268402168122
 0.01149882450126873
 0.01149499492333434
 0.01128127207905165
 0.01169016253960601
 0.0112711752397846
 0.01196203364732945
 0.01151565481369743
 0.01186548377697554
 0.01070172832973849
 0.01218492510227233
 0.01146376194422971
 0.01161877812814989
 0.01210404842868996
 0.01184620770115488
 0.01185737156252126
 0.01191885577739776
 0.01070905445660911
 0.01168198186366614
 0.01174965071739565
 0.01210461184512999
 0.01177363659931634
 0.01230410889842863
 0.01212830782720133
 0.01188958794917734
 0.01175014897266774
 0.01193084366148621
 0.01181986814699652
 0.01098301365026894
 0.01203763130198774
 0.01198243351056233
 0.01110963774572547
 0.01223501145187059
 0.01101723451021432
 0.01145769302269818
 0.01180767340840037
 0.01196572538493353
 0.01197542811944615
 0.01179977463878853
 0.01168086052103031
 0.01151210800777459
 0.01182633877517885
 0.0120224833403314
 0.01179511637710391
 0.0117249647056371
 0.01131111186496051
 0.01261086225879469
 0.01140919765558599
 0.01084247013435281
 0.01168498393985542
 0.01194424148794983
 0.01183599088872442
 0.01077857633355246
 0.01194789238737655
 0.01229245807509785
 0.01090524246317935
 0.01140012027738842
 0.01194231812848041
