# Created by Octave 4.0.0, Thu Jul 18 13:56:39 2019 EEST <li9i@spell>
# name: mean_errors
# type: matrix
# rows: 1000
# columns: 1
 0.01451912007601825
 0.01453098614038554
 0.01437410435425506
 0.05002709884645164
 0.01438360133885309
 0.01174522875531928
 0.01672953182117653
 0.01643674943969453
 0.01558820072224471
 0.01543222114261773
 0.01359429358447199
 0.01730832930269226
 0.01340268260603113
 0.01103490421076673
 0.01721768758885767
 0.01730937112968482
 0.01296737276103592
 0.0144881266294301
 0.01556452949085727
 0.0142271394632931
 0.01558967224756686
 0.01661950299340735
 0.01923956284179868
 0.01394051891352503
 0.01135666148263008
 0.01171175594008804
 0.0179635055753603
 0.01258778422800761
 0.01674140547642932
 0.01166959544197805
 0.01512067592835549
 0.01681109906872198
 0.0129742082042208
 0.01618471866836869
 0.01840632439879012
 0.01288545647039156
 0.01589080806677354
 0.01296790339826133
 0.01738482417398062
 0.01411900820601263
 0.0165819834126362
 0.02759825690826193
 0.01372326041453242
 0.01438163793906947
 0.01687989829387964
 0.01449101934429415
 0.01300489833914038
 0.01253381040181291
 0.01447834301490591
 0.01463821028481846
 0.01406980644351235
 0.01618724967131719
 0.01442513141101729
 0.01411204050616841
 0.01333308288987267
 0.01484915726942365
 0.01751507211167705
 0.01554452467144821
 0.01147717978588374
 0.01547677391301847
 0.01600557628554927
 0.01870972095636854
 0.01508771126639984
 0.01541275769274746
 0.01674166655657134
 0.01471810461894274
 0.01164554276394918
 0.0147616525486002
 0.01244915572713611
 0.01522028783114826
 0.01763288867139286
 0.01396378907381557
 0.0159471110366588
 0.0153077987401108
 0.01334881693127779
 0.01644907727696525
 0.01638272384575364
 0.01568508672282519
 0.01333011745231217
 0.01272922780877473
 0.0135227890482982
 0.01455848777848262
 0.01818729412307706
 0.01367092339296729
 0.01123211608277057
 0.01810690406137364
 0.0149036523949695
 0.01479714397278738
 0.01248715385163738
 0.01387763982082801
 0.01786797307540293
 0.04942876087517711
 0.01541166614520583
 0.01336905773599401
 0.0135021738467703
 0.01454524670669398
 0.01510079651112042
 0.01566016591153275
 0.01373308046827189
 0.01317629301125323
 0.01175909442717033
 0.01151245884035055
 0.01155450036789961
 0.01063591435999044
 0.01139403030163137
 0.01166755664799115
 0.01137358542612546
 0.01162688681210992
 0.01157075033983093
 0.01192881439885535
 0.01176841773451002
 0.01197916714859611
 0.0117557810149681
 0.01178347834817672
 0.01203517598154639
 0.01179364462119842
 0.01129339627790926
 0.0111867446783085
 0.01162315051038306
 0.01145731832323964
 0.01143522905038119
 0.01159680939006715
 0.01205878803028979
 0.011719875090531
 0.01129244746273819
 0.01140576858406494
 0.01108065780965924
 0.01198083933801148
 0.01147728918490864
 0.01165982575893757
 0.01183819846835156
 0.01160798069845563
 0.01139931976350932
 0.01149675119177298
 0.01164158182494279
 0.01088766141790138
 0.01175553278751273
 0.0116052176830692
 0.01138711504875107
 0.01118312136996705
 0.01171584978389641
 0.01150279866168409
 0.0110514985237737
 0.01137643819138143
 0.01162116977680218
 0.01168696117226446
 0.01147800023511708
 0.01192489684350027
 0.01176749870068025
 0.01207738882173952
 0.0115363861084243
 0.01179543014863683
 0.01171755333822634
 0.0115948056173515
 0.01192474713319164
 0.01148420487575639
 0.01107399559405888
 0.01156261902619067
 0.01144958697909093
 0.01199718633352277
 0.01201971367655297
 0.01184084793362244
 0.01224630178553374
 0.01149388850048041
 0.01199256257974027
 0.01139622564782791
 0.01163221261830115
 0.01179297003548716
 0.01168732280042756
 0.01163225095472666
 0.01195140094159267
 0.01167874933698972
 0.01138589684932602
 0.01183956586393368
 0.01266667788643834
 0.01211572075274252
 0.0116298601505322
 0.01145716473439123
 0.01148846512872947
 0.01187662681759459
 0.01168900154899965
 0.01172796870508039
 0.01129084597425611
 0.01238161433145202
 0.01156635418904201
 0.01157934682737594
 0.01146627968280473
 0.01163566694263619
 0.01150737507370061
 0.01205498233947764
 0.01168730545625199
 0.01104044489570228
 0.01143991035602317
 0.012327536894728
 0.01177561915476299
 0.01177755946011562
 0.01164647104604032
 0.0116314104454698
 0.01102698615680292
 0.01164557427260311
 0.01397749942488973
 0.01434779347159848
 0.01403688765489251
 0.01296770804222674
 0.01394785836736374
 0.01445184464567618
 0.01434935049674688
 0.01193060873003486
 0.0163992217466215
 0.01336104630476359
 0.0122576162086239
 0.0128540316335861
 0.01395147335677053
 0.01357842480387488
 0.01107834237723535
 0.01290097224660422
 0.01537479198551672
 0.01174616298782902
 0.01545535174591733
 0.01328310010450794
 0.01291444423697284
 0.01433282578157359
 0.01355566883727767
 0.01356630927099978
 0.06573328678635873
 0.01237027049524863
 0.01428266313676415
 0.01575594047145047
 0.0131930417179783
 0.01252616255597459
 0.01529665269518872
 0.01188449918995381
 0.01362582121776854
 0.01191887826003393
 0.01588970482547232
 0.014236629132884
 0.01729698749295561
 0.0149378547123969
 0.01491373811893958
 0.0148808874384732
 0.01500114874204087
 0.01698425438341174
 0.01355090676499938
 0.01384333980299762
 0.01206938512320244
 0.01394318506693927
 0.01303842184083795
 0.01337420140181048
 0.01249045620038813
 0.01179290649381291
 0.01128329895874016
 0.01310748775713089
 0.01480634155048017
 0.01343429054533623
 0.0135922641053599
 0.01452559951922067
 0.01221691020549084
 0.01231396315053009
 0.0145982053789783
 0.01143659635745591
 0.01489847084818857
 0.01410149972444481
 0.01372943283742176
 0.01155372744137234
 0.0108968471851737
 0.01209506706901964
 0.01313460742410151
 0.01351735359331396
 0.01501769187729929
 0.01415097145785419
 0.01678556660967697
 0.01383514931560925
 0.0136920398775069
 0.01459840262188881
 0.01270500721678431
 0.01507637037987363
 0.01132721897096914
 0.0273331079771718
 0.01177665046189515
 0.01363745958204628
 0.01257596037956592
 0.01301217155622692
 0.01001099346865622
 0.01229367958805749
 0.01835495555251011
 0.01722893712287496
 0.01267632778480155
 0.01338352555998672
 0.01485663413696824
 0.01183271362911285
 0.01652773430222429
 0.01140452032309019
 0.01263284438299727
 0.04625385025152475
 0.01308782527458591
 0.01333324987068684
 0.01199261084649819
 0.01597115220211975
 0.01536768226323761
 0.01300715069320056
 0.01174359002821648
 0.01173679203980526
 0.01161693224834949
 0.01157651853010869
 0.01185340615295863
 0.01135910735951385
 0.01206617251832012
 0.01140558835121281
 0.01100076427567271
 0.01186485954894345
 0.01153470584181389
 0.011631670764901
 0.01165418022256765
 0.01237655733562432
 0.0114815076041461
 0.01141233082547908
 0.01196806746406576
 0.01178320560336587
 0.01121770333483221
 0.01201427455616339
 0.01131550865721781
 0.01186161729377202
 0.01183395899864633
 0.01211765562971512
 0.01022369582530824
 0.01163928547143689
 0.01149446636808987
 0.01166530978187963
 0.01168940927449961
 0.01183058646909962
 0.01154313080969846
 0.01202006348121907
 0.01147832183698703
 0.01178682913128936
 0.01188389389039633
 0.01151208859751565
 0.0114141895599666
 0.0116345293283225
 0.01188889155437234
 0.01155464139328703
 0.01221435835672979
 0.01168780017606517
 0.01137093815581946
 0.01173734962806004
 0.01148443595076237
 0.01146905514164174
 0.01143126412649033
 0.01145459649759198
 0.01134241820913321
 0.01177329514049329
 0.01148455751348726
 0.01150364052930622
 0.01154867666828979
 0.01210442396027235
 0.01131220645749969
 0.01161742009946619
 0.01160811405583453
 0.01107248364422962
 0.01097150655546669
 0.01152407725823637
 0.01178065167245031
 0.01211194029142729
 0.01190301937998318
 0.01137301047137161
 0.01174679587051624
 0.01172054202605503
 0.011442514643958
 0.01183824564995548
 0.01179784448317498
 0.0119815918894407
 0.01164129433384304
 0.01159164866665965
 0.01092382401102762
 0.01144280440022858
 0.01143418540454441
 0.01204924635737607
