# Created by Octave 4.0.0, Sat Feb 26 14:21:12 2022 EET <li9i@spell>
# name: mean_trajectory_errors_dft_i
# type: matrix
# rows: 367
# columns: 1
 0.005783783018705231
 0.01117655736087248
 0.009648383098509947
 0.01042561775031456
 0.01154423385615334
 0.01258471297200395
 0.01526444149492015
 0.01469857114690326
 0.0152362644259227
 0.01641484685549996
 0.01633485174445217
 0.01407502919386856
 0.01453001433536617
 0.01212859849780931
 0.01204244494823584
 0.01229414499664077
 0.01231054065300437
 0.009870750006724018
 0.007764539392954568
 0.007111660483598107
 0.007160771708204613
 0.007450305527313942
 0.008067279220017074
 0.009089380964667144
 0.00770582017429179
 0.005561666958115838
 0.006953326375417408
 0.007127366694149507
 0.01295305327864321
 0.0131150788719975
 0.01443354725462697
 0.01512984038210366
 0.01405783353012214
 0.01547227987524039
 0.01571028114693817
 0.01530423186803094
 0.01510728675293544
 0.01757016759222139
 0.01849186881725705
 0.01670740641499855
 0.01652581320095135
 0.01532937371473724
 0.02273199060558648
 0.01707165878957699
 0.01934318165474649
 0.0201169616508822
 0.02107932985357153
 0.02189698953059101
 0.02173287945642315
 0.02183258169834545
 0.02217840381684364
 0.02334482523590404
 0.02127847629289611
 0.02233057143442081
 0.02235287311971052
 0.02231497764034372
 0.02256421248138726
 0.02249962903807179
 0.02165226816812789
 0.02203138498353733
 0.02228210454163586
 0.02103253558509468
 0.01947014517350743
 0.02014086121391642
 0.01916040817431304
 0.01881875070360625
 0.01705398693830427
 0.01650306154314674
 0.01686624113584736
 0.01937788575075811
 0.01900404705941276
 0.01600765693876656
 0.01315473119244758
 0.01195126659936102
 0.0106200413161276
 0.01019353004667179
 0.009345222952747246
 0.008303147133858364
 0.007723466734750078
 0.007763321074680691
 0.007626284975089207
 0.006810385818902895
 0.007071366244844701
 0.006470013536929707
 0.008801988279525948
 0.007801150783175427
 0.009955767296251652
 0.009929442209739417
 0.01104448478641331
 0.01111516842195087
 0.009639217136362347
 0.008317580675922032
 0.008160740566129315
 0.008064683743184097
 0.01078934944221305
 0.009671823552282487
 0.01415002105548773
 0.04213518806872724
 0.01143091276907424
 0.009210113357917705
 0.007235061675664212
 0.006994498890564894
 0.007044763024629509
 0.007185269981814971
 0.007639908664548848
 0.008137610269676021
 0.008719419236317694
 0.008510525855985083
 0.008664568117992346
 0.008769269129885654
 0.008723789021751124
 0.009137107740199961
 0.00915300788019276
 0.009415013077120758
 0.009337570642111546
 0.009507846767341777
 0.0101836029877531
 0.01059563674792073
 0.01062378615963876
 0.01097782838407877
 0.01113884483189689
 0.01187217321541102
 0.01187354523124575
 0.01222624154921738
 0.01293541347663338
 0.01307674337543916
 0.01349731989668978
 0.01396317532196968
 0.01438853485619212
 0.01485413001585577
 0.01507412459814427
 0.01551967115617973
 0.01562975521505386
 0.01591020067584337
 0.01547661247790651
 0.01592630875057884
 0.0159355097200387
 0.016184656106682
 0.01628107590402968
 0.01670695588276924
 0.01642316474324679
 0.01692621625899921
 0.01682675209437871
 0.01706170696317205
 0.01752428031353957
 0.01772765864602623
 0.01803259258408692
 0.0180798288194908
 0.01820989578751232
 0.01809837381259058
 0.01845140856327928
 0.01856765489829434
 0.01881254814262139
 0.01922996184332968
 0.01943697235183837
 0.01933447511682801
 0.01937979351948562
 0.0192980346796132
 0.01920974647505536
 0.01919489657445472
 0.01949543748334687
 0.01917495808555894
 0.01950799678375491
 0.01947751223700349
 0.01926527207828645
 0.01951137318524565
 0.01953309946529345
 0.01929780768009014
 0.01956253031581442
 0.01943409021625642
 0.01935968227221022
 0.0194781486577838
 0.01924947488142242
 0.01936960253392173
 0.0193405549795671
 0.01930004032984172
 0.01940743173974874
 0.01980478666771171
 0.01934759082498895
 0.01921896500469533
 0.01921987677971444
 0.01884826622592867
 0.01872595286572393
 0.01841233568827053
 0.01828570223551467
 0.01799015804542285
 0.01783093655687662
 0.01739187051855697
 0.01710341261779577
 0.01683196607243147
 0.01701768573465457
 0.01687780985416029
 0.01620907708149284
 0.01589467389639566
 0.01603539742130416
 0.01616488710410188
 0.01610410822139016
 0.01618893965920223
 0.01597880261059254
 0.01579087826818049
 0.01614500188431811
 0.01651342536413517
 0.01748744542788529
 0.01853471598688552
 0.01963166171343948
 0.01993462585601807
 0.02043089120014016
 0.02066251794722008
 0.02106440631835203
 0.02167516264533157
 0.02233882244372317
 0.02306964132252502
 0.02370396374776575
 0.02435694179150081
 0.02507522089546414
 0.02592521143505051
 0.02630774658172785
 0.0269013427083121
 0.02722422482742212
 0.02796108362432373
 0.03062982870136206
 0.03002583833570852
 0.02941915305725623
 0.02986624861510912
 0.03043802106203896
 0.03077533856038665
 0.03030418665053129
 0.0300741155075534
 0.03041495538066934
 0.03082397324131539
 0.03116730354794238
 0.0312692765248981
 0.03100505350529353
 0.03121531429456453
 0.03161589581096536
 0.0314763381924494
 0.03185997521884909
 0.03188456340573183
 0.03241677066178177
 0.03236060262694789
 0.03234287364562277
 0.03224657542275727
 0.03226931203767264
 0.03245001340492189
 0.0322351456344537
 0.03241451515158263
 0.03291444952130898
 0.0330722024060555
 0.03336691763667177
 0.03370903831077886
 0.03365695158024037
 0.03364970863728584
 0.0343847161086924
 0.03418404200546797
 0.03361556846674098
 0.0343789551612812
 0.03469952341338847
 0.03495140472854711
 0.03494041710635859
 0.03550165532409445
 0.03560428577555673
 0.03583470817176379
 0.03594370601145101
 0.03607069075307352
 0.03640290607935243
 0.03608631134064405
 0.03626188751940524
 0.03636214947848582
 0.03636067961585979
 0.03641364603758907
 0.03694010876510338
 0.03736144703558816
 0.03753354673682116
 0.03796898097181368
 0.03842143422739598
 0.03879635806393791
 0.03920586497139923
 0.03978751846003947
 0.04029238367526302
 0.04034878275781888
 0.04058888484278235
 0.04120101530976419
 0.04110925288218839
 0.0417289434029655
 0.04159475730721214
 0.04174620741228467
 0.04186189084456328
 0.04140220762016242
 0.0415195825699736
 0.04153290492113196
 0.04152352488131754
 0.04089526731380883
 0.03840997976382926
 0.0384521898553048
 0.03830233639089125
 0.03772609356420586
 0.03725494476166574
 0.03638010413565793
 0.03603258491030538
 0.03520403584242855
 0.03511856172718876
 0.03532899724635302
 0.03615833851589443
 0.03612339560067326
 0.03630399295347297
 0.03587534443605387
 0.03597018387176608
 0.03542815643691762
 0.03576663737404615
 0.0352655684289155
 0.03553525297020801
 0.03610931952253212
 0.03602769018020135
 0.03591662668782042
 0.03636415135150786
 0.0364778747903151
 0.03659240539032295
 0.03698651967149394
 0.03771200431283194
 0.03782483378193379
 0.03794852762662745
 0.03862469397586292
 0.0390174984206282
 0.03942723156957663
 0.03982887004572754
 0.04042695352991665
 0.04062922621029755
 0.04075629963811224
 0.04161863115858006
 0.04151600018379621
 0.04177171775364615
 0.04218231605134444
 0.04315781976965396
 0.043783716697602
 0.04390516293091093
 0.04401742821989869
 0.04542722569748675
 0.0455923046970535
 0.04783009586074467
 0.04731899916668894
 0.04616449393632414
 0.04445120443947473
 0.04469986098748616
 0.04518141588373438
 0.04514481712151024
 0.04481558366148358
 0.04525167836448665
 0.04596403045876384
 0.0461095149416694
 0.04879744671292968
 0.0488525765796754
 0.04865741942108715
 0.04839184634247133
 0.04990744720960895
 0.0516787238974189
 0.05203166212720638
 0.05260055671458362
 0.05316255102687528
 0.05200156931710953
 0.0525062613549102
 0.05292888339936028
 0.0527413924039651
 0.05328585364537754
 0.05359754476168023
 0.05333022846712254
 0.05301889011857198
 0.05286033986370792


