# Created by Octave 4.0.0, Sat Feb 26 14:20:54 2022 EET <li9i@spell>
# name: mean_trajectory_errors_amcl_i
# type: matrix
# rows: 360
# columns: 1
 0.06042771920222279
 0.04652635271498266
 0.03521761490389291
 0.02754116072868765
 0.07065033370106391
 0.0643877237530882
 0.07765761571393517
 0.07195349720145158
 0.05652811660373346
 0.04469132449603527
 0.04501979444138494
 0.04028665328881798
 0.03898653733916013
 0.03633727079249886
 0.04051209098840321
 0.04637137544470608
 0.04562958601784523
 0.05485176762440636
 0.06913390278356057
 0.06585594711525243
 0.08635925334504123
 0.08107956381307899
 0.08414171736199086
 0.08848857066749979
 0.09766826083628989
 0.09375079527219954
 0.09508577471400249
 0.0922484042660293
 0.08142099526855801
 0.07052274590925411
 0.06321781182428304
 0.07246524904878239
 0.06555245183736749
 0.06674804761474379
 0.06440339428343078
 0.05063560669977918
 0.05451222827908617
 0.062179287949072
 0.05263118000231128
 0.05774253725983305
 0.04039117243852263
 0.03946237168372509
 0.0447622157993801
 0.04739520139396736
 0.0498326519333829
 0.03612771091066015
 0.03569389073986642
 0.03515795805406265
 0.04052053354820119
 0.03859676094967905
 0.02984116434981807
 0.02788450186875748
 0.02870562678707553
 0.02233874552727886
 0.02498737626782804
 0.0248950649116156
 0.0233290861410086
 0.02351414673029732
 0.0210874420207859
 0.02960602194270079
 0.03227969253224632
 0.03608450655850838
 0.03059050146374887
 0.03335430775227405
 0.04143774252951017
 0.06002908993189723
 0.05302238987255901
 0.05577983008609066
 0.04419455689945583
 0.03862070331940336
 0.04395002684730988
 0.039382946357266
 0.03627532999835033
 0.03259684293050148
 0.02485945412869198
 0.0373669150821946
 0.03512775849865102
 0.03892164403323885
 0.04754676452970786
 0.03818168972723729
 0.05273659427430582
 0.05824279846478985
 0.06173680528155123
 0.05567554130422978
 0.05395150612235457
 0.05702395818164876
 0.06105279984683643
 0.0647775286917292
 0.0646818659860017
 0.06414068679107707
 0.07353735936356182
 0.07516724864125596
 0.07103063873776089
 0.06623080853576861
 0.07055208710279656
 0.07496521961411547
 0.06575237774674278
 0.06335419995222194
 0.05794144515505996
 0.05155379067000442
 0.05858973729719887
 0.05355432040570301
 0.05197654152660945
 0.04389368927848596
 0.03616804549843714
 0.03458097622163495
 0.03583987521341547
 0.02949907394023825
 0.03317002505618392
 0.0328823395409176
 0.04327161792841829
 0.03629543172018689
 0.03976871495160084
 0.03553615624669706
 0.03571073006767042
 0.03457750931969725
 0.03110835303383824
 0.02696240288790998
 0.02279179366561476
 0.02858544372533914
 0.02739679273038166
 0.02617681698833623
 0.02632877115810459
 0.02432915961814817
 0.03211258461230009
 0.03701257931158261
 0.03986228859773136
 0.0421466234585845
 0.04164907753496154
 0.03636912372879588
 0.05003190510919812
 0.0518893699806097
 0.05245741724580039
 0.04516126871638172
 0.05375727844315861
 0.05036531168933372
 0.05354307074066107
 0.04866985756431541
 0.04451413361832648
 0.04025355453699286
 0.05220012308415063
 0.04178472359485823
 0.04247238341808966
 0.04646134692348673
 0.04555062746286771
 0.0508706253067771
 0.04870401857983765
 0.04638498396722629
 0.0447412663180299
 0.04393487757956555
 0.04737049599570757
 0.05031702118559483
 0.0593511195151384
 0.05993887677699893
 0.05490170775119339
 0.04883330624618158
 0.05070675361960332
 0.04849031825341751
 0.04864097029310532
 0.0390227523022109
 0.04114837920667212
 0.04818930666937013
 0.0495531216801945
 0.05358180711291595
 0.06007733896382182
 0.05830044014384364
 0.05568975396923131
 0.06057822419348691
 0.05255493252192608
 0.0454722668312669
 0.04978569250949078
 0.05044835372264332
 0.04650867190575751
 0.04475156353309151
 0.04965824255413523
 0.04449382720589642
 0.04034699370221739
 0.04124710283317334
 0.04764380889060837
 0.04969285478323664
 0.04428271775841888
 0.04795867896047727
 0.04065147970648761
 0.04316919784157008
 0.04828888420572729
 0.05568483923166227
 0.0506358422566782
 0.04844112880546486
 0.04496947239619064
 0.04129058685806487
 0.04555100224997832
 0.03510112610691087
 0.04787421279386009
 0.03551863486733996
 0.03608784496802431
 0.03272323466535394
 0.0252974296778927
 0.02725938303287105
 0.02466410026452404
 0.02726361323245809
 0.02667875711043421
 0.02423201029040918
 0.0267761165178976
 0.0230304864993157
 0.02108407648921591
 0.02188542496974134
 0.01992952609566028
 0.01743654655779104
 0.0180337718302195
 0.02516239317239814
 0.02286026582916474
 0.0222254074173988
 0.02288743988604258
 0.03317858107543258
 0.03583308258117499
 0.02140041817601855
 0.02092966833069287
 0.02450231088712886
 0.02469244371544504
 0.03083306210034202
 0.02794191367547161
 0.02661256483177632
 0.0257574487567404
 0.02879948912716301
 0.03089571579925087
 0.03943646756141854
 0.04068178116275532
 0.0406335009981782
 0.04475327106529642
 0.03820352537478391
 0.03465388255880929
 0.03311457162073461
 0.03573866294636248
 0.04152036464349965
 0.05171574003970482
 0.0533743073899964
 0.0594958454353225
 0.05847139692507673
 0.05722428934352157
 0.04786749638209133
 0.055095176182834
 0.0581510592818657
 0.05383675909231862
 0.06075972574259305
 0.0631370308581706
 0.06335654872196085
 0.06615785199000364
 0.06023770678156042
 0.05984847908831929
 0.06324908538451646
 0.05827452826276407
 0.05667284691919117
 0.04786383938251473
 0.05018805903631969
 0.05152402464407005
 0.05195235025851476
 0.05117650752476929
 0.05048088330034151
 0.0507156965001949
 0.04836685583088356
 0.04998051932741245
 0.04869157807220537
 0.05005290814460533
 0.04913259020382955
 0.05070796827555888
 0.05091613294770363
 0.04805401654813227
 0.04634650506933946
 0.04670893154305063
 0.04733896910304943
 0.04855926284942141
 0.04965304352167235
 0.04668783203716884
 0.04776247068385364
 0.04129295092943987
 0.04276201676538127
 0.03986134634403652
 0.04362366793125092
 0.0410897513059244
 0.04457440481468986
 0.04107146818722276
 0.04346429969860244
 0.04391825039023989
 0.04141713036998827
 0.04075266631148391
 0.03591933338087968
 0.0344564199341974
 0.03265549864677973
 0.03269701509818898
 0.03245013897486056
 0.03312044036550214
 0.03276092619995916
 0.028956377741801
 0.02728299036879029
 0.03025101929549161
 0.02890695176579593
 0.03074948616059876
 0.02783982785752911
 0.02869411583840523
 0.0271090360806587
 0.02947671902869792
 0.03079180321451067
 0.03162048069966111
 0.03392816562575948
 0.03667598792374387
 0.03680067611545015
 0.03832240249102046
 0.0371628593910717
 0.04393441043459757
 0.03844808039680995
 0.03465311173385056
 0.03636980652188421
 0.03384127366843064
 0.03358960454327314
 0.03480757701560319
 0.03360318431376097
 0.0343449801258925
 0.03486743452448122
 0.03513869916629558
 0.03832127701092526
 0.038698656748386
 0.03865970973436017
 0.03863671185355168
 0.03828505683841188
 0.03564253889530237
 0.03532178465043848
 0.03424290118091941
 0.03463821466660393
 0.0430429296596245
 0.04609362923087414
 0.04347972658259251
 0.04360422162170918
 0.0398771081437049
 0.0411092226312177
 0.03929363089563478
 0.04228331420146694
 0.04310184786236043
 0.04040119650338718
 0.04444229201623585
 0.04493491668787934
 0.06011141336829424
 0.0679885875499066
 0.06804701089413752
 0.07221868161912746
 0.07203666622691793
 0.07979115671192508
 0.08198669433064176
 0.08509178538241056
 0.08347356665903553
 0.09114297314901892
 0.09791827921384666
 0.09287849109992694
 0.0837246214375458
 0.07885495351041871
 0.0871353165443832
 0.05764080803200565
 0.06376801112368748
 0.06410928213451735
 0.06521851160842226
 0.0695580575440765


