# Created by Octave 4.0.0, Sat Feb 26 14:20:18 2022 EET <li9i@spell>
# name: mean_trajectory_errors_dft_i
# type: matrix
# rows: 362
# columns: 1
 0.005492442754882128
 0.009632811311857628
 0.009374449600296566
 0.00982006965797062
 0.01084514755747203
 0.01181431371596262
 0.01367992526122528
 0.01465905401827604
 0.01500705024174241
 0.01589281574784617
 0.01693304261087332
 0.01562327219643885
 0.01274097642562374
 0.01133883774875358
 0.01072601525742444
 0.01267810965623043
 0.00977395811046463
 0.009180962043163765
 0.007615072451450827
 0.007566765742705992
 0.007422248783260491
 0.007481502490901709
 0.004906534631410452
 0.005566358470518055
 0.00633010770044796
 0.005701262903084099
 0.007367182171880496
 0.006819044754523343
 0.009700217518622916
 0.0128840759078793
 0.01562916159289143
 0.01467328982621801
 0.01465058906249191
 0.01475154900324902
 0.01588218273723205
 0.01418719107788831
 0.0148909116144726
 0.01610337659330304
 0.01531379287978043
 0.01555939735208326
 0.01662233477698966
 0.01556108649027465
 0.02015736603383887
 0.01810756493859066
 0.01914674505490284
 0.01902980890173554
 0.02119442506720386
 0.02268209265318805
 0.02564825239130965
 0.0258664282273159
 0.02207467870237925
 0.02354496860928589
 0.02344174058808599
 0.02249317829123934
 0.0221755285134685
 0.02233154540043426
 0.02228205237235879
 0.02252978299966363
 0.0242997874460603
 0.02417508373309523
 0.02136657662279915
 0.02170088736223089
 0.0214095322621243
 0.0196551428131198
 0.01888132027487779
 0.01774705576293051
 0.01834423891838944
 0.01684729440079079
 0.01736448787960661
 0.01628871618463668
 0.01952185023791946
 0.01488441313029454
 0.0137973458045347
 0.01290976526124827
 0.01242052069961304
 0.009647780528594753
 0.00934312956874226
 0.007484520555409152
 0.007300794052342646
 0.007556808006595545
 0.007951416654176934
 0.007638859137209756
 0.007986631982090946
 0.006808871171635677
 0.007804919416972226
 0.007603348118442819
 0.006674701769882838
 0.009723691865617006
 0.008370797283418649
 0.006980235895181678
 0.006769782106509496
 0.008150562108980306
 0.007129437957106229
 0.006307997010712086
 0.006604066419603788
 0.009849945236686792
 0.02468537180276289
 0.06960396882954575
 0.0250976915128151
 0.0101399719391236
 0.007393162376506368
 0.006664249550991846
 0.006780158930505686
 0.007084972759695427
 0.007628052801667728
 0.007936121787828765
 0.008515846781540092
 0.00817560219842443
 0.008885058997197466
 0.008459381482124512
 0.00864293126900777
 0.008824071660963894
 0.009113727100833587
 0.009146940593395034
 0.009270187742023317
 0.009514906443317872
 0.01006119709382211
 0.01012759250463918
 0.0105458555339572
 0.0111974566528004
 0.01103963944239138
 0.01122971062470585
 0.011940326438552
 0.01233691099892192
 0.01275782921256357
 0.01303510123291167
 0.01340849148791857
 0.01416516705077675
 0.01413662163317787
 0.01482980818835863
 0.0149105814307271
 0.01556843619258628
 0.01566701826252865
 0.01580408174433242
 0.01568034534962869
 0.01563984403037849
 0.01600389991592731
 0.01590475782289796
 0.01641009650229185
 0.01660220839661369
 0.01654070288626501
 0.01674321140650327
 0.01723526859483167
 0.01722117970754387
 0.01737943133875643
 0.01758865749233638
 0.01796155529717114
 0.01799489806684319
 0.01798063215128913
 0.01830376329359973
 0.01833280136887911
 0.01892986081072227
 0.01898826505232625
 0.01907703008066715
 0.01895699594866706
 0.01911066661291097
 0.01937165736541237
 0.01922287491836724
 0.01933185281988807
 0.01966150263332686
 0.01943835612760943
 0.0194124504888919
 0.0195171983641839
 0.01964270976946949
 0.01937275047682372
 0.01956002722502365
 0.0195878027987604
 0.01928809522047235
 0.01943821030230757
 0.01944058046461827
 0.01952602265156629
 0.01949640373543581
 0.01929022717821539
 0.01918223905308222
 0.01943547161906952
 0.01915962944721988
 0.01952629196081996
 0.01981419378746921
 0.01950335444012075
 0.01936097768567605
 0.01933974910084436
 0.01895299812586897
 0.01872438138534256
 0.01864285004939679
 0.01844543131674395
 0.01821160842959062
 0.01781529741493834
 0.01729920335719709
 0.01711813389578082
 0.01702467748625373
 0.01671283829601724
 0.01676762864499139
 0.01616361968971693
 0.0159509665531601
 0.01536045977735197
 0.01570864347284729
 0.01591165151535273
 0.01567985940899835
 0.0157065581680895
 0.01582856623607084
 0.01592741100871664
 0.01688120168852664
 0.01707813223372557
 0.01816840893048202
 0.01942306356100774
 0.01950047955364858
 0.02020175280194014
 0.02035536890837272
 0.02107162076789763
 0.0216863693020873
 0.02214234956652313
 0.0229942840647718
 0.02388223950189008
 0.02429794032634281
 0.0249536509764507
 0.02561276479727875
 0.02601214127343604
 0.02666686282909333
 0.02750411291147996
 0.02822154388655638
 0.02918437509863049
 0.02924241913867884
 0.02893976623278463
 0.02969470924470962
 0.02982954598383374
 0.03032739243274291
 0.03050454476862619
 0.03022408824672725
 0.02996146346221436
 0.03092099714173905
 0.03080166627931175
 0.03101792764926505
 0.03077607236753684
 0.03106768792773105
 0.03102055736732079
 0.03155874601000204
 0.03190501893529338
 0.0317410323329945
 0.03203726910894286
 0.03197979622081543
 0.03202074988329433
 0.03179742489875607
 0.03208955270835694
 0.03241743585023579
 0.03202314683397632
 0.03221057064960986
 0.03289668910425646
 0.03288744569032873
 0.03334247419505028
 0.0332782646658386
 0.0335637605298512
 0.03397192150620329
 0.0340146739792303
 0.03418788573441456
 0.03363386374847484
 0.03377366935477018
 0.03448150525804876
 0.03460078064569631
 0.03460503449620025
 0.03502863010350626
 0.03519139521009552
 0.03563991483953383
 0.03570482490410896
 0.03606099246873387
 0.03591614559966597
 0.03592693835960747
 0.03616786884266857
 0.0360175592827479
 0.03604022922204423
 0.03654776762271571
 0.03630270763769022
 0.03721342584863808
 0.03736949727186944
 0.03785480398258416
 0.03858745202628974
 0.03898744594978586
 0.03908448326514012
 0.03940199800070568
 0.03947115485175605
 0.04054422615919095
 0.04059913566422313
 0.04059460372920941
 0.04103561721615678
 0.04137162916648034
 0.04131146999536296
 0.04141626672329661
 0.04187068471090322
 0.04129379460698992
 0.04144624460117614
 0.04140740263803257
 0.04139156780581751
 0.04103348272435695
 0.04018963305677972
 0.03837170789569025
 0.03818726697025079
 0.03748325898830066
 0.03628159131111158
 0.03579687067037474
 0.03482969914893437
 0.03512547705971354
 0.03506041725757247
 0.03487157908135932
 0.03628932054987062
 0.0359552124729301
 0.03571593513187098
 0.03600009469738853
 0.03533446112868725
 0.03553011746586741
 0.03593312871816527
 0.03570122578748595
 0.03536530751710343
 0.03561812495120014
 0.03575719907325483
 0.03614623692058261
 0.03598700210764297
 0.03632392794532614
 0.03710661256215782
 0.03743602446965847
 0.03727472361548725
 0.03798122447494755
 0.03853800063883855
 0.0382830984571522
 0.03900182486625525
 0.03948046594380562
 0.03967610718447447
 0.03992709391341509
 0.0400856140385531
 0.04085190956722917
 0.04101986118394618
 0.0415898697743531
 0.04147957942456137
 0.04179064347884798
 0.042331983628475
 0.04297732999697884
 0.04285614791379248
 0.04406231539187204
 0.04504544058505285
 0.04541952241525878
 0.04765517877511308
 0.0476464838395677
 0.04553034712581699
 0.04512754699361537
 0.04485945982883777
 0.04529486081462502
 0.04513134669453928
 0.04527113608140931
 0.04523116607580771
 0.04534237133842008
 0.0455074288854413
 0.04755956239800416
 0.04868353460467711
 0.04922396596488744
 0.04981268789632314
 0.0498603272908851
 0.05152470184627912
 0.05137208485637765
 0.05201964553068509
 0.05123885933325811
 0.05208737853232873
 0.05226139590850792
 0.05249531980421898
 0.05210169466699831


