# Created by Octave 4.0.0, Sat Feb 26 14:23:01 2022 EET <li9i@spell>
# name: mean_trajectory_errors_dft_i
# type: matrix
# rows: 364
# columns: 1
 0.01522899793125943
 0.02924979034294191
 0.009215793224395658
 0.00971693367226192
 0.01435157677455481
 0.01042648693563406
 0.009306476714875344
 0.009783567588167407
 0.008688627492021175
 0.009335186665459749
 0.01291587707195487
 0.01355778306146737
 0.01463921017713273
 0.01226033958341588
 0.01368386675029759
 0.01035100926101423
 0.008763373567897179
 0.009428319541885952
 0.008370775394421232
 0.008322992169703832
 0.009557941219242753
 0.01220264163172793
 0.008852513170258917
 0.01151548765048531
 0.007182552569752313
 0.006855193884416764
 0.007005952611365589
 0.006304017233170311
 0.008997568498458144
 0.009961452593124837
 0.01071139817950031
 0.01084317781186417
 0.01148217428446967
 0.01310537783373442
 0.01270635798967262
 0.01423335934204787
 0.01334270901784816
 0.01505963371894352
 0.01308741541586233
 0.01583043192464502
 0.01547014495010407
 0.01496918461138886
 0.01629812109095848
 0.01703045636974766
 0.01879003945480415
 0.01765315005893843
 0.02010859552563586
 0.0200597262029103
 0.02137663739729706
 0.01971973365249536
 0.01875090201744179
 0.02117408759209782
 0.02150705669112681
 0.02052647790156541
 0.02025481493794852
 0.02002595204810119
 0.02216724712556593
 0.02201074777424778
 0.02130334762747086
 0.02066871943884151
 0.01904974827788267
 0.02001362075206643
 0.01871597275698765
 0.01815142198668294
 0.01765339672271773
 0.01677651078267402
 0.01552625570851487
 0.01518201419008395
 0.01503822120884438
 0.01585469660540447
 0.01648675463808535
 0.01327087568641621
 0.01162643569878531
 0.009246689512439187
 0.01175994367850791
 0.009885926857977593
 0.00888669622827204
 0.008337383155345792
 0.008549290117203394
 0.008892983087007724
 0.0103045700064492
 0.01213205584553235
 0.01329886708562535
 0.01059785499483179
 0.01097654006812892
 0.0106798377967958
 0.01013267528384312
 0.01093134977606348
 0.01013736010911889
 0.009646084284251621
 0.01007407665031739
 0.008671467714666155
 0.008572649483919966
 0.008361836825494382
 0.00933351137174775
 0.009921116586597452
 0.01293778361564378
 0.05530991802711466
 0.09340188389443854
 0.01741829169679551
 0.009448808784955333
 0.008892863722667829
 0.008875964573570811
 0.007653038167699045
 0.008266217027190312
 0.009028618445569995
 0.0107274848839468
 0.009703138088263783
 0.01004673083873628
 0.01131394636362394
 0.01144264492491842
 0.01151667694571059
 0.0101792544907567
 0.01108109321305661
 0.01090402066434604
 0.01082326608230975
 0.01156397184993164
 0.01134716447537695
 0.01222359692867874
 0.01187847562130398
 0.01280914188203926
 0.01264455925025724
 0.01272174361207256
 0.01334673629540889
 0.01338451895196101
 0.01472571243196896
 0.01474857717776631
 0.01455812890818685
 0.015198225911858
 0.01533379959328422
 0.01581204039889871
 0.01640427724232222
 0.01639263162527907
 0.01644487358189815
 0.01667480795259456
 0.01711953329641951
 0.01745737755889173
 0.01700595320283264
 0.01710299716517154
 0.01755085293255516
 0.01824890422514487
 0.01782027851321585
 0.01845504426718787
 0.01796558663642073
 0.01829453783154984
 0.0188915928541416
 0.01963032479210016
 0.0190824262085393
 0.01916468049274975
 0.01942218482029416
 0.0202923175487549
 0.02105765053263429
 0.02046789227196923
 0.01995226071498626
 0.02246255491952346
 0.02122722165703819
 0.02161062153868314
 0.02163118988389432
 0.02104661647517235
 0.02008851570188253
 0.02152266037492772
 0.02002455273139614
 0.02076593442167914
 0.02024320080301579
 0.02013542583078849
 0.02023975520287668
 0.02000915044728281
 0.02036829732214259
 0.02030322758427503
 0.01993364425712668
 0.02026023678273295
 0.0203288417696345
 0.02030780457188947
 0.02008739587104412
 0.02002657323487006
 0.02062644336798967
 0.02065390391822298
 0.020711160320076
 0.02077905091660547
 0.02018768399426993
 0.02058242885741183
 0.02018496234774632
 0.01952373890746126
 0.01953268359311509
 0.01929579032839533
 0.01942865779184885
 0.01877639810422686
 0.01840161121411435
 0.01802483635166735
 0.01801081217969497
 0.01797327217844334
 0.01805988489509668
 0.0175888151222239
 0.01702150394929008
 0.01687810387324835
 0.01679233791839741
 0.01724068908100461
 0.01753040387520953
 0.01711176152096967
 0.01658070784200362
 0.0167026892464343
 0.0178531676737073
 0.01824438285621595
 0.02019936511829202
 0.01967268924438953
 0.02086225950866393
 0.02112760875175443
 0.02120191783007372
 0.02176679277029245
 0.02205925494270324
 0.023099149723702
 0.02407472644533348
 0.02441873919697246
 0.02497535325803452
 0.02499485984902516
 0.02679120557148611
 0.02703043742475937
 0.02694179547520635
 0.02807711275857812
 0.02903652002472022
 0.03075536582439416
 0.03038948092591306
 0.03036987059223021
 0.03026547574142029
 0.02992293557172765
 0.03076755189661138
 0.03124454824805084
 0.03098150658802277
 0.0315062637613578
 0.03170724521364891
 0.03180515496351988
 0.03181005216605651
 0.03198365396577101
 0.03179812907401357
 0.03180950757708964
 0.03243761318635489
 0.03250193927870473
 0.03238818353132747
 0.0327525613810507
 0.03260724919239666
 0.0328530996810386
 0.03265858114783128
 0.0326902150817978
 0.03299160495355704
 0.03304301702640662
 0.03325341321744156
 0.03358049245712667
 0.03357457953414054
 0.0338637733996863
 0.03402971657220269
 0.03419156338289266
 0.03476042459728392
 0.03475160567743954
 0.03492583907478886
 0.03475813325016952
 0.03460159460524606
 0.03474040247475776
 0.03540393296448437
 0.03536179703624533
 0.03571461215550983
 0.03586279440842691
 0.03591909451894219
 0.03591850329863149
 0.03582753311626404
 0.03593218955745919
 0.03694804377602531
 0.03648187201229623
 0.03688434870853788
 0.03663993118219276
 0.03706991628339257
 0.03725406493223496
 0.03737144240776803
 0.03779417833221464
 0.03763865335021006
 0.03863677575844532
 0.03850042086674815
 0.03919192923992494
 0.03947469540403946
 0.03975189634078035
 0.04022183841053592
 0.04025006646059183
 0.04112861446125857
 0.04098682467858292
 0.0412465652486828
 0.04216332485621851
 0.04185110275098958
 0.04233992196552778
 0.0422931303042875
 0.04180910568457326
 0.04185554373086454
 0.04194271792143688
 0.04208324714538547
 0.0398386139988608
 0.03988529191527677
 0.0466531440929239
 0.04084699889606464
 0.036849487869567
 0.03675261145037393
 0.03586273762349657
 0.03672561302282985
 0.03508959074515079
 0.03580670912717607
 0.03608128292713488
 0.0353828281743559
 0.03559208293849962
 0.03607280554116631
 0.03573203980784344
 0.03520748814069811
 0.03496921642925433
 0.03526268515611577
 0.03481771902574122
 0.03504517434979431
 0.03607673751078919
 0.03561223859885313
 0.03600656694288859
 0.0364530681263914
 0.0364292548007616
 0.03683162641773002
 0.03722712272353552
 0.03726082434162132
 0.03776563700527912
 0.03799965691529086
 0.03838126117614227
 0.03861170146980854
 0.03951554617499585
 0.03990483723084979
 0.04005532700861271
 0.04065213226058338
 0.04102945571420528
 0.04171336176003523
 0.04179645527662267
 0.04256825010287812
 0.04256442807587332
 0.04293228697954284
 0.04335601254292664
 0.04391298299422738
 0.04501662250704017
 0.04466708837874163
 0.04951534069332642
 0.04765619937357375
 0.04599522380986421
 0.0454489950299182
 0.04516141482790817
 0.04563743103425019
 0.04609992372626628
 0.04621719505275029
 0.04650697193993837
 0.04664903264743273
 0.04615401688414821
 0.04890664035785416
 0.05096368236812765
 0.05172058571862963
 0.05062312040778023
 0.05172748211575871
 0.05350444430998615
 0.05374382873335107
 0.05421445123610066
 0.05416772316486157
 0.05450622496683145
 0.05462117246583712
 0.05984634953167095
 0.05870978638126811
 0.06096983845501315
 0.0564283969680533


