# Created by Octave 4.0.0, Sat Feb 26 14:18:48 2022 EET <li9i@spell>
# name: mean_trajectory_errors_amcl_i
# type: matrix
# rows: 2326
# columns: 1
 0.06079902018270209
 0.04133550903057176
 0.07002126528586858
 0.02172903570459431
 0.01697364556664948
 0.03667180981084255
 0.04451647922816866
 0.04539269309592017
 0.01641688605646789
 0.02100841013583397
 0.04724726773897012
 0.03428410525218322
 0.0264878381739496
 0.01849858726613023
 0.04883219320810483
 0.02590251055222819
 0.03358708245204551
 0.02793439892305749
 0.0281183349525647
 0.04071252019866743
 0.02178022712149667
 0.01301540088128944
 0.02918264263303125
 0.02294459419604575
 0.02355361528122731
 0.03562624627865757
 0.02475430507283041
 0.03778631439368789
 0.03477961717750004
 0.02016710961448537
 0.03853680159347878
 0.02603204636386786
 0.03401136412740757
 0.03880577310331168
 0.03140984029731711
 0.03062952583444004
 0.03266242611452386
 0.02886570617476709
 0.0406228576611131
 0.03775864645129232
 0.03361557339449277
 0.03979176936442742
 0.03330364881154246
 0.0405897783526607
 0.03857764686201949
 0.03791510668945105
 0.03433894758416461
 0.03786145103240393
 0.03446876794366272
 0.03426257478665602
 0.0327457108327214
 0.0277326842758834
 0.03258348761335285
 0.02615110404257838
 0.02522187783636467
 0.02852919692885195
 0.02861678148069929
 0.02695575747905194
 0.02584996821189134
 0.02878609953713025
 0.02688421106890914
 0.02627465689770504
 0.02918044283114547
 0.02460149487470524
 0.02164497060306292
 0.02651615246959905
 0.02461784985436646
 0.01920992477305358
 0.0196083208467733
 0.01902474983036829
 0.01846077094766419
 0.01701276153027632
 0.01422102923804204
 0.01774306804056718
 0.01661997017500369
 0.01283285709699065
 0.01412897128406803
 0.01139841771790636
 0.01080159207929507
 0.01076340868504586
 0.01091667669317663
 0.01129108059522107
 0.01054529854094606
 0.01017821163046907
 0.008997570505431545
 0.01191628623084663
 0.01177529619216315
 0.01113405910118232
 0.01198823430668949
 0.01183748821585151
 0.01142310171339772
 0.01083595329799984
 0.009708268101343249
 0.007569358488074378
 0.008923784309757172
 0.008474796921601684
 0.008479442876227802
 0.007963683044286088
 0.007925574104657612
 0.007185613637764088
 0.007607464012173751
 0.008867885406812636
 0.008922228530200031
 0.008345288822198009
 0.007100031417365401
 0.00730913328566832
 0.008080632923616852
 0.007173015044191771
 0.007058052256535696
 0.007043145671696099
 0.009185646963362409
 0.006590103473167435
 0.009504861163797444
 0.009990133727902726
 0.01116489362194293
 0.008078616176048459
 0.01018514030549566
 0.009378125650850107
 0.007991960882958542
 0.007474999605367598
 0.009193238995742748
 0.008101016805679656
 0.008591661480983673
 0.007887931310344126
 0.00857792275939011
 0.01065525101599259
 0.009350477952497056
 0.009065442176725214
 0.007511241650692096
 0.007231344764721466
 0.007852815503660503
 0.007468568017474849
 0.007739208067874245
 0.008342687189619936
 0.01034583464022182
 0.007187617361892225
 0.008082850467507594
 0.007455588151741934
 0.007808939095967367
 0.006136002185880209
 0.007304028397238769
 0.007435845515288249
 0.008915850376576174
 0.007447129522621085
 0.00699540477416743
 0.008557470903190117
 0.008753334741307947
 0.01032590897635562
 0.007559825978187953
 0.008020820428299033
 0.008035907824463596
 0.008817683559246829
 0.008541821571830251
 0.007235640071450791
 0.008288497936643066
 0.007495276171040752
 0.008717983088821751
 0.008854747293944552
 0.008150430923184833
 0.008665995674893262
 0.009800693713505136
 0.009716079383979313
 0.01157992417357059
 0.01082536757069291
 0.009755781573657595
 0.0086732422237357
 0.009026543686874389
 0.008998022084147777
 0.009140046034914234
 0.008456444010561061
 0.007460792020024811
 0.008924034637089984
 0.007477544850648389
 0.00913324786521404
 0.009782969301758763
 0.008389269615318048
 0.01130450002229532
 0.01104660367003856
 0.01252334733534832
 0.01409995932540346
 0.009762003384334915
 0.01104541836897646
 0.0116439056232307
 0.01088402384026612
 0.009102571513099763
 0.01318348558854307
 0.01048485887233353
 0.01143961563800062
 0.01400224609865025
 0.01386033867933361
 0.01463088282469253
 0.01625686442357757
 0.01612975434007403
 0.01467692655293078
 0.01458974424407995
 0.01291876667607357
 0.01647055227327018
 0.01731352555440338
 0.01524952490121458
 0.01637143416264283
 0.01461449417652788
 0.01680802435167757
 0.01534303145134664
 0.01452171100488409
 0.01528169480294338
 0.01485968473502681
 0.01281463968767156
 0.01150844632119783
 0.01324105865053236
 0.01213914830623901
 0.01100481684073711
 0.01157727074755085
 0.01111379445293507
 0.01074598705736565
 0.01179732361856302
 0.01283110867906168
 0.01215314401960469
 0.01271684638837825
 0.01342509644027574
 0.01196074510130525
 0.01502439982096756
 0.01280739749085057
 0.01458919597132401
 0.01404104631198101
 0.01190878520783235
 0.01319037696270616
 0.01394074113038636
 0.01313285391791483
 0.015298766147766
 0.01430095598910595
 0.01409822733386295
 0.01444818752401908
 0.01523805045718505
 0.01449344132743206
 0.01394492197142799
 0.01415253152604655
 0.01390505481365388
 0.01283869895544255
 0.01423798298888286
 0.0144269787408458
 0.01367275413344728
 0.01214451901145188
 0.0140278054188732
 0.01426134020956002
 0.01420187871770419
 0.01160960069137319
 0.01265306857583795
 0.01424351345625068
 0.0121651900028887
 0.01376490737627484
 0.01321175531516283
 0.01297869324149261
 0.01347341211135724
 0.01294860266426627
 0.01224683000534299
 0.01211568448603563
 0.01305379268995747
 0.01416135102330115
 0.01729166808028957
 0.01624209260352655
 0.01338307675253064
 0.01487991628988335
 0.0140792007597974
 0.01388191480626354
 0.01449392008432396
 0.01349506292922189
 0.01403654486922944
 0.01367051204902148
 0.01414606843226836
 0.0159544614988038
 0.01477017453516641
 0.01500370354142755
 0.01479045692401261
 0.01439259428452971
 0.01564549458533771
 0.01567588251131488
 0.0140476838117944
 0.01558986312574974
 0.01565291066180827
 0.01430986824700895
 0.01734892208305978
 0.01578613260419039
 0.01739941867594112
 0.01716169802597092
 0.0170413269156351
 0.01779179642176056
 0.01751931486825316
 0.01709250802100975
 0.01797603868597397
 0.01661658033397993
 0.01688457905256463
 0.01732866456566903
 0.01826386079952121
 0.01710636002826908
 0.01628953850519542
 0.01580738288524829
 0.01786887914622075
 0.01639591819888385
 0.01720964765263821
 0.01799259587352445
 0.01875739172237368
 0.01935244945419377
 0.01708492779505768
 0.0181235349785896
 0.01762450981000881
 0.01953502795703698
 0.01656690923679135
 0.01714422831837181
 0.0172977545902959
 0.01851941746686265
 0.01785481434978309
 0.01689843700212539
 0.01747412041723731
 0.01701873791891683
 0.01593735696734884
 0.01716464922053159
 0.01670712369315044
 0.01802699084069263
 0.01570448422647094
 0.01771076040382488
 0.01696297060698019
 0.01625043702886112
 0.01785857284107864
 0.01638445360321192
 0.0163046500938165
 0.01687219131655308
 0.01811392169915776
 0.01775140599578655
 0.01793637956250387
 0.01825050977919472
 0.0176127706696206
 0.01606962204246129
 0.01658644222688365
 0.01602244680563245
 0.01621451232604207
 0.01754934764022433
 0.01787659216204718
 0.01562965849749837
 0.01703120114427572
 0.01673848435141288
 0.01755425376888736
 0.01650643970108288
 0.01728692963087194
 0.01753568486100342
 0.01694225803037027
 0.01619563400834989
 0.01739855599508305
 0.01691252748865799
 0.0166915537580633
 0.01737431067601881
 0.01906154705866385
 0.0169416492930417
 0.01657342172054107
 0.01715717653459777
 0.01887864089411548
 0.01771497570667458
 0.01857028544155132
 0.0165886609013278
 0.01682318832882642
 0.0160961868523784
 0.01704494738593099
 0.01609851861861724
 0.017018069611571
 0.01694935334374417
 0.0159769350131142
 0.01796627621229518
 0.01663602213370454
 0.01659156850631446
 0.01710427109441802
 0.01636144771255724
 0.01770493361696863
