# Created by Octave 4.0.0, Sat Feb 26 14:20:54 2022 EET <li9i@spell>
# name: mean_trajectory_errors_dft_i
# type: matrix
# rows: 360
# columns: 1
 0.004182590579822955
 0.009524298895779118
 0.008884171518800422
 0.009056772349318884
 0.01011404755973661
 0.01199839598705015
 0.01416581448648302
 0.01342521313983617
 0.01513545355749893
 0.01641798935104581
 0.01662265900397625
 0.0150548836091303
 0.01196422533548978
 0.01239409719350053
 0.01424521766513605
 0.01271887031293161
 0.01059982443918848
 0.009703861070500357
 0.008071343147794381
 0.007264157208212414
 0.006886653955240716
 0.008865948943932727
 0.009883421287250751
 0.009734170839452615
 0.006401205437098711
 0.005191755374870385
 0.006122294379916235
 0.007787448818161914
 0.01474928137041333
 0.01095394166681915
 0.01511511609281802
 0.01544721770045348
 0.01443860255275193
 0.01545294996474454
 0.01730355955189015
 0.01426187450076187
 0.01565426879865031
 0.02031219379778247
 0.01756479291808279
 0.01761727872163386
 0.01723562405859687
 0.01627666488988486
 0.01694001409728235
 0.02230920338394584
 0.01922890519041046
 0.02036540365898657
 0.02149016562569356
 0.0239256706536598
 0.02158741351980244
 0.02202181161524922
 0.02445788419225835
 0.02292734811596681
 0.02221299571011214
 0.02400129415491385
 0.02183585477978078
 0.02326256561050077
 0.02744353276357972
 0.02258190823977215
 0.02561098643703005
 0.02292780106723134
 0.02475502892716664
 0.02194819926940845
 0.02007902342052771
 0.02401119729353622
 0.02173597963977021
 0.01847420946504028
 0.01762796147583758
 0.01704184461515668
 0.01699232128522534
 0.02018294593033211
 0.01662877251374204
 0.01529172659216922
 0.01316126605237872
 0.01246042909956442
 0.01176678475712734
 0.01048225238945019
 0.01035834249759836
 0.007540742646643213
 0.007772318145194295
 0.007098648476917529
 0.007865937128962639
 0.007411515518189471
 0.006683247639513351
 0.007144177334852755
 0.006565011572004143
 0.009713719734993504
 0.00958872101967624
 0.008539283381735827
 0.01387692741989144
 0.0103720387524185
 0.009266843870219256
 0.007751559820441954
 0.008414692585857796
 0.006236222893616285
 0.008299121837692615
 0.01083500124046897
 0.02667103323935425
 0.06225986857996911
 0.01095525644955758
 0.008535369159592476
 0.008083785582211959
 0.006973086834512221
 0.006969112442768773
 0.006978396328426921
 0.008348379038067334
 0.008561428319500079
 0.008238586966756991
 0.008386807662367077
 0.008792823035800302
 0.008951295139880319
 0.008783687178948943
 0.009367600392816833
 0.008686702745303424
 0.009464863209285936
 0.009160902128016062
 0.009655510808346091
 0.01037605624048339
 0.01055584582453266
 0.0107510612536622
 0.0112054849547681
 0.01152852602878113
 0.01160374928121096
 0.01188723490303991
 0.01233107776013652
 0.01297097745331207
 0.0134431200465835
 0.01357360349515096
 0.01407892440541722
 0.01470478752575281
 0.01435552435200507
 0.0152184701759885
 0.01546456046837835
 0.01582120770748776
 0.01572019261847449
 0.01570431187749359
 0.01528656464595021
 0.01593502754319021
 0.01645217060459311
 0.01654502828066221
 0.016901098477767
 0.01638279244568634
 0.01667567567835286
 0.017115384510114
 0.01734512711991687
 0.01648740187543613
 0.01793729541068146
 0.01820154149240029
 0.01801033328716737
 0.0185882357536768
 0.01829977569943262
 0.01875787739044278
 0.01844035537903304
 0.01923867900997642
 0.01907615823659948
 0.01911053180797034
 0.01943131997877997
 0.0188139461370386
 0.01903021832720075
 0.01901130268899381
 0.01923345108054552
 0.01934582828040361
 0.01945148384512053
 0.01947346523866311
 0.01921233109284547
 0.01924693607996995
 0.01930680450936405
 0.01951803898860197
 0.01924053224195734
 0.01943039147991136
 0.01933511637821415
 0.01937609609762402
 0.0191017528114673
 0.0194949082351587
 0.01957967527360851
 0.01942902045464362
 0.01930005561916822
 0.02027636822607412
 0.0202083253932898
 0.01981440840706146
 0.01929388077316437
 0.01919169420629033
 0.01901951371045489
 0.01896776031198175
 0.01854619310996335
 0.01833667699542943
 0.01788982837898315
 0.01762709308698911
 0.01743978091428075
 0.01681817352851502
 0.01689527204510163
 0.01699952585503186
 0.01628517037715348
 0.01599181747293531
 0.01504724764530562
 0.01585804979454838
 0.01602263778692827
 0.0158009682640927
 0.01573306904467169
 0.0158020587275753
 0.01536291469523762
 0.01632261254238264
 0.01701181485237008
 0.01797248838921485
 0.0191802808183053
 0.0194398713709325
 0.01978096838223759
 0.02023693870268384
 0.02063794890169907
 0.02149718073897411
 0.0217645327945124
 0.02289737921625149
 0.02349790606889364
 0.02410491584303045
 0.02431657636204092
 0.02519504539614688
 0.02624872670664875
 0.02633141988382234
 0.02718256676892736
 0.02773048981334326
 0.02991357953375733
 0.04055642644324414
 0.02905586640906727
 0.02976046111480024
 0.03092609121151099
 0.03071450680233139
 0.03022734533352005
 0.03006935338550831
 0.03057954095712106
 0.03046340849522913
 0.03108664156786803
 0.03074352047814019
 0.03068950385716858
 0.03169409900470343
 0.03145088770187542
 0.03171975428041846
 0.03139610194842956
 0.03182553346667273
 0.03186796711774079
 0.03188303613318128
 0.03195829586161308
 0.03206878008970052
 0.03224465868283231
 0.03196910650542901
 0.03209591543113841
 0.03190601737513554
 0.03217091272970429
 0.03324646875499116
 0.03331718022061777
 0.03331153311715183
 0.03334712283551045
 0.03403499795733205
 0.03415630654169854
 0.03439437039096979
 0.03441575712710267
 0.0331106800851473
 0.03370156967007923
 0.03387569905527021
 0.03486085774553208
 0.03456916337210966
 0.03545269379443365
 0.03529085729244755
 0.03520277815806382
 0.03584713320982722
 0.0355852971855145
 0.03632425677633269
 0.03612515315191595
 0.03623530637526068
 0.03650896349067564
 0.03646798323905535
 0.03604875583768008
 0.0367489053464967
 0.0373615152373219
 0.03748947534951143
 0.03801717169829165
 0.03849497700591348
 0.03873099099642184
 0.0391114033978458
 0.03999779851242199
 0.04002091198081849
 0.04052393590357176
 0.04089755079556824
 0.04041605601888208
 0.0413453079041108
 0.04206873599450424
 0.04186347889041447
 0.0410647580510304
 0.04134326222160726
 0.04129245980222612
 0.04110972940143313
 0.0416018289311371
 0.04123622558589606
 0.04083935724509953
 0.03845780125626479
 0.03851691462309056
 0.03843306201382963
 0.03715599150744851
 0.03610376919554799
 0.03545182547286346
 0.03453793446697359
 0.03482234823102186
 0.0356880510516332
 0.03605028661971107
 0.03624648960129133
 0.03557953357826814
 0.03629148602402144
 0.03573310799387007
 0.03608739694156955
 0.03566439845600618
 0.03611211820441851
 0.03613167137909219
 0.03607336273397467
 0.0359829346205388
 0.03594775726571296
 0.03625152514147768
 0.03576145075904978
 0.03713510837742601
 0.03687745271852473
 0.03668993667801007
 0.03776466447324431
 0.03781030831799107
 0.03831618286845632
 0.03800672286964572
 0.03873512619281995
 0.03940896577607098
 0.03998407525155921
 0.04052519933392731
 0.04120381039302351
 0.04143469136912119
 0.04213244231738031
 0.04150880053772572
 0.04185765739850757
 0.04231659700989222
 0.04337493113933609
 0.04444521168635925
 0.0445840455696157
 0.04521107500498737
 0.04518341314221016
 0.04662735283877334
 0.04915820224370814
 0.04619232550610984
 0.04517526171036594
 0.04422743304646664
 0.04511407398672396
 0.04509111974330157
 0.04509657564547045
 0.04453031064669934
 0.04353915567929588
 0.0446327123461194
 0.04625556156321839
 0.04941665464857451
 0.05339634335939067
 0.04825509553347998
 0.04859845072164573
 0.05101394546111628
 0.05295481104930695
 0.05275384914866371
 0.05222152341311277
 0.05341420753862777
 0.05256648895380167
 0.0523451560402285


