# Created by Octave 4.0.0, Sat Feb 26 14:21:49 2022 EET <li9i@spell>
# name: mean_trajectory_errors_amcl_i
# type: matrix
# rows: 358
# columns: 1
 0.06107200809269819
 0.04133152450956304
 0.02911351074189861
 0.02522018333063552
 0.06119088275684889
 0.0629006083030518
 0.07591503965426727
 0.06918483986156426
 0.04815261273029613
 0.04018705436393113
 0.03837292503885473
 0.0388395915168645
 0.03472498919674748
 0.03676952840055242
 0.04108140907508342
 0.05784164255486512
 0.06238186002323736
 0.07382829373401095
 0.08837571295406038
 0.07927677788409865
 0.08259857899939406
 0.08288718798389336
 0.0878863512550143
 0.09662855149406117
 0.09932703003802017
 0.08021867995951543
 0.07975592722649236
 0.07344464376263136
 0.06004165429078717
 0.06995549180338417
 0.05212907688417698
 0.06023667808828295
 0.05528339244458479
 0.05382399255583428
 0.06332578432575556
 0.04268648197622794
 0.0481079370823425
 0.05541016781661572
 0.04553751990052853
 0.05539834370363515
 0.03575941386416166
 0.03131418455616364
 0.03863698185773415
 0.0370565754392453
 0.04572207573702709
 0.03324880465311268
 0.0296292581166841
 0.02775421900346511
 0.03042712453077321
 0.02912210662049709
 0.02663917457590271
 0.02517971211882519
 0.02549134714379109
 0.02634546595512961
 0.02936374580564639
 0.02575815236744361
 0.02632221085273342
 0.02672344081652698
 0.0270003813999241
 0.03344268210499793
 0.03384463111535299
 0.03133405999159145
 0.03275097706575575
 0.03813421855049032
 0.04163623594736948
 0.05155622001062788
 0.04649658979341975
 0.04955828276461381
 0.04652986103283242
 0.04173078724641306
 0.0489455911768189
 0.04664595034067297
 0.04992819142034318
 0.04568780920096717
 0.03591977667724085
 0.05306443225709537
 0.05331994438751473
 0.05304448545578767
 0.06258198372385998
 0.06275033497640972
 0.07602474662786608
 0.07924475477049604
 0.07707486434114827
 0.07178049937471803
 0.072279529763942
 0.07432892134301841
 0.08323633404497793
 0.0871366122754372
 0.0880975539006105
 0.0829277878049321
 0.08888190345619763
 0.08998872948013913
 0.08573344828884134
 0.08435617241912682
 0.08067002794567425
 0.08263655334010506
 0.07096329325826298
 0.06428747508230376
 0.05585929344546264
 0.05665669463959334
 0.06288536657240262
 0.06130456084640633
 0.05477141628184754
 0.04607325715072029
 0.04627701643293601
 0.0455438768549431
 0.04395543904100092
 0.03291750916270852
 0.03420869219888497
 0.0317183934292477
 0.04419719747443548
 0.03718900985500492
 0.04065658136752162
 0.03549103021577105
 0.03798652722075607
 0.0358158551661599
 0.033044904920999
 0.03107622155753784
 0.02803002667815742
 0.02961756216647323
 0.02844142347606369
 0.02543219661527259
 0.02767842063870399
 0.0275203154742174
 0.03285176038359297
 0.0416590745520307
 0.05069845970109835
 0.0448230040398309
 0.0436774936547531
 0.04869092435250218
 0.05808648257793803
 0.06401683237530123
 0.06177249508940717
 0.0526311891648559
 0.06108516043708933
 0.05653263054237181
 0.06006795571526358
 0.05214934031635492
 0.05098808490894977
 0.05056318737309307
 0.05476252116211049
 0.04515161409276652
 0.04471191623342776
 0.05016707590118703
 0.04861756909916637
 0.05564826886284706
 0.05778378314625233
 0.05327092365441739
 0.05666705474024601
 0.05429556809668502
 0.05725186052971726
 0.0559921531309069
 0.06394576736704689
 0.06559449436465131
 0.05955311064803458
 0.04844131595037106
 0.04840563343041089
 0.04691413708734082
 0.04794761716686148
 0.045001987740671
 0.04240003227907238
 0.04742606682746333
 0.04652449914636421
 0.05342107371315619
 0.06199753174532413
 0.05806820174671351
 0.05070187138907258
 0.05911468099615874
 0.04844686753344658
 0.05078825612487735
 0.0453751665167596
 0.04308463497377178
 0.04121600203309896
 0.03898593188752322
 0.04561487582855164
 0.04323493049743377
 0.03929156598054382
 0.04424249837980433
 0.04947408235288682
 0.05161928318155165
 0.04652296751371275
 0.04585989117563487
 0.04505761519711496
 0.04908755159629708
 0.04939532977416286
 0.05625013924669215
 0.05004740570296201
 0.04432720566482547
 0.04069265613200561
 0.042247411233237
 0.0428166709893826
 0.03135075681916019
 0.04448063486337471
 0.02881432639505803
 0.03723697287365473
 0.03689564083218938
 0.02709281159370774
 0.02950158468927066
 0.02621720981216097
 0.02879136563237517
 0.02766798100178842
 0.02471939868024716
 0.02553762457517565
 0.02622465715322327
 0.02700456849310923
 0.02085235262400172
 0.01923396425816089
 0.02001484462478227
 0.02183980819373838
 0.02156260047068712
 0.02215658442896129
 0.02323033331463466
 0.0248465055877361
 0.0370872975441633
 0.03509251713335569
 0.02486058167586973
 0.0240078455534963
 0.02523625949860877
 0.02600947320400891
 0.02980214513759402
 0.02538449327543669
 0.02390413920627758
 0.02450838181266484
 0.02707884166107258
 0.02948227263596155
 0.03868443055885309
 0.03930987800465278
 0.04256525435202052
 0.04008056704520771
 0.03630299062741935
 0.03965437228743823
 0.04259671529349669
 0.0437155171579773
 0.04485647678192212
 0.05186939401892627
 0.0506074129324689
 0.0572591310264011
 0.04993675769875075
 0.0508145219439424
 0.0538123912595902
 0.05654691340539469
 0.06157450325211928
 0.05132065869382416
 0.05357012769320606
 0.05567379301722049
 0.05336226927599756
 0.05782745509647639
 0.05277929590313795
 0.05666991918993798
 0.06369092432995731
 0.06003222584064219
 0.05721074610134375
 0.04745079642356415
 0.04749914059833044
 0.05164026258401689
 0.04894024731580626
 0.04902815122354318
 0.04819446437198722
 0.04804523466985554
 0.04681455412815043
 0.04793075426492029
 0.04576000055725975
 0.0478120466430042
 0.04869971603593097
 0.05196161552897509
 0.04932937863395367
 0.04999784233336096
 0.04686273335451407
 0.04753468030296939
 0.05000531124501068
 0.04808233919001859
 0.04922558398860094
 0.04859640243940361
 0.04800377662844243
 0.04609944591196776
 0.04588784065185914
 0.04463765552022451
 0.04393614133001392
 0.04386457749205627
 0.04562564286242207
 0.04429781603091729
 0.04522383156484167
 0.0444975629702762
 0.04273929513040058
 0.04413654692845267
 0.04112129525433153
 0.03835338016437755
 0.03659953861382347
 0.03782325700444002
 0.03769301132840194
 0.03651892696069658
 0.03472075587645992
 0.03290734722151628
 0.03258797394037351
 0.03279032909112012
 0.03232871321021409
 0.03330047265145265
 0.03112803082058433
 0.03174394938967395
 0.03206249669557517
 0.03368691435245393
 0.03369657704035061
 0.03446728771311043
 0.0351022007210549
 0.04130559516797998
 0.03704798643416904
 0.03562460144718178
 0.03747688169104829
 0.04068793347209768
 0.03878779351350631
 0.03586358440028094
 0.03727909616269373
 0.03468943546381095
 0.03400826528584071
 0.03476529979301901
 0.03427376828388725
 0.03669093159542582
 0.03675006288657168
 0.03782593895557991
 0.03849479949882538
 0.04299710947566181
 0.04227946733996586
 0.04284680854491368
 0.04364487658090292
 0.04102550938235846
 0.04113915723384652
 0.04073553003881384
 0.03996750503705544
 0.04971691452082878
 0.04837078344528077
 0.04705009490666926
 0.04725177699363148
 0.0467573013008506
 0.04710297732590618
 0.04613232084611077
 0.05018287917095215
 0.04982428020627828
 0.04780621447342499
 0.05209620285291775
 0.04680649839996282
 0.06294978711800442
 0.07012791648687755
 0.0739715397970408
 0.07672521315137838
 0.07587093256665928
 0.08528867930972847
 0.08287139367056991
 0.08610346157475122
 0.08039094433497064
 0.09169518804348119
 0.08962250274984604
 0.08654976919563315
 0.0773053401811912
 0.07354521575628561
 0.0866037419031423
 0.05446135617432128
 0.0614724396927137
 0.05943568047113083


