# Created by Octave 4.0.0, Sat Feb 26 14:18:48 2022 EET <li9i@spell>
# name: mean_trajectory_errors_dft_i
# type: matrix
# rows: 2324
# columns: 1
 0.008700052342651157
 0.01465009253105133
 0.009769186195858776
 0.008770657413999225
 0.00919266157903742
 0.00901664186590153
 0.009647166497084568
 0.008992389295661757
 0.009574916890457289
 0.009297323136548314
 0.009033174441032292
 0.009637553622728157
 0.01103199116077437
 0.009462324444731144
 0.01068974699425959
 0.01054719017286571
 0.01205045790446093
 0.01105180508150723
 0.01074290823541283
 0.01136788647739942
 0.01187204261385005
 0.01183188233637133
 0.0120937710129871
 0.01323209996610421
 0.01191710073568477
 0.01204703360931853
 0.01096331589670972
 0.01150698766195208
 0.01103249670148069
 0.011257534644685
 0.01206489624306007
 0.01226681312929419
 0.01060152568214888
 0.01116401185366879
 0.01207452251268653
 0.01062035469446329
 0.01303858497438898
 0.01014258742865849
 0.01078574475070468
 0.009844652121826725
 0.01285514419053988
 0.01143119073694996
 0.0133119094518378
 0.0139850596108557
 0.01367321074736962
 0.01039309863126084
 0.01144860023057981
 0.01250198878710469
 0.01423419527769723
 0.01065402379618242
 0.01096951638034891
 0.01116364823106566
 0.01004140766034505
 0.01114959363593802
 0.01252607193256522
 0.01223544399479353
 0.01202305832333447
 0.01193618682126606
 0.01088756673543541
 0.01059410566056031
 0.009605571668537479
 0.009000475260201649
 0.01163258569180887
 0.010745815188317
 0.01032637571622132
 0.01298830169735651
 0.01168131943495041
 0.01085392493761249
 0.01060172235933401
 0.01243406854450449
 0.01274908541258891
 0.01163084949588885
 0.01113929001726391
 0.009600879741220595
 0.01148065123871158
 0.01047769881614403
 0.0104836093546185
 0.01057765249392777
 0.009919781580997267
 0.01204617309830702
 0.01098472262592115
 0.009691948713973202
 0.009056870569777029
 0.01320137953203679
 0.01211432837773333
 0.01187450575372271
 0.01222225063233582
 0.01296277078182896
 0.01136225116377605
 0.00976377299546442
 0.01093559441778916
 0.008729726345985045
 0.00896246068076632
 0.008882063673776867
 0.008291513505558696
 0.007415590130471361
 0.008004307673717428
 0.008166965695026854
 0.007946618500127442
 0.007650732483552723
 0.009272633845242404
 0.006505351367930671
 0.006910784777268273
 0.006550222797507122
 0.007207915887010283
 0.006474341208884689
 0.006401444820761717
 0.006628474239346292
 0.007010317437463019
 0.006334895563438347
 0.007390329689333424
 0.007638574050771889
 0.008328024820692174
 0.007949954867639292
 0.008174537768647749
 0.007665131064163131
 0.008054906263183694
 0.00716920378796097
 0.007228083516939958
 0.007738888360664619
 0.00688260432029013
 0.007105644603822842
 0.008239975377156109
 0.007657745110489552
 0.007837854114506684
 0.008888535163486009
 0.007701121742510976
 0.007121718464077368
 0.008773517083409395
 0.009098106716530727
 0.007946110303209049
 0.006271509526984801
 0.009177095436574984
 0.007797205758783361
 0.00860719270972455
 0.007231295650701994
 0.006578327032141926
 0.007030450834703107
 0.006404264836329847
 0.00671639185595466
 0.007002903308128277
 0.006182391601959157
 0.006078863514759688
 0.006877502174584684
 0.006281435874585437
 0.006666209427395056
 0.006637912889627917
 0.006690038408375197
 0.005822239635318059
 0.006704357553692579
 0.006676391451098385
 0.005984718247522008
 0.006334200660311227
 0.006317963959943653
 0.005971154804832388
 0.006488885319022139
 0.0060444591387989
 0.005984494904999566
 0.008941364865713827
 0.009404839959894561
 0.01024748103130529
 0.008829852793877768
 0.007748117809270524
 0.0068219325237962
 0.007571726072103086
 0.006663035220386058
 0.007037073798899446
 0.006273491211720005
 0.006732336605316478
 0.007155914321224591
 0.0069997345363627
 0.008244418528232426
 0.008084494375155429
 0.009431473108197487
 0.009910882141829478
 0.009012062792043796
 0.01044842766658623
 0.01194867730698372
 0.009893080711239365
 0.009959913369747969
 0.01014327288251521
 0.01021415668749562
 0.009319182567158151
 0.01090588392710096
 0.009984181928496127
 0.008858429652789403
 0.01294343893630347
 0.01147959372391947
 0.01265616523519979
 0.01212043110569925
 0.01285033247240322
 0.01188977366257831
 0.01198066387208787
 0.01221156062098862
 0.01204271288146132
 0.01259282459966365
 0.01195108021387618
 0.01303766726277203
 0.01292586711909987
 0.01457037377887685
 0.01455892045723879
 0.01401609590549199
 0.01343972503309501
 0.01410818881488068
 0.01301918739242583
 0.01162797358328396
 0.01172887418955766
 0.01058259538380182
 0.01059707629197448
 0.01097517333045068
 0.01039799145301143
 0.01150661282357095
 0.01098228641642637
 0.01183578394785079
 0.01109253514860856
 0.01148726288858366
 0.01062240513136786
 0.01192064753783504
 0.01250457578816811
 0.01123820115742355
 0.01415963995473086
 0.01314313069266384
 0.01291568167101656
 0.01436006827269772
 0.01395547209285989
 0.01384975726439366
 0.01510508078655633
 0.01419608421752623
 0.01387119687685406
 0.0142521976035471
 0.01338221706603326
 0.01297826049438659
 0.01142327025723204
 0.01308022829388279
 0.01289312454861897
 0.01188031317279723
 0.01144822309290474
 0.01198295921023041
 0.01347740431421246
 0.01435489489985197
 0.01457375974935544
 0.01289749649776172
 0.01462067688935379
 0.01213386033170788
 0.01400940114863841
 0.01326468645645185
 0.01412956011204803
 0.01255052226982029
 0.01240221109737862
 0.01261699458564512
 0.01102266115230326
 0.01031652948890388
 0.01130065525407867
 0.01099665454745681
 0.01281887175343254
 0.01599274768035336
 0.01646706629161115
 0.01733096141215438
 0.01606255617015847
 0.01532545841281912
 0.01488807275338611
 0.0132298605891911
 0.01326743203743847
 0.01343928656822611
 0.01312491372626239
 0.0130177954294026
 0.01428804764134869
 0.01425678585313317
 0.01331711408828333
 0.01345667662277562
 0.01515281782794176
 0.01365925228275368
 0.01434443736733964
 0.01364215267793679
 0.01436394080577363
 0.01507763071841613
 0.01574082197086742
 0.01424272846713645
 0.01662553438074574
 0.01542098156939641
 0.01756671946012148
 0.01667693105609755
 0.01605294769448622
 0.01750266666848138
 0.01752811908054373
 0.01592606439803393
 0.01820814892676322
 0.01753051482285758
 0.01844839111283345
 0.01563307676672057
 0.01820462424237029
 0.01851138071113848
 0.0180977134184497
 0.01720353742902302
 0.02017664847197517
 0.01817957354897892
 0.01929811787651303
 0.02038379923897818
 0.01970684211336037
 0.01981817834822511
 0.01872136797219945
 0.01966275291600861
 0.01986806705763663
 0.02044559155054236
 0.01963904081309199
 0.01916324427538168
 0.0191396423214658
 0.020492767657806
 0.02056349419298471
 0.02003476327746115
 0.01912454789197849
 0.01797943899014536
 0.01845996009945639
 0.02028549099386387
 0.01937929620114963
 0.02064193254100042
 0.01973679962268192
 0.01973123554862295
 0.02006544889508374
 0.0177155794574403
 0.01969870179614375
 0.01921721333015006
 0.01905245983150988
 0.01758134271716666
 0.02031422503386902
 0.01901768159812837
 0.01999826264933369
 0.01885429753502561
 0.01800165641603597
 0.01794818596122091
 0.01827655605043732
 0.0179916276016297
 0.01672138734896229
 0.01878177294319646
 0.01887432160820341
 0.01902056913349822
 0.01709526318860959
 0.01857444019242532
 0.01943930094828571
 0.01794402997855427
 0.01847557980114717
 0.02001392060943066
 0.01835561694099473
 0.0174249183419422
 0.01908096680745893
 0.01946278495733512
 0.01869367661056034
 0.01709120456493197
 0.02014320469858824
 0.0188511536937517
 0.01777987526973615
 0.01669628099386153
 0.02083909272279579
 0.01995425969647405
 0.01897757702455855
 0.01758959778721774
 0.01782944563737836
 0.01808756351818833
 0.01694002012723081
 0.01819240267756419
 0.01793019856697943
 0.01707966566784681
 0.01764352658073314
 0.01885038276013377
 0.01712053740944301
 0.01654932795354563
 0.01823386458879804
 0.01787679005630798
 0.01585144831642891
 0.01686608783147496
