# Created by Octave 4.0.0, Sat Feb 26 14:20:00 2022 EET <li9i@spell>
# name: mean_trajectory_errors_dft_i
# type: matrix
# rows: 374
# columns: 1
 0.01461903615960592
 0.01138645400203788
 0.008227445278319607
 0.009704782991035759
 0.01038136306574279
 0.01158598299324683
 0.01177549157744529
 0.01423363993280755
 0.01364073346888375
 0.01484831683203769
 0.01349723106221004
 0.01445145995021945
 0.01255726835770883
 0.01142256142254673
 0.01364577687797726
 0.0101297808370414
 0.01186244164859757
 0.00947401145971691
 0.008463694606272366
 0.009238865244519751
 0.005612565539673551
 0.007614152979977539
 0.007014025936984791
 0.00390476910035042
 0.00491198569919775
 0.005921376939877675
 0.006160465883850683
 0.009684054268283365
 0.008966248686323302
 0.01283326314958376
 0.01434332373394125
 0.014823372875391
 0.01482173070653557
 0.01462769290580236
 0.01380101231968876
 0.01351412019638838
 0.01469250328562343
 0.01760586074794208
 0.01566583738619366
 0.01778998444180208
 0.01701259248251022
 0.01620297758172301
 0.02039956105048214
 0.01843487349638154
 0.0192972797801851
 0.02310761478563133
 0.02132380222902012
 0.0224230442053861
 0.02658800751396606
 0.02160046014149196
 0.02126315098200568
 0.02294185296011582
 0.02726461422699395
 0.02174673509027146
 0.02163010660283481
 0.02137958734003734
 0.0254386585087806
 0.02279407520121624
 0.02226181660565475
 0.02210401454949965
 0.02214488586356725
 0.02087326248481614
 0.02170468440392967
 0.01980705894889782
 0.01817549917471438
 0.01895280245300113
 0.01812115815939204
 0.01878366215678982
 0.01603683942430181
 0.03455963349530261
 0.01428216616959779
 0.01481974916503034
 0.01431211318523635
 0.01259228549866893
 0.01174326685794342
 0.008941039682753043
 0.008569320564501531
 0.006909970625281633
 0.006621205500136065
 0.009375756207250962
 0.01460446121781952
 0.008729796548606799
 0.007590080030266148
 0.006039773075446268
 0.007547687121139237
 0.007926898457780995
 0.007148174605745685
 0.007204521277342848
 0.007022751182526864
 0.007321280389422938
 0.008525245126871408
 0.007299324757920323
 0.006451546856404805
 0.006434690883253191
 0.006054003088850776
 0.01638180650250904
 0.009286901520210285
 0.06175420097356818
 0.007123367832839058
 0.02083808671220942
 0.006641594057695563
 0.007092836636957392
 0.006926576404726379
 0.006694676971886429
 0.007026959198339651
 0.008361081641221551
 0.00893279859833458
 0.009400040394620394
 0.008602536414978594
 0.00898327620026809
 0.009805470821961915
 0.01005011455094636
 0.008959421253588045
 0.009413503141044407
 0.009688714343634493
 0.01078663111586731
 0.009905421415778944
 0.01011893351048601
 0.01041060378419619
 0.01098387505103427
 0.01112917102539355
 0.01176067156489247
 0.01214830839083887
 0.0117556445668596
 0.01225282012423658
 0.01320097420348612
 0.01348393368176991
 0.01349073675715989
 0.01390160237386641
 0.01415517888219939
 0.01548812699251193
 0.0157097959503982
 0.01529775277943148
 0.01538859878486682
 0.01582218209382012
 0.01678179432993456
 0.01620429030520055
 0.01581099338885283
 0.01601822437783997
 0.01623195389049305
 0.01745999148606118
 0.01677547449699563
 0.01671206669651729
 0.01690345837551824
 0.01681853108478518
 0.01818328955731675
 0.01828211940682796
 0.01809489606477491
 0.01783093520490262
 0.01854773953301435
 0.0183852671854659
 0.01829529357478565
 0.01859113723178114
 0.0190331376707828
 0.0192442684374247
 0.01911468893452451
 0.02230950234259974
 0.0187526979088663
 0.0207812073067975
 0.01949711491633966
 0.0193554910107816
 0.02040949529100422
 0.01980353958386275
 0.019458440359835
 0.01954140789995456
 0.01971391475443885
 0.01988116917832759
 0.01956372241040687
 0.01940584161166251
 0.01926942561710972
 0.01922840640556947
 0.01925942093450498
 0.01945452585998012
 0.01908503628346779
 0.0189813294025975
 0.01964756342675362
 0.01914762958813872
 0.01948709437426039
 0.01925563302032169
 0.01890466994894746
 0.01913038842887059
 0.01895743679472085
 0.01889890583650691
 0.01850362378851272
 0.01824240217444713
 0.01845322123697905
 0.01768216766549056
 0.01771457024458276
 0.01775366443174672
 0.01653050245383993
 0.01698377089769019
 0.0171788894734576
 0.0165479829736006
 0.01572876203875067
 0.01581784255643055
 0.01600664953179195
 0.01577368599639242
 0.0159112495159877
 0.01576042484638461
 0.01496124648768221
 0.01613628808601872
 0.01702675054755919
 0.0168263421161309
 0.01791855255260538
 0.01898812651491445
 0.01959802356880277
 0.02037014202630589
 0.01992592826727235
 0.02029615892644721
 0.02177373958933661
 0.02182687055314511
 0.02280717478794289
 0.02328421421998207
 0.0237294335575351
 0.02455317251789297
 0.02541069783220086
 0.02606672272674374
 0.02649977301905328
 0.02706141449630655
 0.02778549811258443
 0.02852694758548039
 0.03092773997151401
 0.02961754195286145
 0.02915557130324331
 0.02966204162872205
 0.02949149887947506
 0.02977443864547172
 0.02983225361756088
 0.03032183292324981
 0.03035674338007303
 0.03105841777287083
 0.03136287774782914
 0.03151262330305295
 0.03168696091038171
 0.03113468774032368
 0.03132831302550565
 0.03217016164101986
 0.03226115365728392
 0.03229745491732799
 0.03212540466559951
 0.0323830470790068
 0.03293107163780949
 0.03277152598527508
 0.03230004854285486
 0.03254413360848765
 0.03307173904236714
 0.03394857425279958
 0.03330421493046729
 0.03291569082296017
 0.03330610579349608
 0.03352974448364738
 0.03418040421358681
 0.03429214875186393
 0.03417927384015128
 0.0339914020876091
 0.03463193010397496
 0.03418188954121092
 0.03559693433289145
 0.03535259052055044
 0.03479786484023616
 0.03509686572612183
 0.03571090227087578
 0.03509708016602128
 0.03603602452536846
 0.03560915738906244
 0.0363103365596698
 0.03573447763613619
 0.03634468652212435
 0.03678153447232746
 0.03629982661572712
 0.03665042176788935
 0.03740476798253626
 0.0374217472635906
 0.03740276007397968
 0.03847011983390367
 0.03796748710129259
 0.03915008559196696
 0.03922300189470512
 0.03924558482216542
 0.03965829403023796
 0.04024610614961806
 0.04120986204469257
 0.04105945492696972
 0.04119459165184067
 0.04223150146301211
 0.04218654154549165
 0.04210297005236693
 0.04173502556613259
 0.04157346523910484
 0.04132994883960212
 0.04144807078105428
 0.04216271978060075
 0.041012483469544
 0.03801310592686102
 0.0380814347540059
 0.0373805766726789
 0.03550424659970431
 0.03480231691562306
 0.03424604210726809
 0.03498485610405839
 0.03491494812629047
 0.03502520239882216
 0.03479925047434793
 0.03580242061280696
 0.03483613529137728
 0.03569156688149894
 0.03491754974748201
 0.03485953209391596
 0.03484864962829913
 0.03493299655659521
 0.03490588374276463
 0.03528336577518749
 0.03621219118181209
 0.03516602776424092
 0.03537734763838189
 0.03621769211065803
 0.03655084510371632
 0.03705999121004556
 0.03810418670903952
 0.037261945502617
 0.03766593609513799
 0.0383992350827985
 0.03903845078496288
 0.03913495960575921
 0.0393822892947191
 0.04039234101333401
 0.04054894652097215
 0.04203710046404407
 0.04111896758693103
 0.04167030968473855
 0.04262131650093889
 0.04238275858674719
 0.04322215641149367
 0.04317362844769462
 0.04420983462839097
 0.04371780230299464
 0.0443626515866653
 0.04525938827166488
 0.04558280732436336
 0.05009142302337861
 0.04551148996847235
 0.04543872751745294
 0.0454236430321663
 0.04521781399789324
 0.04637333134999178
 0.04514996505715635
 0.04562971307214488
 0.04530999475840777
 0.04541425395992316
 0.04756859182008242
 0.04854682706563594
 0.04808802850590218
 0.04838635940533707
 0.04919939686393068
 0.04992624476229048
 0.0519065033634552
 0.05095920019867163
 0.05307784416341287
 0.05229785782420106
 0.05433851243982061
 0.05168963001645589
 0.05175840629862404
 0.05329406858454769
 0.05383692055776464
 0.0543853267154348
 0.05286963841979894
 0.05255682473338215
 0.05305750334947174
 0.05325875112939869
 0.05349040808233886
 0.05251439400344706
 0.05285962691515744
 0.05260913767413647
