# Created by Octave 4.0.0, Sat Feb 26 14:19:24 2022 EET <li9i@spell>
# name: mean_trajectory_errors_amcl_i
# type: matrix
# rows: 365
# columns: 1
 0.05991278973742668
 0.007736226679611651
 0.01977418399116223
 0.01974047228216419
 0.008674292084768562
 0.008113265369170192
 0.01661411048171741
 0.01375569496277746
 0.0156994132774793
 0.009392764441447852
 0.008305536092979982
 0.02527743363718052
 0.01214630523403886
 0.01099233806406263
 0.01926584299105315
 0.01669952966431859
 0.01339041056786022
 0.005116530543317074
 0.01222230526937479
 0.009517673920829601
 0.008604828178244999
 0.0105898850858187
 0.01199058874139256
 0.007597169144063021
 0.01305370226723324
 0.00951033099037552
 0.008831559175349769
 0.007930148123055538
 0.009382480107470777
 0.01053183665899584
 0.00954180185409729
 0.01548402566098996
 0.01498762214943245
 0.01600537641647973
 0.01112382145104957
 0.02023894365754736
 0.01979089095795871
 0.009477072421375674
 0.01756869979762974
 0.01449492498419854
 0.01261691804454075
 0.01978602381809988
 0.01184363175453193
 0.02018159819683568
 0.01364302413747053
 0.0140943235362266
 0.01941046298870134
 0.01960730828970991
 0.0193513364195964
 0.02362552715115451
 0.02362246928451308
 0.02378242196150988
 0.02433849609375248
 0.02175294543593742
 0.02675587501332084
 0.0266569027556052
 0.02696191814270381
 0.02489416974400756
 0.02572342914751696
 0.02602602532025483
 0.03108461724443509
 0.02086766596855297
 0.02211781776236589
 0.02636591165637426
 0.02455112469177548
 0.02182112918043609
 0.02050167167668845
 0.01834572911992781
 0.0173501403663012
 0.01773182241440681
 0.01854082833386971
 0.02523475476267296
 0.01567671570758375
 0.01877693549944476
 0.01804236372137363
 0.01377096664394733
 0.01375610365098297
 0.009302380821334506
 0.00946420815864802
 0.01171217492279616
 0.009885520749135188
 0.009705872022385615
 0.009192316176192761
 0.01166422237279891
 0.01182108862288845
 0.007989577395363469
 0.01051779367620611
 0.00920666746934333
 0.01241018339028529
 0.01396491838275488
 0.01317223515034887
 0.01181364309715275
 0.01056841586939592
 0.01066729091738094
 0.01175236820949402
 0.009588819496720441
 0.0117594821773935
 0.01803188041280788
 0.06498440014116461
 0.03101872849680551
 0.01270733692946624
 0.01030537523651567
 0.007725570457253123
 0.01092890694119866
 0.01130573652719831
 0.009803262984908325
 0.01035945221873457
 0.009849265476172042
 0.008985681236075415
 0.01341705558935681
 0.01197319311189184
 0.01196125745083631
 0.01034490052689514
 0.009955938259415816
 0.01238586573023687
 0.01056942010390267
 0.01187656220918443
 0.01187845329312749
 0.0122508770674885
 0.01205249436816954
 0.01134800641330187
 0.013105788196872
 0.01365316239146935
 0.01232698861664707
 0.01645808499277835
 0.01305311400448126
 0.01405412740275599
 0.01475512739890887
 0.01518413297239759
 0.01508145932530408
 0.01779670237420916
 0.01724905591753925
 0.01528475903409383
 0.01663233464987688
 0.01793689893093905
 0.01712893859806511
 0.01671415453039032
 0.01665757187369402
 0.0163681286829889
 0.01827476537495221
 0.01844527860032272
 0.01697999556586641
 0.0180901325122465
 0.01770227489807114
 0.01796474172178536
 0.01760092023780482
 0.01814358228994908
 0.01733846829157955
 0.01904496563340431
 0.02033616219176436
 0.01821463883615525
 0.01971293452897449
 0.01917768509811988
 0.01874198854495644
 0.02200543828087478
 0.02045910058564187
 0.02005119700084626
 0.02123373461754687
 0.02054880268775502
 0.02184671640664056
 0.01994388392927706
 0.01994166885806488
 0.02000832854477218
 0.0197335176347627
 0.02165181405232804
 0.01995553387898119
 0.01987049405743298
 0.02030122042220388
 0.02022447066593719
 0.02090240107751138
 0.02073721295969716
 0.01976943610844786
 0.01976207196971148
 0.01944515655554172
 0.02057237134721776
 0.02022663448278371
 0.02019060160884999
 0.02032381623223734
 0.02121063302696657
 0.02179270643292981
 0.01983492115340477
 0.02019356539707329
 0.01944772474205883
 0.01921989772889336
 0.02046245146526234
 0.01934131956613699
 0.01978107486167849
 0.01846691793684288
 0.01850297943053309
 0.01855549739559681
 0.01861246077403392
 0.01798657322430581
 0.01739635873938069
 0.01702444426297127
 0.01906929121322153
 0.01690633428499334
 0.0164628539273855
 0.01808769516133463
 0.01688155744370719
 0.0171197468639471
 0.01785762457417487
 0.01828727519910894
 0.01833625768080013
 0.01817691836841514
 0.02008395111899657
 0.02010198464224797
 0.02050878854267981
 0.02067196432539839
 0.02187060367327149
 0.02307405797408759
 0.02305843097962352
 0.02432601244681131
 0.02442787145913173
 0.0250783516369822
 0.02635882694462138
 0.02593374855846022
 0.02685209507652017
 0.02713126672110139
 0.02757331890336485
 0.0290373887053984
 0.03026185262428568
 0.03320145998841313
 0.0305803044049075
 0.03054827083843404
 0.03118007066862322
 0.03343192306598521
 0.03275799664718607
 0.03104281727351291
 0.03078536185692233
 0.03149660554157658
 0.03181664390689296
 0.03220876917480525
 0.03218893199300812
 0.03207914754329659
 0.03307761785952276
 0.03205491822700171
 0.03254633830591065
 0.03257355493473921
 0.03326731947263541
 0.03344996413372202
 0.03350207692294548
 0.03364017584679151
 0.03335387578770142
 0.03284380322498628
 0.0336908426471651
 0.03308295612492555
 0.03332127146005641
 0.0337157141091442
 0.03419698161668971
 0.03491928957155847
 0.03437523984890462
 0.03452784077159964
 0.03482020149072157
 0.03488051428244984
 0.03559593243084753
 0.03504653497992957
 0.03442563317501254
 0.03535578991457729
 0.03517858616327788
 0.03627883917641139
 0.03615487909587548
 0.03625411651627392
 0.03573299803535304
 0.03579141078767303
 0.03659481743160371
 0.0361379658540493
 0.03653617162471363
 0.03637904729019448
 0.0367706876798688
 0.03724121603534007
 0.03719241359638742
 0.03717935032988014
 0.03743496728232687
 0.03744749138795568
 0.03878916356556533
 0.03837164291758745
 0.03895709349484414
 0.0394069335028349
 0.03997389836163599
 0.04072662796590817
 0.04088401073028875
 0.04126804526163123
 0.04153811285875644
 0.04104189851275129
 0.04198502231292535
 0.04205409818610591
 0.04146138539356105
 0.04173194368911931
 0.04176826643478272
 0.04228950579661389
 0.04179742284893676
 0.04142694721307604
 0.04181927993416558
 0.03969684312442487
 0.03998266832076908
 0.03810770135704215
 0.0378531721244687
 0.03652470504019521
 0.03615116468442097
 0.03702889639624621
 0.03518705867145971
 0.03602890414774142
 0.03607353365928721
 0.03589995915692729
 0.03673991583166671
 0.03700318518549768
 0.03668290409443142
 0.03598759484517028
 0.03597061099787409
 0.03689879349905244
 0.03634302434136481
 0.03626176095003764
 0.03575888214362369
 0.03560639154366793
 0.0370700501654035
 0.03626519228493251
 0.03682011605284276
 0.03679133483264594
 0.03763640285557848
 0.03731345886397563
 0.03769112341079576
 0.03834698810119749
 0.03894329375646682
 0.03854071560619975
 0.04095241791409557
 0.04035658086194987
 0.04010607739151323
 0.04093396349047269
 0.0407821516122909
 0.04204550091713626
 0.04203232698912399
 0.04235814655365076
 0.0431311028273515
 0.04341258940875566
 0.04393058216130581
 0.0439324335350767
 0.04437730375316854
 0.04528876627923366
 0.04548610905427376
 0.05050781220793025
 0.0458256771544459
 0.045891222208328
 0.04484548108529362
 0.04495249711074135
 0.04545891655465167
 0.0459045219339356
 0.04657253843393153
 0.04694274675320326
 0.04738924247774884
 0.04942730866478065
 0.05200340679452717
 0.05181440084825857
 0.05272826457875572
 0.05465901002235781
 0.05686964261673168
 0.0605609019644988
 0.06116026110883056
 0.05854473607276181
 0.05664760843918519
 0.05332572053892459
 0.05502062896239898
 0.05703323555522893
 0.05981304631313318
 0.0594469437071167
 0.0558468116324477


