# Created by Octave 4.0.0, Sat Feb 26 14:22:07 2022 EET <li9i@spell>
# name: mean_trajectory_errors_amcl_i
# type: matrix
# rows: 394
# columns: 1
 0.05635422553702366
 0.2693022796000191
 0.1860059405615905
 0.2037494659814262
 0.1068705271375181
 0.05401713244682028
 0.07680533351445396
 0.06668589800275959
 0.07675045731878377
 0.090105591657589
 0.04461508931495634
 0.05176103483735398
 0.05581074829569629
 0.0578596581283766
 0.07908020486373234
 0.05625265904200089
 0.08007984806918528
 0.07045105446890379
 0.0726474907420494
 0.06771964911492839
 0.05139101237236608
 0.06469933567008343
 0.05152804107378695
 0.06237448648171421
 0.06720309682576185
 0.05130254415701199
 0.05903791875706584
 0.06120788374684624
 0.07568530667734724
 0.06792998432134688
 0.06529569818085953
 0.06823286762258639
 0.06756235807660221
 0.06899578565004655
 0.0849236938659266
 0.07267356488114429
 0.06304337313337213
 0.07151124469701473
 0.07470524809616122
 0.07330381907141706
 0.06015077862832306
 0.06788038905734105
 0.06574695872090358
 0.07447336472688185
 0.07744814723335992
 0.06117466674384007
 0.07126227145784492
 0.0663339615718555
 0.07142580470220944
 0.07101291674924178
 0.05434598834006683
 0.0609738993248431
 0.07369291939882543
 0.06487939988688948
 0.06828006497739234
 0.05438804310504927
 0.05724687349289509
 0.06934748672869298
 0.07544719199429784
 0.07315088223299834
 0.05677007006538052
 0.05896372806212415
 0.06327962101307827
 0.06105703439753967
 0.06445498112509651
 0.0539842402169316
 0.05822372228268112
 0.06134595459458432
 0.06032722165498403
 0.06070087272156875
 0.05530403460124174
 0.06402256168953277
 0.06770005708089619
 0.06025274742274957
 0.06104909774003568
 0.05471354833843182
 0.04938721018834599
 0.06429564773143363
 0.06019263455902168
 0.06385017145683652
 0.05403903339260173
 0.05768429584647122
 0.06564715116878525
 0.06252473388335547
 0.06431678840404043
 0.0626130695295012
 0.06519801828442436
 0.06917318796674633
 0.07146003059073056
 0.0622093326092557
 0.05641218228924521
 0.06821821660973962
 0.05704057926729882
 0.05800340923234687
 0.06028324112499701
 0.06167712670040266
 0.05305196152313144
 0.05768053931319134
 0.06779117434791992
 0.07340044429161412
 0.07176521634590904
 0.06971840005237022
 0.06530994862888118
 0.06350544987935822
 0.06612840555323572
 0.05629674586361173
 0.05416951455001198
 0.053587956446639
 0.06294891326876056
 0.0590438052850988
 0.05230583781366144
 0.0612587285545803
 0.05736035576026746
 0.05366925211389263
 0.05331722246737276
 0.05323842856712924
 0.06016236206900769
 0.05515185916777221
 0.06014339116290998
 0.05659975542003752
 0.04860431598884854
 0.05042521268532971
 0.05221347935369058
 0.06256111022756043
 0.05959973268110703
 0.05684534453334385
 0.05741003092280485
 0.05237051615470656
 0.06186646187080717
 0.07279517429293066
 0.05120761333125521
 0.05246071399461592
 0.05339880833224953
 0.05803874279438184
 0.06246582792196215
 0.05541633409898473
 0.05991822656083802
 0.05416965278342806
 0.05623111855410226
 0.05924625651593841
 0.05836777309285783
 0.05908283549996818
 0.05951251481802548
 0.06928699608550482
 0.05701612230013237
 0.05364513874637246
 0.05389742550914607
 0.05504280578800083
 0.06210127573981772
 0.05973692963591043
 0.06158166330706451
 0.05748941777186284
 0.06394619844791719
 0.0626506896790642
 0.06148889640621409
 0.0569100744586031
 0.05850782540046322
 0.06452111270643128
 0.06357120799757404
 0.065473663527509
 0.05273494070300233
 0.05538003010383845
 0.06125239849138181
 0.06290926751584436
 0.06420618738718115
 0.05397769133157446
 0.0581706090768121
 0.05690516661619257
 0.06550558624286328
 0.0634926821173396
 0.05461522572696355
 0.06411924912573067
 0.06660088716575482
 0.06040669530961691
 0.05857334667525441
 0.0545262028749464
 0.05678357285510156
 0.05607152166665885
 0.06076940101854762
 0.05754979842594007
 0.051934527458558
 0.05332368568678469
 0.05648136795667584
 0.06137438438150834
 0.05118442996128835
 0.0532535256884273
 0.05891641660220892
 0.06704925358083121
 0.05736133584881603
 0.06139847625558287
 0.05068498830250795
 0.05758109537123617
 0.05769063031643617
 0.0593489584627313
 0.05698517351828306
 0.05997210366784962
 0.05899618086858095
 0.05400381598150256
 0.06012932702024264
 0.05543984439440604
 0.05218727685747768
 0.05355448036712179
 0.05410019576487528
 0.05809854278534196
 0.05424449864034823
 0.04881115316401909
 0.05188748796497959
 0.06303640238768039
 0.05725276075542587
 0.06159897317072746
 0.06574352617391258
 0.05606115217259245
 0.05681183030658226
 0.0628914876744851
 0.05851653660130059
 0.05731150964955047
 0.06144563743637874
 0.06493412240665197
 0.06049747001167699
 0.05613470369555328
 0.05734123664387672
 0.05828450107235501
 0.06649547752252306
 0.06375176675343282
 0.06850320779876025
 0.06377053751696282
 0.06080489120215928
 0.06058225991402204
 0.06682398270949524
 0.07151992107125793
 0.05781528388421378
 0.06136554277743991
 0.06436506328830364
 0.06406570757791566
 0.06432455977405548
 0.06536406815977988
 0.06119421545773147
 0.05768934779392024
 0.06999223219639125
 0.06776420990754406
 0.05757874770948331
 0.05902972921877384
 0.06626389928318713
 0.05973785101620054
 0.05810315393022678
 0.05896636488447217
 0.05812949521663496
 0.06662461009828499
 0.06227482321869039
 0.05769076343921799
 0.06272019677546339
 0.05928175886327997
 0.05944762209854099
 0.06411875106435559
 0.05694328200780044
 0.05856834384359671
 0.06196925007762794
 0.06291139742139443
 0.06020379963998691
 0.06712168024451751
 0.05792606285920505
 0.05771361790364772
 0.06092175762996617
 0.06606158685389647
 0.06609811384371742
 0.06285437574686947
 0.06661072192409208
 0.06223134286002927
 0.06985591543113648
 0.0603415834843572
 0.05499996084763853
 0.06143002769364563
 0.07094235230134002
 0.0668592647975505
 0.06622222416198936
 0.06301808123560404
 0.06453216749569113
 0.06690528875994664
 0.063911041581593
 0.06675276676321451
 0.06641481112016034
 0.06667948031914295
 0.06909858129214953
 0.06494073120982022
 0.06649307549367833
 0.06508644200797548
 0.0652273780156374
 0.06436970687288815
 0.07204997010130257
 0.06999072283350531
 0.06516047559583699
 0.06685849362080025
 0.07494588748107572
 0.07284422987127484
 0.0721965369127642
 0.06838175022796497
 0.06725801329361236
 0.06638571939149757
 0.06564727234004264
 0.07317908379456237
 0.06490605849415032
 0.06459634691346569
 0.06779449073295529
 0.06687195799761264
 0.07306020459733041
 0.06599301445554207
 0.06182368248874943
 0.07302916759627624
 0.07118266201719731
 0.06397602294938132
 0.0602040867767685
 0.06668631099508926
 0.06272904102888767
 0.05707884786360108
 0.06047278788251501
 0.05833310028115284
 0.06049114944266354
 0.0613932054029498
 0.06397726037149276
 0.0687544489643574
 0.0579668977599245
 0.06760714763351516
 0.06468257585517961
 0.06922847612329058
 0.06627318308331817
 0.06180297470552683
 0.06159900588102935
 0.06775771961921612
 0.07117805916153547
 0.06943450474302489
 0.06522864218481786
 0.06858499522546913
 0.0707313091289251
 0.07507154950585809
 0.07555389419032738
 0.06970077983918013
 0.06978063737759482
 0.07861661777767556
 0.07668119104095718
 0.08520339097814997
 0.07708013386759038
 0.0738084871723827
 0.06910867613852648
 0.07578959028490263
 0.07747134632717809
 0.07130273570953147
 0.07672958957631132
 0.07425283870217989
 0.07920412889396235
 0.0741708242504712
 0.08844104670313668
 0.08642846242728372
 0.08901133530032344
 0.09509615328871636
 0.09758668490398872
 0.07715186639894887
 0.07844262627438067
 0.0851291509462845
 0.08499876275899408
 0.08600566695743034
 0.07609662184549609
 0.07722907325785903
 0.07973415818815315
 0.07508642745194663
 0.07957297497267227
 0.07801435616795632
 0.07771551504524091
 0.08400283069061412
 0.07811934688336744
 0.067989529785485
 0.0678353288451546
 0.07457379247253275
 0.07327319183868662
 0.07632691242634884
 0.07944453530174309
 0.08538741972456315
