# Created by Octave 4.0.0, Sat Feb 26 14:20:36 2022 EET <li9i@spell>
# name: mean_trajectory_errors_amcl_i
# type: matrix
# rows: 360
# columns: 1
 0.05641929065282095
 0.04844629416064522
 0.03608120479213692
 0.02754974903772058
 0.06108744332317119
 0.06376133825123055
 0.07059867910130571
 0.06406157109413056
 0.0546789043688302
 0.04413632672401033
 0.0478756777437838
 0.04110815323951147
 0.04347348134583131
 0.04589201152146313
 0.05041383377420768
 0.04831508258415494
 0.05126536171970603
 0.0635517501275541
 0.0819439453648905
 0.07976941777651073
 0.08545356180372495
 0.08431798726949044
 0.08918706682542739
 0.09540794943514913
 0.09976027397021875
 0.09810095047874862
 0.09219747731300722
 0.08467880659756763
 0.07351634252380809
 0.07186722080356048
 0.07161517244620444
 0.07139924078481508
 0.06597862992560916
 0.06641784998082667
 0.0667869327916974
 0.06285520844941273
 0.06311072681258303
 0.06790620846825973
 0.05569979385672819
 0.05707840823843618
 0.04956061295868078
 0.0442439833247398
 0.04793176985935138
 0.04751955492801321
 0.05052360992057687
 0.04665677133977802
 0.04058459305936111
 0.03330120185556945
 0.03870164104970018
 0.03272354889350142
 0.03073567830052103
 0.02844562693387671
 0.02893710533328596
 0.02726875723459574
 0.0306746665264158
 0.02890826822242254
 0.02697208386377693
 0.02700151570200648
 0.02696276895468109
 0.03240448567753619
 0.03074889002188506
 0.03190095692747077
 0.02908700517754555
 0.03376636625297233
 0.03943570708247854
 0.0403126708057744
 0.03846706316068628
 0.04207669809580717
 0.03452470836207801
 0.03423661365584917
 0.03749149014279725
 0.03790451634531686
 0.0404953066101079
 0.03897829154874434
 0.03011519687683986
 0.0335528028195876
 0.03904398077246716
 0.03968594321229356
 0.04998695420937479
 0.04915070296478154
 0.05095400130681936
 0.0619089199722503
 0.06333430638437727
 0.06681263056348333
 0.06626971730661138
 0.06915969606288785
 0.0804699285914342
 0.08388277229961594
 0.08337345940316473
 0.08358720813194075
 0.08961561484420852
 0.09702286127072864
 0.0879715902470579
 0.08956567830713356
 0.08706929668566282
 0.08618397665146232
 0.08049374149654631
 0.07532832082416288
 0.0663878309795861
 0.06587527210438393
 0.06226092670735378
 0.06269248904257525
 0.06055612712972845
 0.05303544702704731
 0.05072429508296521
 0.04241278530575694
 0.04719844365518171
 0.03855020670354711
 0.0401034587478228
 0.03632025867603816
 0.04105162258056356
 0.03534520100385687
 0.03977621988620723
 0.03609340074915215
 0.04068305749541182
 0.03468334607810551
 0.03412853469477044
 0.02797945377391656
 0.02683348666282617
 0.02982937479743087
 0.0246472504843342
 0.02426238307751415
 0.02481414427834978
 0.02528362965990395
 0.02983799829817666
 0.03531674361837434
 0.04360462297437985
 0.04238653857386853
 0.04353421482895885
 0.04926566274920714
 0.05408344146199013
 0.05982348655490842
 0.05500962073549449
 0.05014785941430121
 0.0613085455224397
 0.05852582216570081
 0.06095161138462554
 0.0583716633970718
 0.05310103043211178
 0.05442896778848928
 0.05282022128664954
 0.04561600640574991
 0.04504289469225083
 0.04993812894988058
 0.05187708535490922
 0.05221384852419604
 0.05244930785703146
 0.04922590166936677
 0.05337257772976888
 0.05525032520600094
 0.05216281940785414
 0.05792715564363798
 0.06521961497004364
 0.06502663187043844
 0.05933179622210445
 0.0497100263495501
 0.05004823016999516
 0.05037936551117389
 0.05114030020355583
 0.04486323513388302
 0.04250198494799082
 0.04643579829209576
 0.04666104929817569
 0.05355664511064767
 0.06277198747927486
 0.06694615573926874
 0.06241903738507375
 0.06468843829776999
 0.05423071800719854
 0.05016660102256225
 0.04985070112588441
 0.05182577500141425
 0.04758005838376025
 0.04668553074532075
 0.04903884070465844
 0.04924991471567448
 0.04341739268812876
 0.04403431079679108
 0.04834389345247918
 0.04464784843981863
 0.04326289804925147
 0.04201915345592459
 0.04033345222377922
 0.04135342016327849
 0.03974911112227267
 0.04774999448482476
 0.04505046592196912
 0.04270217643256338
 0.04246137617599267
 0.04092123012003997
 0.03846173284524049
 0.03030478398010113
 0.04324805276444871
 0.03141330492027029
 0.03447660694801261
 0.03366292039750401
 0.02628721439149417
 0.02866101616166383
 0.02614098639439937
 0.02813542676836252
 0.02532194386698187
 0.02387498369591372
 0.02602663390016055
 0.02789820164684174
 0.02501843348571015
 0.02094194501861389
 0.01875039305331731
 0.0172458205734348
 0.01722674743699728
 0.02123431924450592
 0.02150788698534558
 0.02214118965462462
 0.0226277653384763
 0.03505276994822443
 0.03283075000258445
 0.02983858626557504
 0.02573407031708349
 0.02841020574392484
 0.02832848280615538
 0.02602157782416692
 0.0244826648541838
 0.02191785129036851
 0.02492320804571958
 0.02392018720277719
 0.02948063022260821
 0.03128403093734424
 0.03491112287812259
 0.03733532471048067
 0.03790551579906984
 0.03569861645884569
 0.03769970691394976
 0.03855726202929713
 0.04111650063358473
 0.04771523793225921
 0.05041960912100833
 0.04742229969967031
 0.05482132031285479
 0.05070332635972696
 0.0530239906899579
 0.05433849948484475
 0.05675480536517725
 0.05823149055380851
 0.05728654760313014
 0.05959365948131169
 0.0598781864058783
 0.05747388998412852
 0.0628051609688863
 0.05833038825076198
 0.0611937616356244
 0.06446809441262759
 0.06096284546467282
 0.05880622506257677
 0.05377272782304041
 0.05591891571717794
 0.05711361340624913
 0.0520158070402795
 0.05296584627523929
 0.05350950806208909
 0.05329877223676565
 0.05112356793945212
 0.0493880180321634
 0.04978823035473418
 0.04934255225958883
 0.04868013345613283
 0.05185648894978147
 0.05078681485424438
 0.05055272901037058
 0.04963873624000392
 0.04900703238779394
 0.05001837061016726
 0.04974186674177704
 0.05012452534595483
 0.04954046090095311
 0.05048379970209983
 0.04786738623819501
 0.0460099465509053
 0.04439556845249033
 0.0445568282194624
 0.04447927851139397
 0.0459278374739371
 0.04417453794527373
 0.04581975050896145
 0.0464385619856782
 0.04550682404036781
 0.04380055244790825
 0.03976913237994483
 0.03799210104192111
 0.03561336484598304
 0.03699864143773351
 0.03738248324108313
 0.03532433190596432
 0.03324386074470964
 0.0316636408879526
 0.02988000409040212
 0.03091694604447546
 0.02977781812537673
 0.0298151237697084
 0.02832804646913813
 0.02720820736715346
 0.03045400305815367
 0.0319788191732866
 0.03391713329985865
 0.03482155870962626
 0.03732933944432254
 0.0375715517065859
 0.03971090765629266
 0.03812227936554195
 0.0385513440459832
 0.04380138220904392
 0.03896150270737433
 0.03589260727793283
 0.03819426684480688
 0.03472432376967442
 0.03371772912868026
 0.03416044234144999
 0.03310397228363252
 0.03277317837268257
 0.03389891620895996
 0.03455089057456916
 0.03923701573771854
 0.04122068049419285
 0.04106245937951471
 0.04120764395222047
 0.04078681940204992
 0.04081394129412177
 0.0403473838563216
 0.03971116967624709
 0.03909191173639347
 0.04384873570131916
 0.04721298162406484
 0.04533864103422929
 0.04411181856465061
 0.04319829513090159
 0.04502946899979447
 0.04915335088856847
 0.04528867389547377
 0.04514587990265363
 0.04416672630403035
 0.04846867811131569
 0.04946127441259014
 0.05199267661692564
 0.05911319320060581
 0.06349406710700464
 0.06896818592744627
 0.07448470182661193
 0.07924525657875334
 0.08091994738093261
 0.08380457744063724
 0.0854370958307273
 0.0923595775140636
 0.09152229418526749
 0.0940425600649655
 0.08889426931260899
 0.08494376327766934
 0.089276675974526
 0.08512339088809404
 0.08550255366783036
 0.07641085749530158
 0.07284088969113223
 0.0651495789157264


