# Created by Octave 4.0.0, Sat Feb 26 14:19:24 2022 EET <li9i@spell>
# name: mean_trajectory_errors_dft_i
# type: matrix
# rows: 365
# columns: 1
 0.005254604026041039
 0.01219445513108549
 0.009124900000906815
 0.00927265156861215
 0.01162976813172903
 0.01249930672746916
 0.01366809158354365
 0.01443868030619416
 0.01508548658052106
 0.01579343785315233
 0.01601630368620881
 0.01459876254850002
 0.01636503642478789
 0.01321018399674916
 0.01258039573641249
 0.0112454251304446
 0.009966104156054862
 0.009311663156964332
 0.007324372137957878
 0.008007048128341214
 0.006492719287681511
 0.007397984332667642
 0.00391178940557345
 0.005703149680466011
 0.006059084261131557
 0.005488322502143824
 0.005860625905141598
 0.005816474329836964
 0.007878036945760074
 0.01186879528874665
 0.01563363299590689
 0.01368329770871194
 0.01453022043040481
 0.01429191328581901
 0.01670169860615759
 0.01485568616542494
 0.01483071206281336
 0.01623340467308115
 0.015470652480036
 0.01571841060782957
 0.01721672852381882
 0.01447535269832412
 0.01901056915678601
 0.01835661671000307
 0.01824086355517206
 0.01903988178766864
 0.01995278895213677
 0.02134786027765011
 0.02278417879024582
 0.02201685986553123
 0.02130746166784432
 0.0265247682035335
 0.02226042055981872
 0.02161529308084868
 0.02228272356123066
 0.02234472461403585
 0.02325495391873338
 0.02529324023951011
 0.022200127103196
 0.02225658097701832
 0.02220878066905897
 0.02158338439915256
 0.01923760461059494
 0.02249253692769231
 0.01884582851762362
 0.01782351018400537
 0.01665074793797609
 0.01825407362601494
 0.01638041603774643
 0.01762632313100507
 0.02639587859683365
 0.01442819692655785
 0.01477494264480309
 0.01210877137079171
 0.01194624258310687
 0.01098116200536846
 0.008281838078358448
 0.007958712343373146
 0.008270458717506238
 0.007447815181853988
 0.007794976744627874
 0.007471779450250692
 0.007304234704256875
 0.00784760774692876
 0.007513281703931981
 0.006923995427291238
 0.006793395587264245
 0.01157433234487494
 0.01024949351197123
 0.007689133438494106
 0.007044362535139175
 0.006789790575324285
 0.006472402987203162
 0.006251008579267366
 0.006608062680240766
 0.007939347479492006
 0.01513509382915224
 0.06222647945890811
 0.03454689146680397
 0.008027696814327894
 0.00700404309985788
 0.006677678297592067
 0.006713760327684136
 0.007266440016796306
 0.007404127632156653
 0.008154965072688689
 0.008482179375243922
 0.008647109234887661
 0.00865420063749011
 0.00874104907507758
 0.00868929175697487
 0.008765520908010542
 0.00909248537949604
 0.009051390964900968
 0.009276881214228781
 0.009578844931159371
 0.009776614807722218
 0.01018191192188211
 0.01076559189948856
 0.01095815320392806
 0.01129491313930419
 0.01176831942514254
 0.0120429143744657
 0.01214355893220753
 0.01272945601426618
 0.01335711588821735
 0.01339111243625895
 0.0139627955201944
 0.01445381281360496
 0.0146908918869806
 0.01520599363785713
 0.01555277514283918
 0.01567605638984551
 0.01595224843799743
 0.01569737191562292
 0.01602863978578991
 0.01604374700344099
 0.01572618867133375
 0.01630749825257188
 0.01648586696042512
 0.01665358040404852
 0.01688288651123367
 0.01714585564333517
 0.0172341317324044
 0.01767475072764131
 0.01779328187963889
 0.01759038865953325
 0.01814121268513132
 0.01816424032348999
 0.0180213266425025
 0.01830989527304612
 0.01842364523026031
 0.01866641531644828
 0.01892609676037918
 0.01935152697781699
 0.01966027000873032
 0.0193147912657599
 0.019685329917721
 0.01928344264589908
 0.01928036078564087
 0.0192807680254314
 0.019400283899457
 0.01932822731429849
 0.01922732578591058
 0.01957698994679028
 0.01960619981302315
 0.01991662675968767
 0.01917802992613127
 0.01958559909097557
 0.01927336740071143
 0.01936861540908063
 0.01946838522862071
 0.01923967486570738
 0.01929733131718478
 0.01919882364129728
 0.0193308839313615
 0.01932641578971635
 0.02018460732500305
 0.01979881333855381
 0.01918459653942151
 0.01921321984233521
 0.01921635356735575
 0.01863773024062312
 0.01859916067729229
 0.01855011489103824
 0.01837959560950845
 0.01759907850466094
 0.0177659159718922
 0.01719532377284713
 0.01713686750037781
 0.01668296161443946
 0.01643007933560117
 0.01604003371240122
 0.01570360856157545
 0.01546053402539455
 0.01555602636272989
 0.01580249849836986
 0.01603211946952549
 0.01541140062638979
 0.01560813367306921
 0.01590007122998766
 0.01652861290572708
 0.01775095137000349
 0.01876909695466693
 0.0192206177992212
 0.01979107222907348
 0.02021409387627209
 0.02057500506169547
 0.02098501318615879
 0.02153476507427928
 0.02284028948577516
 0.0231397452553757
 0.02385356581790767
 0.02459072030565908
 0.02495864696411431
 0.02549483955665843
 0.02633110642042592
 0.02688772764620036
 0.0276410570239021
 0.02805434788439382
 0.03203240259230603
 0.02910628011814041
 0.02920698055037712
 0.02996145310284783
 0.0306064424285476
 0.03085235685519538
 0.02983312702195889
 0.03036187432321322
 0.03028711784794456
 0.03071826385753971
 0.03079861546948234
 0.03068375634415251
 0.03110252080068394
 0.03132999082763669
 0.0311044505770315
 0.03155681111637827
 0.03180496998491354
 0.03236134090050354
 0.031817315324993
 0.03177241442168757
 0.03218149101680971
 0.03209652920059898
 0.03180147272362813
 0.0323789045449886
 0.03219769424998955
 0.03206581130263234
 0.03265174733325791
 0.03308927675510617
 0.03329982467661756
 0.03333976042956006
 0.03366604277852034
 0.0334006594451224
 0.03388406455348973
 0.03401098545745941
 0.03389876057161657
 0.03372899543883327
 0.03443046312343453
 0.03466748819452579
 0.03466791293489535
 0.03504317803919953
 0.03512325596808394
 0.03533477702625792
 0.03554134751286582
 0.0359428403474612
 0.03595254094217861
 0.03574145176539217
 0.03590366157135197
 0.03611920100011314
 0.03635515935950058
 0.03647874000132435
 0.03678435123604856
 0.03707060717130978
 0.03726359205318368
 0.03785645757297289
 0.03834391910813036
 0.03855641200515024
 0.03918710510312862
 0.03960790668197743
 0.04034095173002768
 0.04049584514979288
 0.04092317382590392
 0.04069523914395058
 0.04075119106791061
 0.04125970968064077
 0.04111490612174214
 0.04098208094732823
 0.04136099665650114
 0.04110836041484774
 0.04109546559610559
 0.04130449745725562
 0.04127893153170794
 0.04122049395395491
 0.03985750113027393
 0.03876995711966239
 0.03752067493484754
 0.03752403112850794
 0.03611594819243029
 0.03540236853796548
 0.03539216351379762
 0.03465129709538597
 0.0353203598305958
 0.03519295667313732
 0.03540859449726518
 0.03535503913021382
 0.03576447250219784
 0.03601882540219163
 0.0355016691706484
 0.0353859073017523
 0.03588161787059128
 0.03574425617907744
 0.03585958619684858
 0.0351218495213984
 0.03527817249123298
 0.03574519631654997
 0.03578482399767109
 0.03666187441643061
 0.03645530225405506
 0.03697563304261139
 0.03704060298222404
 0.03719314356125661
 0.03796805034745705
 0.03842749529428545
 0.0383104863248486
 0.03958319097629345
 0.04002189234630209
 0.03976468832330371
 0.04118325134469786
 0.04079250027990958
 0.04116242101128367
 0.04206822692025092
 0.04189836995920106
 0.04281793036482152
 0.04322801881330487
 0.04312394437143911
 0.04341555818152325
 0.045025778693717
 0.04478239163474329
 0.04522584212423841
 0.04965738070482267
 0.04694183396573154
 0.04572808838710793
 0.04522783658788931
 0.04530745758012315
 0.04535107067957856
 0.0454890939455653
 0.04550140014801396
 0.04531762212891764
 0.04562029312067486
 0.04597993565745929
 0.04733920297360375
 0.04830787613815291
 0.04872720531062268
 0.04988606892621303
 0.05013122505971722
 0.0508812227316771
 0.05215323580013373
 0.05120289812774697
 0.05163022657140082
 0.05162309923061376
 0.05279838847104185
 0.05236209934676433
 0.05301498421993298
 0.05380079033157573
 0.05371835089289948
 0.05340060121460811


