# Created by Octave 4.0.0, Sat Feb 26 14:20:00 2022 EET <li9i@spell>
# name: mean_trajectory_errors_amcl_i
# type: matrix
# rows: 374
# columns: 1
 0.1146849406736153
 0.009847059410809158
 0.009420000953290767
 0.03145744953930416
 0.0707935994034721
 0.01072070343363942
 0.01887658517657496
 0.009387906869015786
 0.009813630088421404
 0.08594323170725859
 0.02764183232636499
 0.02014796394803919
 0.02205258212184463
 0.01333314602023587
 0.09268943703789373
 0.01318752471715556
 0.02438859173125861
 0.0197900139964992
 0.01410787638903927
 0.1781661814666506
 0.009555917525059134
 0.01135487394040418
 0.01829090958524078
 0.01056310103518842
 0.1332294157011941
 0.01024517868805045
 0.01341713773980391
 0.01968742114845271
 0.0124160396490412
 0.09783177257706335
 0.01539146623812577
 0.01846857967099423
 0.01619691193665062
 0.01674555898546749
 0.05045389129310329
 0.01323233856740268
 0.01910598918940819
 0.02056926583916084
 0.02046250844269658
 0.06974417757346969
 0.01565325858411199
 0.01642762647357876
 0.01064207110976157
 0.01240986019921938
 0.1020580097317313
 0.02898978920373388
 0.01871254624224663
 0.02815178397433966
 0.02403077859328527
 0.1045987191415752
 0.01904293451424841
 0.01787208627367057
 0.02442299507780767
 0.02195951742119633
 0.1045132194652898
 0.01981758357207226
 0.01954939871558786
 0.01550219029901892
 0.02458100035965358
 0.0990475766575265
 0.02098295243567012
 0.01783856887028633
 0.01604780865375809
 0.01929228732860865
 0.07167074320983526
 0.01639819688702159
 0.02085619293486292
 0.0186997383917558
 0.01645200687174769
 0.0961840322194219
 0.0237177764640749
 0.01893989417164075
 0.01993145917994642
 0.01667442552479551
 0.08709362641534957
 0.01397977730346164
 0.01758154170646897
 0.02146169785795283
 0.01031705833934789
 0.1112356209838549
 0.01451970208091073
 0.01306204597679241
 0.01039170371349843
 0.01461557678271334
 0.1004391274312364
 0.01370728091022707
 0.02240704022643284
 0.02041013896593788
 0.0127555087539051
 0.09586179367938419
 0.01675764375733636
 0.01219135300137932
 0.009955051151406703
 0.009757979678465773
 0.07522767301319994
 0.01239484340069142
 0.01965358603680509
 0.01345655650220206
 0.015269691580688
 0.07048444216574379
 0.01230586499681887
 0.01305452857776253
 0.01882865409187867
 0.008113287758739986
 0.1052860905462328
 0.01328135960645935
 0.01044125078116872
 0.01333252772511378
 0.01401148988657844
 0.06649688389253466
 0.01123551126246124
 0.01387902639062685
 0.01247073032476074
 0.01132747589794235
 0.09811648966366328
 0.0158931360338729
 0.01678158533621056
 0.01415236864592125
 0.009852955286639511
 0.06826255855447111
 0.01389256161200785
 0.01816286325697992
 0.0177730195839053
 0.01529373052761237
 0.09988242809616323
 0.01372031442283353
 0.02197901568252834
 0.02017990063092972
 0.01810972989061066
 0.09609047268998058
 0.02144807004307191
 0.01795720518450906
 0.01968862389594275
 0.01652818141276674
 0.08462014352983867
 0.01994838710719788
 0.02279385393965826
 0.02121911810706292
 0.01736678027680658
 0.08817408792900995
 0.01940354122963425
 0.02376453197420763
 0.02677818134255271
 0.02062730099850183
 0.07638314140016333
 0.02007210012222406
 0.02062765265360125
 0.01891097234523666
 0.02197843471597746
 0.06984344044659625
 0.02139203037087856
 0.02024632466590098
 0.02245833322487301
 0.02196265740377715
 0.09002715661397984
 0.02288871370598642
 0.02041861457049267
 0.02370587447488667
 0.02397345892802642
 0.07048156264305444
 0.02638226427897637
 0.02256364892583535
 0.02302970588847298
 0.01995523493671824
 0.06760766752306885
 0.02291444899850067
 0.02188806889492025
 0.0217122946807591
 0.0250661315466337
 0.06186547357532557
 0.02283586729189937
 0.02179787230845123
 0.02335476321873322
 0.01954576250494536
 0.0984339226530076
 0.02327076269720795
 0.02005429563493228
 0.02372021202748501
 0.02301965055878799
 0.07446215439114803
 0.02344150911978431
 0.02291277199829776
 0.02010313788772462
 0.02130735140007276
 0.05570978303050708
 0.02124124682444294
 0.02535373513565594
 0.01886312766486775
 0.02087222693881638
 0.09102098940366617
 0.01868905037965554
 0.01918477198891453
 0.02322351442663437
 0.01884232681169723
 0.08437517261589697
 0.02215920094677729
 0.01992044925721549
 0.01779822037013387
 0.01907957800425434
 0.08535495400411253
 0.02083409820674493
 0.02021264102895169
 0.02145119310538868
 0.0229364592900049
 0.0538304415287721
 0.02305069621391986
 0.02427548152088421
 0.02245303111094213
 0.02503121470797949
 0.08457970415996305
 0.02482419095413345
 0.02260232721384138
 0.02558691055481395
 0.02712567443308632
 0.08951049734797563
 0.02752506587437765
 0.02643354622372644
 0.02689610216313735
 0.02707871557107962
 0.06781796800174344
 0.02764714407462227
 0.02983992342014186
 0.03187116776700034
 0.03235856291469294
 0.09428482448101677
 0.02978869529974421
 0.03039216816882789
 0.03072957125374184
 0.03222033016579536
 0.09606930274035652
 0.0316276790453279
 0.03194350817251655
 0.03196111779810516
 0.03465141715647543
 0.079660917940929
 0.03364531661231045
 0.0340880817197871
 0.0334214922910395
 0.03248337802237317
 0.07786131827099196
 0.03390026455773458
 0.03448330905291971
 0.03462180400446099
 0.03604633223124091
 0.09793564082732639
 0.03293051608814525
 0.03456147986405968
 0.03396416379041722
 0.03496986947256751
 0.0820181196858786
 0.03760992328470208
 0.03727826388512964
 0.03527053825489861
 0.03645945075064234
 0.0791012379227584
 0.0364719481736695
 0.03636657384242958
 0.03578790929566648
 0.03737266950004535
 0.09115897676072372
 0.03507528900203094
 0.03734065603652236
 0.03654555636593423
 0.03725548618453301
 0.08842873071751325
 0.03656095087225399
 0.03803462595002883
 0.03817418204138205
 0.03842407612180792
 0.07034894463223851
 0.03737141340756725
 0.03856411301784365
 0.03819665754614286
 0.04051939497273803
 0.0767814585505591
 0.04121517759071594
 0.04093515602127995
 0.04076044125070012
 0.04264535135593989
 0.09860892089236893
 0.04166780035482358
 0.04446027247851134
 0.04303899792472074
 0.0418363701525066
 0.08020508938628917
 0.04326467653369831
 0.04249767917486801
 0.04273003134793865
 0.04381444965601576
 0.07855692721289896
 0.04162371544345402
 0.04336354325864959
 0.0449533369548086
 0.03998749819599006
 0.09130081916283733
 0.04186321176150547
 0.0411483154903194
 0.03832061136952897
 0.03746318049612354
 0.0850712634490008
 0.0330578573042324
 0.03614422917477104
 0.03808289685719686
 0.03559916821605623
 0.07777632593149737
 0.03773291542497002
 0.03834128252123042
 0.0355182534447839
 0.03505162720161645
 0.07157639502072288
 0.03595349000017106
 0.03634163116041745
 0.03729811670435033
 0.03578884995037145
 0.09505242379460402
 0.03745543195087406
 0.03783742620562863
 0.03833790602251434
 0.03930690755703234
 0.09591086892131614
 0.03781774720629666
 0.03834469085471093
 0.03875347434237379
 0.04046173124832327
 0.08034596492604609
 0.03998090451216919
 0.0415030441984918
 0.04015641458973031
 0.04189386757838611
 0.07878468187570234
 0.04116991499905413
 0.04151466930637154
 0.04293196171892891
 0.04488675454191871
 0.09594808838198511
 0.04544112595680155
 0.0454299938054058
 0.04276739537123345
 0.04654792850751863
 0.1059359032419939
 0.0484995853459251
 0.04521707858302862
 0.04469054743933046
 0.04597232825708176
 0.09001523826958929
 0.04790024480452926
 0.04730182712492662
 0.04791923327357898
 0.04764353122145712
 0.09295932547230179
 0.05301979503661586
 0.05102840367369928
 0.05686192737129436
 0.06075404798418699
 0.1145240997904488
 0.0648413051205963
 0.05136098174011858
 0.05124906029817874
 0.05785540170803295
 0.1069446346742002
 0.05518064226544592
 0.05727792382258396
 0.05444455183946174
 0.05042725194734012
 0.1239159648321609
 0.04463027279058754
 0.05033224677102031
 0.05649456457040098
 0.05395767967704253
 0.07177229402398658
 0.0610370408108372
 0.05268753697405582
 0.0579748397228323
 0.05225720535417008


