# Created by Octave 4.0.0, Sat Feb 26 14:19:42 2022 EET <li9i@spell>
# name: mean_trajectory_errors_dft_i
# type: matrix
# rows: 369
# columns: 1
 0.005907507989504759
 0.009464099158937448
 0.009776887827988696
 0.01063762318683389
 0.01195298628562165
 0.01380299612481342
 0.0134168031085876
 0.01487129109271428
 0.01523115323724553
 0.01676988430626355
 0.01627249319571831
 0.01423201140504095
 0.01701273205133857
 0.01325763440174486
 0.01619109140377983
 0.01259132508403617
 0.01029525303786351
 0.009935071074523124
 0.008344140705664745
 0.007636612367770237
 0.00684720532796748
 0.006739368104180405
 0.005251475263757464
 0.005028251837722888
 0.005650916857934131
 0.005657310603427439
 0.006521847844937018
 0.005785271013960439
 0.009363247602309973
 0.01200416497936665
 0.01551430967457005
 0.01430377738501791
 0.01418125907213783
 0.01506038890978969
 0.01559593015995642
 0.01404818548582086
 0.01490920624894912
 0.01588424223147539
 0.01525209280398608
 0.01598928948766361
 0.01642881776241194
 0.01404187419283527
 0.0185717389266099
 0.01759052008582606
 0.01890123222850768
 0.02272349703482065
 0.02247375989601352
 0.02161572360242504
 0.02594167187301995
 0.02623242329189451
 0.02284097663982158
 0.02376919220882605
 0.02310902498655526
 0.02190606973945783
 0.02174379849034044
 0.02253061818771207
 0.0221526409066946
 0.02261390101518699
 0.02209262589209062
 0.02288773197564018
 0.02116770762602101
 0.02156812670617286
 0.0203340509572239
 0.02228128997386785
 0.02054686741878898
 0.0186105503454623
 0.01753664134839582
 0.01740927781269436
 0.01692842244288803
 0.01928627176329499
 0.01845123265125668
 0.01630084317234506
 0.01377025357443829
 0.01239436244861731
 0.01219683635761752
 0.01037341980601855
 0.009273021715105407
 0.007430774722523389
 0.007462345051979029
 0.007096723625130976
 0.006895793150088285
 0.007026208139747691
 0.007462609343353575
 0.007251948862369404
 0.007161738338831068
 0.007835995349763168
 0.00684405677080501
 0.006942815642049429
 0.008132070793051248
 0.007596196101324003
 0.007890697640359677
 0.006823736651618902
 0.006413657800393833
 0.006674916493013988
 0.006803114811679211
 0.007878396014209144
 0.01239207481130926
 0.01212689466205538
 0.008852993879442548
 0.007469695188854645
 0.006597758829443724
 0.006262787085414424
 0.006908474488834176
 0.007303607840103398
 0.007340105571511437
 0.008004535064888197
 0.008488298768319146
 0.008776470304486854
 0.008799536742678148
 0.008765596516202784
 0.008846723748744598
 0.008753031835766156
 0.009189979925694102
 0.009522207886969565
 0.009477466363936921
 0.009512123234462657
 0.009771839454641554
 0.01065577562679143
 0.01094876032370426
 0.01100726428277427
 0.01148148038615283
 0.01172357975808936
 0.01173616403985672
 0.01234848838327888
 0.01259444361582675
 0.01347954034795099
 0.01364738743357338
 0.01392486029084121
 0.01414509292429229
 0.01477241807012229
 0.01482993317441541
 0.01542641965343661
 0.01592224772148611
 0.01549512077620315
 0.01602807592763669
 0.01592234434469692
 0.01579978922774017
 0.01597358444316671
 0.01625241290224931
 0.01651497918828969
 0.0170126372337449
 0.01677053495839757
 0.01726912542069054
 0.01701938115268352
 0.0171961583500856
 0.01750970330493198
 0.01783777513386984
 0.0179940052032408
 0.01826042716494867
 0.01786015902964103
 0.0183893888458414
 0.01841956593201864
 0.01893026541360295
 0.01911454467401159
 0.0191742945420561
 0.01957055188270801
 0.01949520123480526
 0.01957828077245183
 0.01921567172892887
 0.01935899464834939
 0.01953481989786789
 0.019402333593812
 0.01922383985509857
 0.01940114651939563
 0.01931374459731806
 0.01942134254197857
 0.01960956585789411
 0.01948954028997335
 0.01944343706745423
 0.01926488641457153
 0.01948410722586871
 0.01921467291360252
 0.019159635252171
 0.0191513605816087
 0.01915416559205011
 0.01922835674159457
 0.01930166084541257
 0.01973962951872222
 0.01947013602374404
 0.01889600749381431
 0.0192898012378673
 0.01902499811781689
 0.01869868717275911
 0.01867215795316424
 0.0183053450677277
 0.01795752425491638
 0.01791769466197599
 0.01729558022741041
 0.01706244968212851
 0.01703947698431671
 0.01669347474009305
 0.01650818549452849
 0.01619787916053691
 0.01599840680482317
 0.01594481846167151
 0.01605524694179328
 0.01629254516369221
 0.01612169523591319
 0.01632336597772397
 0.01593261814988555
 0.01582780702154481
 0.01654639545480716
 0.01720731188883415
 0.01848931020085699
 0.01923936811980878
 0.0195287151610132
 0.02013538895692383
 0.02045426484246724
 0.02093586985013898
 0.02167231337075207
 0.02222678437893956
 0.02309249563483188
 0.02398015659333108
 0.02428672907131803
 0.02494280270411391
 0.0253683554992925
 0.02616994574175033
 0.0269546660999459
 0.02740977835805384
 0.02761782940564674
 0.03135728589184782
 0.03016030302760982
 0.02906799624318104
 0.02946452071147702
 0.03023719352949203
 0.03079519023538468
 0.03069914623508979
 0.02991085896441815
 0.03057662721622808
 0.03063140967907791
 0.0309511562003796
 0.03117587416358023
 0.03119830862438266
 0.03087126199213744
 0.03121229742867014
 0.0315795467032048
 0.0316382069801352
 0.03214254656453876
 0.0321352753417756
 0.03197827729782225
 0.03228698108991307
 0.03228384002175523
 0.03244235845573314
 0.0322230488826518
 0.03243554506956997
 0.03251876238162499
 0.03249335999387103
 0.03292619221046103
 0.03344881545133768
 0.03333204196944133
 0.03367351008714785
 0.03395613375845358
 0.03408887587833221
 0.03422008790877455
 0.03392681923777158
 0.03411751936714547
 0.03472155908004416
 0.03477484382661852
 0.03511784490074257
 0.03507060280970817
 0.03548690166891268
 0.03583469440271091
 0.03599631133670687
 0.03586556971313926
 0.03607257106686722
 0.03591436828558361
 0.03594465075790494
 0.03642502459499496
 0.036350102363912
 0.03618620187079052
 0.0368143269311909
 0.03713839169128552
 0.03734697949733103
 0.03784263050567947
 0.03817018618312913
 0.03876564288843704
 0.03932306253823006
 0.03949499417091186
 0.04005753009785194
 0.0405101538051599
 0.04086621544557367
 0.04038896322751224
 0.04138377277446714
 0.04114233877453868
 0.04170107668444607
 0.04185673152655518
 0.04179445230921931
 0.04122456645844547
 0.04111757696949434
 0.04125269345045222
 0.04102505471285764
 0.04075212384028213
 0.03920473988449776
 0.03771489518824653
 0.03794359746294289
 0.03748779205462315
 0.03674541279111919
 0.03590955519885033
 0.03539832730653839
 0.03470782115863096
 0.03487732880874714
 0.03560403529342583
 0.03581189088088829
 0.03545554529761479
 0.03578865772139248
 0.03617503470329108
 0.03582853616169756
 0.03568301609533112
 0.03581125243173555
 0.0358288750533224
 0.03568899796489685
 0.03570254819538497
 0.03573192228055941
 0.03596802168046199
 0.03555580386372736
 0.03684700220413657
 0.03631014150215997
 0.03683272164201998
 0.03721538174051349
 0.03723639010367422
 0.03788392315346895
 0.03801022040506237
 0.03908100921189761
 0.0388410151362617
 0.03952832192242053
 0.0399822476559819
 0.04049608871897651
 0.0406835439597323
 0.04130887019852745
 0.0415983153421068
 0.04172622305310719
 0.04251544697133245
 0.04295576555398063
 0.043421762318508
 0.04342251873171918
 0.04451047520747427
 0.04495678873299803
 0.04541567744926383
 0.04708185420278388
 0.04573446241812461
 0.04532356403579617
 0.04489725060967283
 0.0447981544309398
 0.04505509041027459
 0.04528155661147114
 0.04534178140910316
 0.04547837331502515
 0.04535829622496272
 0.0461515484414274
 0.04787495407283254
 0.04840961385256298
 0.04878463932890033
 0.04986175434945238
 0.05014499335196219
 0.05173412319630007
 0.05239949142953409
 0.05244375899404213
 0.05384807331423724
 0.05201385800156355
 0.05236469086108617
 0.05205703315356136
 0.0527744492790174
 0.05357753171356732
 0.05323943631425763
 0.05338204210128647
 0.05288474063190264
 0.05276158252483187
 0.05288229145632023
 0.05314714706147486


