# Created by Octave 4.0.0, Sat Feb 26 14:21:49 2022 EET <li9i@spell>
# name: mean_trajectory_errors_dft_i
# type: matrix
# rows: 358
# columns: 1
 0.005102923794076997
 0.009240068317485396
 0.008986232449413635
 0.009328990242782186
 0.01012683630312428
 0.01185009702812276
 0.01312215838458719
 0.0140329355423832
 0.01458030123465159
 0.01576627072874572
 0.01530376024122006
 0.01445317826828895
 0.01374953740021429
 0.01270748775704825
 0.01320456203543503
 0.01300130271037272
 0.009993637012012693
 0.009426992590219771
 0.007632122819438045
 0.007008836609522404
 0.007367372668130893
 0.01015288841235095
 0.009227745296674221
 0.05453820006067965
 0.006109963877736706
 0.005281271326095696
 0.006156401590204577
 0.01107251763507649
 0.01571072496088085
 0.01166205501758855
 0.01429421210329934
 0.01423180806620129
 0.01422438493223536
 0.01462561798704326
 0.01722096661771674
 0.01383641347673373
 0.01665141451932794
 0.01774444640532246
 0.01751846763907963
 0.01591524716936448
 0.01652169730993243
 0.01601185357851824
 0.02372920458456498
 0.01663371859335828
 0.01866813384301057
 0.01921772546240463
 0.02104686797656334
 0.0212665426748929
 0.02136500823590418
 0.02162425282455113
 0.02189866884392914
 0.02193630490566662
 0.02449140050008316
 0.02227949320978109
 0.02312144614690405
 0.02260625398242795
 0.02196316673581242
 0.02282248809271648
 0.02296640398229456
 0.02196550926734445
 0.02233748570165875
 0.02085856728843318
 0.02084179289749881
 0.02162110896331647
 0.01911396044533958
 0.01809135012691624
 0.01669207412921363
 0.0178225838501467
 0.018283839088866
 0.01947170739245525
 0.01942354450006373
 0.01453824821240694
 0.01337111529915487
 0.01172840980830741
 0.01105196617918638
 0.009996019037145098
 0.008511467157554742
 0.008115882047204356
 0.007936321600338452
 0.008745430066718973
 0.00710784716703119
 0.007565257194084167
 0.006901682834594183
 0.006562258213303243
 0.007582314974668641
 0.008476168195488656
 0.01072552115430242
 0.01179569072611109
 0.01163730378881835
 0.01237708217432417
 0.01273622646591832
 0.01009980825334925
 0.009669767805833691
 0.008978839244528249
 0.01105203363870209
 0.0123060249478696
 0.0340566120249864
 0.06922949252306561
 0.0143698338219006
 0.008537971889587352
 0.007249191858962551
 0.007268728724565899
 0.007080544232670263
 0.007321611286284743
 0.007855508754943872
 0.008466746640295432
 0.008479032439092487
 0.008526770381008311
 0.00885855633444451
 0.008900453844092365
 0.008887165831409858
 0.009082469123997537
 0.009273375085279383
 0.009530445150603004
 0.009388860600390039
 0.009726891158072492
 0.01038541018797885
 0.01056223092291664
 0.01058188251659813
 0.01111014924711268
 0.01107802880434611
 0.01157658280954559
 0.01180323159134589
 0.01231088904620083
 0.0129667798872378
 0.01311480828198032
 0.01365373681432668
 0.01424383707095269
 0.01441775734731323
 0.01475398137702926
 0.01513185838628522
 0.01558654122708693
 0.01558279159118868
 0.01573507215486521
 0.01550725330182349
 0.01591575735890412
 0.016100378778501
 0.01590720432446049
 0.01638908227254471
 0.01628782058173947
 0.01643704827065174
 0.0169850385435927
 0.01677094838440387
 0.01709644916902698
 0.01747840538323694
 0.01784028454517691
 0.01788719705431191
 0.01811012906210286
 0.01813625061892508
 0.01827032549664724
 0.0184533582785192
 0.01865025168007316
 0.01906411029599059
 0.0189555153113698
 0.01896329634362504
 0.01917860153801037
 0.01941143188620711
 0.0189233678860633
 0.01897781286770965
 0.01913676340113765
 0.01889400619366768
 0.01935893003195552
 0.01947910275346015
 0.01941048444231738
 0.0194463315937903
 0.0192411582335366
 0.01950213439141731
 0.01956014465200651
 0.01923201263909662
 0.01940125902566702
 0.01943816447667097
 0.01943159684425148
 0.01925035535049451
 0.01914711547416389
 0.01926511863751263
 0.019191476078374
 0.01964973494583842
 0.02007295517388987
 0.01936798363312147
 0.01914723508705357
 0.01918480474896937
 0.01885926143202462
 0.01856490508578958
 0.01827089953546634
 0.01821478162356995
 0.01794069838280377
 0.01753944411900141
 0.01718941670114595
 0.01702409280209057
 0.01659539042000325
 0.0166455368706769
 0.01621219093233788
 0.01554518556387539
 0.01525682737976623
 0.01550353536818756
 0.01588814107463995
 0.01583813441339512
 0.01580779122921358
 0.01573329145565364
 0.01587028663008895
 0.01624239125709635
 0.01697260871736637
 0.01790691867772336
 0.01892968743054129
 0.01943101251492337
 0.01993676653225872
 0.02018105841267787
 0.02064107397109454
 0.02141288878597949
 0.02221994267920991
 0.02277773918130945
 0.02338400701115109
 0.02384462175451012
 0.02459825955039981
 0.02542159436784497
 0.02582118840443939
 0.02637484317506791
 0.0269459271323382
 0.02791363230093225
 0.02886151549284206
 0.03223476958963527
 0.02937896558713207
 0.03054368467549074
 0.03278806574264756
 0.03067065449993307
 0.03045699366796937
 0.03002533544447685
 0.03029374822454419
 0.03062037950670607
 0.03077835817688674
 0.03090491421395493
 0.03072595758007123
 0.03130313596191826
 0.03149292206444346
 0.0316405677377335
 0.03178756133510767
 0.03157945643469298
 0.03198186533702588
 0.0320508583789198
 0.03220890793857978
 0.03220824708712711
 0.03224652925899153
 0.03242540377825415
 0.03173372294897994
 0.03247644155027269
 0.0321250389055841
 0.03293103675531647
 0.03321872300332214
 0.03332015228673504
 0.03343005422458402
 0.0336102294071151
 0.03394796414921067
 0.03414081686349646
 0.03365105461103328
 0.03391772476878359
 0.03414787938127445
 0.03479246303186947
 0.03484211080534088
 0.0348448677107269
 0.0353263756152995
 0.03557704944127324
 0.03555218644796782
 0.03567375824040057
 0.03622368491597263
 0.03627465035749508
 0.03607655705605356
 0.03617306074278342
 0.03636415799530884
 0.03669781604202245
 0.0365744116565202
 0.03714337366545832
 0.03732080166187798
 0.03778856722962737
 0.0380704631414696
 0.0389642697916011
 0.03901416353447561
 0.03940660159151628
 0.0397260710817625
 0.0401246025879736
 0.04061792163419162
 0.0409754139433005
 0.04106775647707243
 0.04160564454288634
 0.04154746181722873
 0.04197097397154467
 0.04151884660972345
 0.04221075274569793
 0.04143052113221295
 0.04159191445787947
 0.0415111157295347
 0.04131104807405599
 0.04072106780277034
 0.03936078537605746
 0.03763864758479184
 0.03791398537118802
 0.03747773168181118
 0.03614783708038954
 0.03530038142484426
 0.03536224827161699
 0.03504026659770761
 0.03530548598184532
 0.03597822982824615
 0.03664041879905791
 0.03578884214133697
 0.03591489609866914
 0.03632933273523602
 0.03590008735758848
 0.03609957421199768
 0.03598392289753384
 0.0356108087605473
 0.03555822984547503
 0.03632614386505506
 0.03615392470420481
 0.03612617808656403
 0.036639800770084
 0.03620809405019583
 0.03694152182475246
 0.0371041931556812
 0.03718923228136234
 0.03779701610007026
 0.03832113236378225
 0.03891741010255241
 0.03907648664751075
 0.03978307894468755
 0.04005945816379214
 0.04012222463365583
 0.04075493722088699
 0.04124929184472274
 0.04164785779780926
 0.04179857308237463
 0.04161245090152062
 0.04235687769542405
 0.04287352012637306
 0.04343998132396602
 0.04396310116078658
 0.04453384916128486
 0.04482737523628131
 0.046874552944019
 0.04733897890098449
 0.04621596827375443
 0.045891323620758
 0.04471975604370433
 0.04448379343313338
 0.04471731986225971
 0.04507710638728097
 0.04514895090797878
 0.04505726219122595
 0.0456233391552249
 0.04636855363241957
 0.04862697407658555
 0.05090942148400212
 0.0484786067374799
 0.04861123951934546
 0.05043205113642689
 0.05110476614724729
 0.0522256684800852
 0.05185285731056914
 0.05213053953693274


