# Created by Octave 4.0.0, Sat Feb 26 14:19:06 2022 EET <li9i@spell>
# name: mean_trajectory_errors_amcl_i
# type: matrix
# rows: 365
# columns: 1
 0.0564195186854123
 0.0135465792256671
 0.01917884651878247
 0.02001194977478073
 0.004589746323023834
 0.007270703379457099
 0.01615372825859298
 0.01311117434374483
 0.01617535103185337
 0.01258598396204877
 0.008776701030189092
 0.02523183963607755
 0.01305549464507891
 0.0111727963796952
 0.01417141062079852
 0.01939287345864868
 0.01082130927400743
 0.006751831803732579
 0.01313722901906472
 0.008076783246931299
 0.006050162516371482
 0.01207112905741653
 0.0118000657935661
 0.006215526978909702
 0.01063810034266996
 0.009323224046008882
 0.008465128667221619
 0.007424695874847109
 0.009333538199202476
 0.01030790593875406
 0.01149896942646626
 0.01382806320677968
 0.01426186468765197
 0.01588868639725845
 0.01197114116409767
 0.01941327068331965
 0.02037481747899842
 0.009320009188771374
 0.01668556884030425
 0.01564835794398658
 0.01340465382844581
 0.01940215394936837
 0.01105276754050493
 0.02467786808202205
 0.01435397635668714
 0.01535223043373056
 0.0236070518903386
 0.02084484590014393
 0.01912487753455287
 0.02316386711242552
 0.026696850545008
 0.02323215701620689
 0.02135333414275329
 0.01941738089582632
 0.02610836735295135
 0.02732847640601997
 0.02454475050708606
 0.02300858995191351
 0.02436174630257242
 0.02545376700596998
 0.02734691130209674
 0.01862642623120163
 0.02310874535737881
 0.02677388188225526
 0.02893150607791379
 0.0217675492352252
 0.0204206376363548
 0.02005536569145346
 0.0167324168072053
 0.01812973570012739
 0.02020350381663573
 0.02474302356792109
 0.01653597896026621
 0.01616444294842733
 0.01785608010513679
 0.01278238818740572
 0.01209645002341806
 0.00941074493022572
 0.009734803719719038
 0.009784554160179692
 0.01035596909382344
 0.01014930585619231
 0.009946214216542661
 0.01062710888459993
 0.01200068287612809
 0.009710441391821135
 0.008702018797606596
 0.01038187485221492
 0.008484108978013187
 0.01183360024575809
 0.0115967354565806
 0.01066590224846967
 0.01128394100362883
 0.01109003407560137
 0.01080460699733102
 0.01097529588624557
 0.0106182783401838
 0.0119171137155565
 0.01210926687837617
 0.03107361433963947
 0.01182561913220533
 0.01109809656927644
 0.007617604387597669
 0.01135973558330925
 0.009319377733814508
 0.00950296924281319
 0.01117484822083904
 0.009752934460050662
 0.008605411866449808
 0.01281751119837189
 0.01236344018224851
 0.0123178213976871
 0.0102911148446115
 0.009500717729610468
 0.01235499722905678
 0.01105605628788203
 0.01049347008833815
 0.0114688258726271
 0.01358425343786421
 0.01191901460855497
 0.01119199905491981
 0.0134661841671155
 0.01349018861795146
 0.01324145289497975
 0.01504119773752235
 0.01295426561668393
 0.01459659017347112
 0.0147110612976643
 0.01466057342534602
 0.01499730893993732
 0.01738808452980246
 0.01667122420264755
 0.0155939873374112
 0.01729373900754056
 0.01671776315017666
 0.01723629837229763
 0.016800537081369
 0.0165712424115426
 0.01572129716745813
 0.01736134347169417
 0.01754733108421021
 0.017413235647031
 0.01860607968746054
 0.01785581505014241
 0.01908546803678606
 0.01808270826988107
 0.01804895115738081
 0.01785754600285203
 0.01938935486034656
 0.01920849296909519
 0.01884143798345389
 0.01984782749140238
 0.01974068327692943
 0.01903043522599156
 0.02104704995474143
 0.02260540413625959
 0.02069132199284678
 0.02335747174665363
 0.02115214249692294
 0.0209999247657025
 0.02043972376159751
 0.02090848128925767
 0.01985810322773213
 0.01979962661934666
 0.02021566247108254
 0.02018930646666932
 0.01939378927251102
 0.01961268163592893
 0.02030634924541172
 0.02019923328415363
 0.02032731684786104
 0.02034180006867857
 0.01991305931866085
 0.01970721793926646
 0.02012793890976802
 0.02019609491857088
 0.0201530325061665
 0.02049776212766741
 0.02083700137014152
 0.02280688360609846
 0.01955091422315649
 0.0193221663467313
 0.01890128696198646
 0.01961094917757721
 0.02032127916857578
 0.01915818218801411
 0.01920944289462377
 0.0187802667126841
 0.01811384033865262
 0.01819889414287935
 0.01772411142106858
 0.01769503408062132
 0.01732202856860472
 0.01709207055730488
 0.01685708048300603
 0.01709082615181136
 0.01689881731084639
 0.01842901775315771
 0.01716472196474578
 0.01721987602349329
 0.01690096178178311
 0.01852316230789244
 0.01837939824103851
 0.01839814465756855
 0.01970008278917634
 0.0201349131039263
 0.02078445171837558
 0.02098026832298418
 0.02244603692701105
 0.02286922273515989
 0.02324995226090282
 0.02476445369868266
 0.02453614722635901
 0.02521066625907442
 0.0256720912175699
 0.02671920293945979
 0.02761915504309644
 0.02784041084745535
 0.02813802971471381
 0.02950150035060459
 0.02944301223172655
 0.03032340842174421
 0.03209252422606869
 0.03054952067674928
 0.03137706969050195
 0.03238440744839877
 0.03188488221204622
 0.03188692386715022
 0.03142434910720728
 0.03226634782077711
 0.03263431891392464
 0.03198210328001594
 0.0327746975614636
 0.03171396387860727
 0.03292101320397545
 0.03205384090025179
 0.03189103766926794
 0.03207045879813147
 0.03282099888971084
 0.0333531779509904
 0.03380962459973729
 0.03319062160975494
 0.03315486713093383
 0.03293051747815537
 0.03344699574867229
 0.03289601232599466
 0.03343158231702166
 0.03378770509052774
 0.03424301646131379
 0.03444359370113746
 0.03469138904044241
 0.0347435544820551
 0.03515668730991262
 0.03485748924727819
 0.03493160200625009
 0.03506812453558253
 0.03454167412510098
 0.03564471968512183
 0.03532678948296429
 0.03596754461856744
 0.03585866823753679
 0.03665223031564072
 0.03668653356029002
 0.03624738205222286
 0.036549606245336
 0.03649338610560569
 0.03638799852034807
 0.03663735741816709
 0.0366407034784402
 0.03740827073516836
 0.03655748906302718
 0.03729011131875545
 0.0373736967441163
 0.03792199791352353
 0.03903083405641407
 0.03877279709561086
 0.0393505148734454
 0.03937879806188821
 0.04044714880444708
 0.04022369577551181
 0.0403750001097819
 0.04119306365256462
 0.04147168602172981
 0.04190098593262476
 0.04179690723505419
 0.0422755836062176
 0.04233433945446403
 0.04161037629403741
 0.0414871957932801
 0.04170384670453753
 0.04134909435161168
 0.04127502219095312
 0.04122909446360735
 0.03970748569021357
 0.03935604152665312
 0.038581987580899
 0.03741973839914699
 0.0368393747871611
 0.03605531364683288
 0.03615428162998031
 0.03570076199491889
 0.03617200470088452
 0.03542831075470651
 0.03678461055782906
 0.0369854961208978
 0.03603513486503492
 0.03676235557253783
 0.03631306762436851
 0.03628291121454265
 0.03678273011330855
 0.03591245905062529
 0.03592877109677126
 0.0363235375869699
 0.03612875357715167
 0.03612144154380756
 0.03603776822450038
 0.03672551874349179
 0.03685751976121975
 0.03781223751094674
 0.03826665389998464
 0.03789436545903627
 0.03848236032646804
 0.03883223251839527
 0.03891215587749866
 0.03972549718860496
 0.04025820853507781
 0.03968207297482459
 0.04049999157958772
 0.04019439044164547
 0.04136394939849344
 0.04224404693954976
 0.04288671813524549
 0.04272070420495284
 0.04342204688567416
 0.0444966861939942
 0.04422073578332832
 0.04412536126373721
 0.04626934595348574
 0.04689423475246063
 0.04650744553595298
 0.04573752125582556
 0.04510741501273247
 0.04487601345195557
 0.04502209031352118
 0.04595034533266899
 0.04673567616903495
 0.0471346303832323
 0.04717963559761217
 0.04964711976518238
 0.049781207498375
 0.05347824237160037
 0.05315205587089897
 0.05416512462008345
 0.05601194119974848
 0.0556155448867474
 0.0595819575537785
 0.05993205011819928
 0.05906424361488418
 0.05929347753915706
 0.05579615299246876
 0.05510117316573163
 0.05672121024887972
 0.05753130894203821
 0.05714024746906391
 0.05488244113792325


