# Created by Octave 4.0.0, Sat Feb 26 14:19:06 2022 EET <li9i@spell>
# name: mean_trajectory_errors_dft_i
# type: matrix
# rows: 365
# columns: 1
 0.01256080121763871
 0.01009537578137748
 0.009745211936441301
 0.008686343944477398
 0.01165565474454667
 0.01210656317181526
 0.01315380221036014
 0.0149671991669547
 0.01526128098630084
 0.01527867604998465
 0.01630422036827207
 0.01449538315472998
 0.013980508951421
 0.01352045006182867
 0.01788669276932783
 0.009738531212337479
 0.01090058916329416
 0.009607145461741184
 0.007150052082056352
 0.007230180930575569
 0.007294186100626194
 0.007083113706774528
 0.004089533965023554
 0.005471483241167592
 0.006369378757929983
 0.005729716597024257
 0.006047817384009006
 0.005957771903661341
 0.009352094146345663
 0.01327597701171022
 0.01431196037419068
 0.01476715336340758
 0.0143709691251364
 0.01534553909851336
 0.01690585112922376
 0.01464809383560012
 0.01434733931760915
 0.01580405166199744
 0.01652286646838649
 0.0172554267429456
 0.0160719243624312
 0.01517229285510091
 0.02479913241407942
 0.01753390743388309
 0.01834417515057443
 0.02133744185102144
 0.02073237819378223
 0.02459923168007552
 0.02204151921981598
 0.02129995735332491
 0.02045798948248028
 0.02344947051731601
 0.02123915328236269
 0.02387131272581359
 0.0223292067895918
 0.02132665978999889
 0.0215774284439653
 0.02133569093532552
 0.02146602826217625
 0.02147887453664983
 0.02086473212577581
 0.02297446821872769
 0.02130772920152191
 0.02468919916896373
 0.01902551647529964
 0.01781888069399003
 0.01808986312317044
 0.0174893354665413
 0.01624156022898766
 0.01670921505575958
 0.02387066461639956
 0.01628151529201467
 0.01247803580917378
 0.01196857080189762
 0.01106756021618087
 0.009027264790795287
 0.008367801694245133
 0.008232423047239042
 0.007532949721189935
 0.006653556878715776
 0.007224404134771408
 0.008113782919360999
 0.007482715969394765
 0.007343483255268058
 0.008109266253261664
 0.00779159989689567
 0.007432135995685992
 0.008080087380938548
 0.00806532623728929
 0.006983803158406701
 0.007175084326334967
 0.007391520724747854
 0.006872463011279603
 0.006974814666576502
 0.007172606433114491
 0.008121481515091667
 0.01266090881480612
 0.01177237481809252
 0.02343909861277276
 0.008673264747203226
 0.007113226107790258
 0.007195718689816768
 0.006563654543271356
 0.007651563516754759
 0.00767761102507717
 0.00851431884872476
 0.008455704105923608
 0.008420222340234981
 0.008736231813235318
 0.008743722889048353
 0.008688158396426391
 0.009059916958765579
 0.009330574333899474
 0.00973076242041352
 0.009541729801586931
 0.009386177731221145
 0.01009105945328034
 0.01037836293497137
 0.01073190308466893
 0.01092179876027958
 0.01128512455880909
 0.01119059781235208
 0.01227940930287529
 0.01213142265631251
 0.0131483084239721
 0.01328025300858024
 0.01359824481245598
 0.01386396860794465
 0.01484346966108195
 0.01464013396127676
 0.01499511249766462
 0.01539583475576485
 0.01546739017358486
 0.0154660656192684
 0.0161077869497561
 0.01560133663222224
 0.01567826344281641
 0.01626666074358158
 0.01572203567398968
 0.01627831180711528
 0.01677385988326537
 0.01687661080770608
 0.01667989914051507
 0.01668051403480853
 0.01712462455166927
 0.01773388445574356
 0.01785633534050927
 0.01805858566019029
 0.01843962721108837
 0.01838964436386445
 0.01817367460131115
 0.01897747098311285
 0.01888168388504987
 0.01897792190285902
 0.02004150471163581
 0.01913576015689948
 0.01975389362217451
 0.02055932416051582
 0.01947699399105871
 0.01927406719063419
 0.01972474021458302
 0.01910469858533879
 0.01932647254260644
 0.01928478184132569
 0.01934594268327282
 0.01906648327873072
 0.01945791452151083
 0.01938384401010039
 0.01933544576368794
 0.01941002082350179
 0.01937315989515014
 0.0194971112216822
 0.01928758278627048
 0.01928077601791872
 0.01936082757376543
 0.01955697753266322
 0.01948913297991585
 0.02013026738859874
 0.01979846304867186
 0.01926015934412979
 0.01897726263616906
 0.01865838136860166
 0.01874560633240599
 0.01845090754845542
 0.01807710494295211
 0.01784117929536472
 0.01763395112777336
 0.01755542808217081
 0.01703368496438303
 0.01692053580671295
 0.01660850877061553
 0.01629433454134835
 0.01589790983535879
 0.01546375224024086
 0.01561325030576285
 0.01596330523048253
 0.01585160817630448
 0.015576063574456
 0.01573688121059739
 0.01586891517923326
 0.01642173258931046
 0.01715614919381196
 0.01780779866673517
 0.01870632090849905
 0.01947393122313796
 0.02009489156992722
 0.02045497282299488
 0.02099003300136515
 0.02151342117227505
 0.02221323805480699
 0.02279794603698711
 0.02344844028347918
 0.02413549475725051
 0.0245655973232511
 0.02569152064606831
 0.02626306991900085
 0.02642516499270401
 0.02734602506898282
 0.02789050415472841
 0.02916852072756127
 0.02913819236058099
 0.03035898248280296
 0.0292071297632053
 0.03018601665299649
 0.03132570845321377
 0.03017065065782863
 0.03058222669968182
 0.03032617942194636
 0.03086907080421858
 0.03109318325805205
 0.03073398902907101
 0.03134513762841373
 0.03081243106349061
 0.03149220765895346
 0.03147888232178627
 0.03136912857211593
 0.03128615709547924
 0.03211184600669648
 0.03191906402993519
 0.03214006484359998
 0.03192061456670041
 0.03225858124451747
 0.03208185753652494
 0.03220081460464377
 0.03206171538344695
 0.03274826618716604
 0.03263133166287241
 0.03317886620045631
 0.03314637986888071
 0.03375553047423105
 0.03348408038977981
 0.03372447465452751
 0.03378093868636774
 0.0340814193968778
 0.03414797063375667
 0.0337205583553729
 0.03486538067877722
 0.03453573938130185
 0.03503145998013295
 0.03527739062523984
 0.03559170842525104
 0.03574779573618038
 0.03589918842293763
 0.03618997701140703
 0.03595502476012375
 0.03612217697001153
 0.03599322645604817
 0.03594051666930902
 0.03633723048369102
 0.03610893194015635
 0.03678521490465331
 0.03704290986494478
 0.03764242971277501
 0.03812774853563729
 0.03879423697514553
 0.03891027156415626
 0.03947888127300243
 0.04021371203346319
 0.03966997813419737
 0.04028847905044035
 0.04108424063468678
 0.04124263067291789
 0.04171459608763037
 0.0411684533898705
 0.04172122911323292
 0.04169235527516151
 0.04146351437684852
 0.04146801353512131
 0.04106184510938803
 0.04093549831870345
 0.04098673609393574
 0.04090966551623926
 0.03936473025941084
 0.03786087450427036
 0.03872364373320918
 0.03707746794580036
 0.03674206261161143
 0.03534514002174802
 0.03519373364592017
 0.03521750710697934
 0.03542467914188421
 0.03489858229211348
 0.03615863648633957
 0.03617757948956447
 0.03572129352786454
 0.03607084489837358
 0.03585757311076924
 0.03577743856945156
 0.03533871538866021
 0.03545024015744529
 0.0356248231119926
 0.03601593363295114
 0.03576587290000956
 0.03554574966879318
 0.03580386583382685
 0.03619287242134393
 0.03629245165471231
 0.03731272036443496
 0.03719475992114693
 0.03787047876438908
 0.03816748708469009
 0.03910149545650862
 0.03866517134291377
 0.03931615431326257
 0.04046574127918821
 0.03959418151527831
 0.04028201114939562
 0.04018168616878028
 0.04060632163265468
 0.04206662333057699
 0.04216749967126161
 0.04248162693720047
 0.0429810207757307
 0.0432630846531795
 0.04366775021586759
 0.04394081970400874
 0.04566223457110879
 0.04677465859829996
 0.04795124282017984
 0.04665034137219423
 0.04505797122122904
 0.04479755394256536
 0.04528544644823777
 0.0453291466287559
 0.04569658668511183
 0.04534144653939674
 0.04596167538174771
 0.0460083193673561
 0.04589451220067708
 0.0484718035870567
 0.04871241694707427
 0.04960435243708867
 0.04988171623165194
 0.05037656275830471
 0.05178152667747307
 0.05209231807590058
 0.05217671906453077
 0.05260613661036136
 0.05257964524974428
 0.05088315681471516
 0.05321817439466084
 0.05328119196047668
 0.05320438721327987
 0.05322953370986079
 0.05298112290703283


