# Created by Octave 4.0.0, Sat Feb 26 14:21:12 2022 EET <li9i@spell>
# name: mean_trajectory_errors_amcl_i
# type: matrix
# rows: 367
# columns: 1
 0.05183730649172722
 0.03281537054043651
 0.02581559588392768
 0.02421439698744735
 0.03625916253167696
 0.08956598799969269
 0.06929514952604332
 0.03375396992651802
 0.02890865458052815
 0.05378667043615902
 0.052524247684376
 0.05616584463432864
 0.05081058147936817
 0.05253597778097788
 0.05971592712398298
 0.06033635301747038
 0.05521590625573923
 0.08423976667474864
 0.08917097482493239
 0.08848857447324326
 0.07733274012049696
 0.07189681601914608
 0.080781673032433
 0.08641315452922875
 0.1124017450489702
 0.07599023897603689
 0.05511883302426251
 0.0597841288985304
 0.05159321326213216
 0.08877863348734347
 0.06180121248972273
 0.04284547915521492
 0.04365842513908966
 0.04800693509123874
 0.07908627320059161
 0.04515996070669242
 0.03953908229304595
 0.04423692913299811
 0.03767536109690957
 0.06206104924692334
 0.03847908713155461
 0.0288598972353907
 0.03899220577819203
 0.03784834561236014
 0.04975069024114054
 0.03769071033523177
 0.03224217252163229
 0.02933167331482413
 0.03247923221301134
 0.04125251918648767
 0.02444155241227081
 0.02305507151863907
 0.02621840560808787
 0.02669146130595616
 0.03629704018661814
 0.02301058084830267
 0.0236441834198901
 0.02638962865925711
 0.0233067928615437
 0.0425527749010553
 0.02416488784677176
 0.02947067275288374
 0.03596216982735399
 0.03815787381007289
 0.0502143417484625
 0.02386967640653625
 0.03449378193069655
 0.0343006998304372
 0.03524829016632701
 0.05646331246006812
 0.02490547467927875
 0.02996719397249788
 0.03543636641571462
 0.03360117867076503
 0.04754242409980064
 0.02507165049128208
 0.03787830768809843
 0.04493583496241602
 0.05570974935338101
 0.05276919074832129
 0.04454570159888456
 0.05711109506634726
 0.0609443329130915
 0.06931796060308223
 0.06606001437148327
 0.03678954764277934
 0.0516146415661226
 0.07261702459430572
 0.07084527515674591
 0.07872133796582337
 0.05022443969651439
 0.05966281893465781
 0.05986569304655123
 0.07183641911081498
 0.0836970610209172
 0.03515159661478028
 0.03863203088155778
 0.04440647000967103
 0.04157638922273302
 0.06789663998524297
 0.02745608353778967
 0.04572092286664603
 0.04528875047369846
 0.04562096286157737
 0.05362445053052525
 0.01819475472024735
 0.03485110353069477
 0.02486753900162291
 0.02645216411530055
 0.05223985118986251
 0.0166991905109965
 0.02081106690122271
 0.02597270866372208
 0.02755733907781347
 0.04228146373973059
 0.01816530959976733
 0.02211465851288514
 0.02423914257128315
 0.02119336100791287
 0.03234163473396794
 0.01828563622149652
 0.02278415791252938
 0.02385002292934196
 0.02338525005068749
 0.03726115105565709
 0.02041476813221803
 0.0244397772417573
 0.02631894510055571
 0.03004613127222248
 0.04501044799662754
 0.02217129560694633
 0.03261323328866386
 0.03323573531715708
 0.03321399805160748
 0.06664885265661172
 0.02530021457333109
 0.03538309146840236
 0.03487666722601972
 0.03671623162785827
 0.05965788638323685
 0.03173600649642794
 0.02949060713141557
 0.03439663443968081
 0.04803214311838314
 0.05640130110143372
 0.03221690137337466
 0.0383457003545551
 0.04038074206347771
 0.04428105790550129
 0.06260302180105913
 0.03221527212445058
 0.03874343713081423
 0.04349725754251261
 0.04671641765705735
 0.06705001314303308
 0.0328295961131528
 0.03846534394095354
 0.03498141795814564
 0.03738331243058523
 0.04859291077267056
 0.03267286651028632
 0.03533327050400217
 0.03651367916017148
 0.03993457342586061
 0.06125293147637216
 0.03356853914709803
 0.03456307025871863
 0.04557358525505058
 0.04048302674129079
 0.05426585702243586
 0.03031811030181823
 0.0313658828685828
 0.03323874593606976
 0.03342391220931339
 0.04952764716916396
 0.02664034967636579
 0.03027534010861829
 0.02886889945020714
 0.02944154466472172
 0.04533289763471937
 0.02451079854297565
 0.02797590780313748
 0.02652986234300553
 0.02672357453542876
 0.05671393189061004
 0.02220914276439392
 0.02060395287257898
 0.02101325281311345
 0.02122176586504937
 0.04227604343729682
 0.01996121468698004
 0.02043426435777207
 0.02112671197517322
 0.02026364177413632
 0.03580303811655686
 0.01955558788208699
 0.01783610550305749
 0.02068620293137523
 0.02131942893848226
 0.0336206171883017
 0.01956577620086539
 0.01782715032032698
 0.02092330234159141
 0.02279088625680553
 0.03851556676892626
 0.02076218213716562
 0.02121987793670464
 0.02296880817913563
 0.02388274198453893
 0.03344547933796699
 0.02256039236728822
 0.02398483615175228
 0.02722184416580985
 0.0416118891857749
 0.04084482683089825
 0.02575711813326823
 0.02651826544029128
 0.02716925692951975
 0.02991935487476483
 0.04283908956698874
 0.02479239282710454
 0.02709065727046251
 0.0287957793089048
 0.02766884019825776
 0.03626122467911568
 0.02676661990968668
 0.02707400791351759
 0.02893926576892334
 0.0302058219784201
 0.03973061015786901
 0.02858064989970508
 0.02991063482384995
 0.02802853642591421
 0.03144096707016215
 0.04828677362906435
 0.03279235601682567
 0.03154605344423007
 0.03372680523792407
 0.03366104846444203
 0.04936713503863015
 0.03195996644593859
 0.03267110276692354
 0.03360888313782597
 0.0363494186324243
 0.04814797100508868
 0.03536817327391661
 0.0364665904646212
 0.03751226332875944
 0.04220722040667992
 0.06201191145658977
 0.03940747596504195
 0.0402795302046427
 0.04443964321329723
 0.04208688963183566
 0.05176048410675146
 0.03957904725657588
 0.04221552618449544
 0.04590584264497904
 0.0468740622062236
 0.05140096808201433
 0.04513703583521349
 0.04697697117394518
 0.04625665522629829
 0.04842572493039025
 0.0608789480481179
 0.04484524912781987
 0.04768379365448551
 0.04764260390579474
 0.04840615795940295
 0.05451866032767752
 0.04594514217748021
 0.04510516051093019
 0.04576736245191809
 0.0461961912625594
 0.05352721759933669
 0.04454317247716896
 0.04676619556415642
 0.04366890567648879
 0.04356990495537986
 0.05368713204998712
 0.04147022850022686
 0.04003930511938751
 0.04063781154540691
 0.04246427414247242
 0.04891937415215664
 0.04233363876212488
 0.03929439851324101
 0.03721070516104476
 0.03992815003189219
 0.04227256456741685
 0.04423477114130684
 0.03954852887671982
 0.0377699295639803
 0.03612596993828085
 0.03668147620094002
 0.04324343219269899
 0.04088655814968653
 0.03564215083852029
 0.03825808327505385
 0.03651056936275129
 0.04121459202488374
 0.04033759690780093
 0.03838940458359728
 0.04177430997463396
 0.04525147148405712
 0.03947661258448754
 0.0407555410852433
 0.04084153475727508
 0.04344971415937043
 0.04550087608126221
 0.03972363963288357
 0.04246895935486829
 0.03604338577792085
 0.03509805572823879
 0.04258063794050651
 0.04070051736896166
 0.04340415122139792
 0.04412033142089627
 0.04039597560912398
 0.04231633705399022
 0.04504672589359712
 0.04636904000276312
 0.04572277987716746
 0.04463225681409241
 0.04425033330509028
 0.04662293004999288
 0.04431450469616324
 0.0447006521827823
 0.05839325392474083
 0.04702525503771832
 0.0531902746086498
 0.05360426408197909
 0.04692462540296374
 0.0494719386468202
 0.05306509236110613
 0.05820805776998898
 0.05491070478761063
 0.0537060034760541
 0.0565523094152713
 0.05252393386072145
 0.07061364627891237
 0.07283893305583308
 0.07266801494263181
 0.07635705420489292
 0.07841338915020279
 0.07497478864872449
 0.07372577228980176
 0.07790340492307471
 0.07541607658195675
 0.1004023532357075
 0.07509413057539877
 0.07443404811443269
 0.0745497288471386
 0.06894270370262834
 0.08713163221370077
 0.06175649443339498
 0.06009094526046248
 0.05991587730817177
 0.06376806751798328
 0.06356779146760648
 0.05425814491218897
 0.05405282063260761
 0.05658036648125928
 0.05297843475571374
 0.05474738468762413
 0.04876616523188305
 0.0516211349361992


