# Created by Octave 4.0.0, Sat Feb 26 14:22:07 2022 EET <li9i@spell>
# name: mean_trajectory_errors_dft_i
# type: matrix
# rows: 394
# columns: 1
 0.01143596909084733
 0.02163830247766036
 0.01367601483808009
 0.01082288616999489
 0.01081077495910004
 0.01096839991707169
 0.007300320377452213
 0.007762364000797255
 0.009934329844239795
 0.01231770223193392
 0.01564060684130726
 0.01488484365765556
 0.01271420527944879
 0.01338778895118556
 0.01691047948539381
 0.01048477370191565
 0.008850377197962648
 0.008410762614929367
 0.007343894012093668
 0.007895486105040149
 0.008178953414697973
 0.01015038873214487
 0.008785231738029479
 0.01079720637561854
 0.007582037640490005
 0.007386334134388271
 0.006645949118288957
 0.006567687678265765
 0.009732855754865793
 0.01088101051480507
 0.009253419519602422
 0.01168673455579368
 0.01049845334134076
 0.01336894794502506
 0.0115072230730108
 0.01321022402822293
 0.0117907878880718
 0.01486646220353751
 0.01453516877062404
 0.01475459819794447
 0.01517399886801198
 0.01470791817855087
 0.01696080011626949
 0.01659513817090982
 0.01836267357440559
 0.01815004601897896
 0.02049887732389212
 0.02141695594056318
 0.02212789764283224
 0.01992250778254772
 0.01941803705241652
 0.01940307860267908
 0.02049675661425847
 0.0197457760088577
 0.01866824616750803
 0.02006160086347409
 0.02032266402101914
 0.02093489638229207
 0.01862523786147616
 0.0214059694426494
 0.01943839448513651
 0.01936310943875198
 0.01862743436761575
 0.01829649920984991
 0.01720272593035485
 0.01556171783270726
 0.01576634094989952
 0.01475055071335284
 0.01501195211899485
 0.02067691569670745
 0.02151245480463957
 0.01526328267610336
 0.01124761299631969
 0.01017709508937532
 0.01066872337016382
 0.009407094182992688
 0.008498683192635741
 0.008538062206412622
 0.007946605626891423
 0.008483047571021718
 0.008845785840223851
 0.009517809170394558
 0.01055507282319902
 0.009108449673564532
 0.01011398983137314
 0.01129105113643858
 0.009904359954084367
 0.01049089685644188
 0.01075613400671446
 0.01008287590441505
 0.008774363767421942
 0.008712707821448317
 0.008581892656473581
 0.009477773214350234
 0.008939099651092141
 0.01133100611993234
 0.0149507478692234
 0.04448118599860767
 0.09106532020726166
 0.01183749305467261
 0.01057323903772166
 0.008091750749963563
 0.008782126408295107
 0.008371007628729651
 0.008503258539579906
 0.009001445029306441
 0.009835655125009826
 0.00907387921887288
 0.01081748481178041
 0.008957930522462685
 0.01028068892095402
 0.009828988080810751
 0.009593376085042736
 0.009984642577114681
 0.01003420891242705
 0.01035538199310082
 0.01126840790599158
 0.01063771869110947
 0.01167163177275037
 0.01180764808778594
 0.01245488861592007
 0.01283387235013995
 0.01289053262270217
 0.01310457185854972
 0.01346897672621841
 0.01433323596814256
 0.01441514463568003
 0.01453267329634639
 0.01498022322448412
 0.01528046139940473
 0.01591456453371653
 0.01628170022270985
 0.01651750529227907
 0.01648552602722731
 0.01635979108602485
 0.01697744167119332
 0.01706282688074111
 0.01696943156599327
 0.01708420173611262
 0.01788197240292804
 0.01747610840715173
 0.01782333767779971
 0.01752644442688774
 0.01766454249599449
 0.01844444867492506
 0.01846960734594723
 0.01875624363658075
 0.01898238868683687
 0.01883356150831893
 0.02046291757864283
 0.01927545328879963
 0.02024564271862724
 0.02007454196660102
 0.0208064269608361
 0.01972094891232773
 0.01997585550017561
 0.02064946323901342
 0.01998878227068242
 0.02020603828576552
 0.01972545337520274
 0.0199304837943117
 0.02026136369102897
 0.02023097150410698
 0.02002758165841317
 0.02000566807058159
 0.02048431125085092
 0.02042891602470205
 0.02001329091959046
 0.02008161290557209
 0.02001289614729453
 0.02046121151150244
 0.02036368891270289
 0.02006201737856196
 0.02024778502379082
 0.01962199980626463
 0.02102614611828998
 0.02119577014324103
 0.02122514263592539
 0.020343257672182
 0.01997576116434673
 0.02049670561744229
 0.01962262487357832
 0.01965167691635781
 0.01918363874946756
 0.01922767807678519
 0.01916042276556209
 0.01857007423498928
 0.01824257654873673
 0.01807259593816109
 0.01754447740497535
 0.0178216650454407
 0.01727553244435515
 0.01677252522250463
 0.01706739211737549
 0.01683337210166218
 0.01673339239177484
 0.01666406449718299
 0.01642861769319372
 0.016451349363471
 0.01657083724548418
 0.01834442499681851
 0.01833273974768107
 0.01909604805974933
 0.019655915067316
 0.01999733700061414
 0.02086920110727402
 0.02086029476287651
 0.02190656770543901
 0.0220464562749303
 0.02250030649773081
 0.02350224618019828
 0.02339610258324747
 0.02452472550065652
 0.02503977607293824
 0.02574860088385115
 0.02690247019853986
 0.02694183650974619
 0.02796638005202362
 0.02839622432242814
 0.02951505581491322
 0.0307819751549003
 0.03056373288696347
 0.03044931000210298
 0.03062094744914996
 0.03064376708787635
 0.03092965135330698
 0.03089567148637216
 0.03084928926986784
 0.03114729154843154
 0.03152761446958216
 0.03185229843827242
 0.03144971099099066
 0.03187591110046015
 0.03166629719130715
 0.031859790718635
 0.03208758192210935
 0.03217682611832945
 0.03236541193314983
 0.03257644879201974
 0.03229930376355584
 0.03251476563068524
 0.03272656971642543
 0.03257469128585122
 0.03239344783100853
 0.03264532422323738
 0.0327639802617874
 0.03315443881773095
 0.0337471461846491
 0.03382405298703815
 0.03401537343803235
 0.03422336370555046
 0.03446338406212906
 0.03421280201362784
 0.03404896787923017
 0.03403621033898505
 0.03397045622161007
 0.0345467922569699
 0.03538433308905845
 0.03521535089671202
 0.03538851915432166
 0.03562800318632421
 0.03592287939854358
 0.03606715892213148
 0.03625071897330321
 0.0364359149802974
 0.03681472334194082
 0.03684870442708608
 0.03677875417811437
 0.03711342430201085
 0.0371135456990727
 0.03719348298141875
 0.0378179033051599
 0.03779072931049829
 0.03788540431108912
 0.0385478547570875
 0.03872820082987143
 0.03933567450688293
 0.03946760051462345
 0.03997449439649951
 0.04040910557846066
 0.04117944740299949
 0.0408855423135573
 0.04138193866064665
 0.04133229854840725
 0.04180507344765189
 0.04159284733127119
 0.04206955316131897
 0.0416585652272058
 0.04152892843073652
 0.04193491043946609
 0.04140735116687494
 0.04068144025645339
 0.03920479228214566
 0.0386815496204025
 0.03864175078674406
 0.03796079424903201
 0.03633411945465999
 0.03595207346579952
 0.03522161781156118
 0.03570217748606885
 0.03596238730733112
 0.0357457588130328
 0.03762722948538892
 0.03622779002317886
 0.03635573408744806
 0.03614408719260172
 0.03596481466467931
 0.03583513828502645
 0.03513604711305682
 0.03551113960075462
 0.03550324437307406
 0.03538097784728404
 0.03597776032792646
 0.03577762860955704
 0.03617856622452105
 0.03654203966766609
 0.03699209790713712
 0.03718563244282573
 0.03753896140312567
 0.03789172452252564
 0.03819619680575213
 0.03862835695515637
 0.03877820308118138
 0.03922702293078756
 0.03941234395920962
 0.04012971322273313
 0.04063567383805526
 0.04068286630176104
 0.04146954890763751
 0.0416001494056485
 0.04213037600180449
 0.04254080745941962
 0.04305281447490039
 0.04331210309956007
 0.04377796352398972
 0.04376215100916521
 0.04388348516324232
 0.04567050004653833
 0.04827259563983369
 0.04575487856494566
 0.04520977935424929
 0.04499338964582433
 0.04538281610708701
 0.04538580584415339
 0.04549344161238753
 0.04597966088362214
 0.04569977903340282
 0.04692157493845377
 0.04758135899077608
 0.04867984356720363
 0.05027901321150193
 0.0497550911843025
 0.05104043521640551
 0.05171519618763119
 0.05382285609934508
 0.05297849225276857
 0.0534055217997328
 0.05421367029325107
 0.05551240695087031
 0.05401213279480965
 0.05460878461920483
 0.05697784571038218
 0.05694856704764926
 0.05798748262887489
 0.05556120399603733
 0.05876188226667482
 0.05585225809026368
 0.05474775178948731
 0.05390231157770992
 0.05462450150005898
 0.05462777740757928
 0.05443400576975306
 0.05468395803695997
