# Created by Octave 4.0.0, Sat Feb 26 14:23:18 2022 EET <li9i@spell>
# name: mean_trajectory_errors_amcl_i
# type: matrix
# rows: 305
# columns: 1
 0.06063827669378301
 0.3240323609316221
 0.1844956107299982
 0.2072858776677595
 0.1039679843266213
 0.1179872818021617
 0.08901967577197098
 0.04643876577244904
 0.1456880822458493
 0.08906284905971808
 0.1029600728465005
 0.06689822355754668
 0.06088781516565589
 0.06092425275383838
 0.09097606262685104
 0.1053468222644819
 0.1001436993119014
 0.08645628029003652
 0.07830216051033728
 0.05075634703707625
 0.09725438166260414
 0.08605340384962253
 0.07311959865796422
 0.07073721528719323
 0.06237862064077629
 0.08769787230903237
 0.06296490994258054
 0.05420661505686764
 0.06524694899898914
 0.06345413527517618
 0.1091267864819477
 0.07476769672048834
 0.0838047218206759
 0.06403568005132261
 0.06983946504084756
 0.1075851630142972
 0.09695114936578733
 0.08088283182990876
 0.06400920043174058
 0.07181426960190121
 0.1061955901372548
 0.07802206723123092
 0.07353720961541377
 0.06861427262390091
 0.08351989560048864
 0.09150332658861818
 0.08866048252318381
 0.08097748719241275
 0.07678978134516229
 0.06828467470492855
 0.0852873626078777
 0.07970003494336927
 0.07757337321596815
 0.06749397230558385
 0.06214711642440625
 0.08893195349952451
 0.08057556092424734
 0.06997890712293037
 0.06438627071431616
 0.06441341575145283
 0.08416091421620031
 0.08223867393053627
 0.07090887482037639
 0.05701243721783628
 0.06381142058542277
 0.08895917238177098
 0.07277671168849661
 0.0621800702208624
 0.07195151497718887
 0.06536148586156849
 0.09400055472842513
 0.07795249305692833
 0.07427073847277729
 0.06863712908382173
 0.07189067623268822
 0.09817260580972517
 0.06795510632568184
 0.07527603305838668
 0.06570221102234086
 0.06478904734275262
 0.09388953931031058
 0.0660831193909098
 0.06258739673047697
 0.06984767756053289
 0.06697986142006512
 0.1159575873848686
 0.09239122317104884
 0.08382119611577088
 0.07997347196651941
 0.07315242997538375
 0.1024178212786248
 0.07926106398060191
 0.0861357913999322
 0.06422171738881752
 0.05156439196899802
 0.0984704063524065
 0.06978503604731476
 0.08309810126671938
 0.07586229905835412
 0.06882869431257785
 0.1126113978588101
 0.0795797040896547
 0.07116401390965182
 0.05369823116957197
 0.06802993083519783
 0.09199690477421568
 0.06031715697195079
 0.07034245440841336
 0.06144491594444136
 0.05411214343764479
 0.0832479561798953
 0.07713171777350865
 0.06833422507639578
 0.06637039370831135
 0.05874269814426188
 0.08644585986514416
 0.06206763557465286
 0.06200289635928927
 0.05680362173967798
 0.06038308528618214
 0.08550124467085413
 0.06706557486472517
 0.06446413506364389
 0.05848128456345261
 0.06319191674539786
 0.07953882465063222
 0.07019361841237484
 0.0573530925308167
 0.05450727467275975
 0.06659957429669378
 0.08418363569284056
 0.07866453828642972
 0.07016957610851079
 0.0696212884957314
 0.06376015240308565
 0.0853451686351404
 0.06444717154142403
 0.06274284213037669
 0.0638126952776968
 0.06007186082279079
 0.08330529322191785
 0.08113539077565698
 0.06498844626247455
 0.07242377877984463
 0.05519311482542963
 0.0918344330288898
 0.07595640745052668
 0.06200168807202194
 0.06155494808192723
 0.06048750425193156
 0.08955055410113109
 0.07364076828099114
 0.06866041702865264
 0.06506479082945568
 0.05741348096084409
 0.0864166087757442
 0.08251845982363816
 0.07193138260410156
 0.06713799481707641
 0.06002191534673977
 0.08918913532840211
 0.07345073637584944
 0.0708559597500881
 0.06729696184024428
 0.06738368573109253
 0.07987012447418269
 0.08375514521726012
 0.06606288195703852
 0.05784758919975579
 0.05713389701497894
 0.0809207263442611
 0.07327763850428363
 0.06882280870286547
 0.05508629502084799
 0.05376512579669449
 0.08915474857801722
 0.07361410758963269
 0.06761539618191641
 0.06502364498021526
 0.06151568736200451
 0.07284605871225905
 0.06572215059255886
 0.06510814252976552
 0.06362035642900171
 0.05923701732133228
 0.08164975325000887
 0.06531231936770132
 0.06458379691574323
 0.0664689446459827
 0.05322720348317414
 0.09243047715419633
 0.06755178116142913
 0.06230315601861282
 0.06495769928075489
 0.05326694251068211
 0.07802329585912667
 0.07329364503533248
 0.05761394878012163
 0.06276807873244616
 0.06118603051890617
 0.0885977587651081
 0.06599869053238824
 0.06345816834033216
 0.05795495963846091
 0.06020170872849769
 0.07787801113840381
 0.07401262667589083
 0.05541712181152735
 0.06260918837284432
 0.06241406604416223
 0.08137063486868945
 0.06784366991064164
 0.06507758852640479
 0.06548176557259033
 0.06777379795445415
 0.06975737836781515
 0.07394306494595862
 0.06936818951512179
 0.05562260576197642
 0.06492268427799112
 0.07862213601217144
 0.07139283377311231
 0.06652380285083859
 0.06728231673938839
 0.06596071938444095
 0.07974049394852278
 0.07396250802053805
 0.07796136928733366
 0.07205393859265996
 0.05867473131002165
 0.07721677075364526
 0.07765715710880498
 0.0711697954943272
 0.06895437110583663
 0.06190153920633101
 0.08158787902671943
 0.07503292626302621
 0.07224041208769466
 0.07108767807369926
 0.06208105909811396
 0.07678579771635244
 0.06629067380760918
 0.0671377911747215
 0.0604222631085394
 0.06446815956104882
 0.07908089654126657
 0.07965054665737287
 0.0758274214852681
 0.06868426956796786
 0.06480421029257502
 0.08462052402818769
 0.07355177045125286
 0.08072698046443064
 0.06507413496168189
 0.06289555671238586
 0.08656135531978038
 0.08462650189964278
 0.06973606279688069
 0.0629413730922935
 0.06181853789660594
 0.08647439487583175
 0.07993468302682655
 0.08165449445688229
 0.06780293814353694
 0.06419652790308328
 0.08919025206826481
 0.06836042618968083
 0.07119484597759293
 0.07414399887481343
 0.05686291931545347
 0.08568064604716483
 0.07842987843856002
 0.06965539373206489
 0.0622983800696563
 0.06327609378419996
 0.08706572784912472
 0.07642146365974983
 0.06932286864159777
 0.07219950704376411
 0.06768373640466441
 0.08280142930040688
 0.07190959559088322
 0.07552680565756009
 0.07572166953274219
 0.07607958809360274
 0.1019026505930226
 0.08027460388952493
 0.07748234338117374
 0.06980981133202568
 0.06480686026938143
 0.09640629802611445
 0.08439338397937494
 0.06443782110041477
 0.06574855718180092
 0.07111452175507751
 0.1020760548247055
 0.08349825925024427
 0.07082115091426822
 0.06965582341628715
 0.0740989857113127
 0.09474622241263321
 0.08307250325348638
 0.07399121017101429
 0.07518508012324168
 0.07119002622669204


