# Created by Octave 4.0.0, Sat Feb 26 14:23:18 2022 EET <li9i@spell>
# name: mean_trajectory_errors_dft_i
# type: matrix
# rows: 305
# columns: 1
 0.00507374136951041
 0.04091286368142201
 0.0123921787679903
 0.01117711049011031
 0.01032825242776864
 0.007548164835049475
 0.00705007442344881
 0.009076818912151789
 0.008429920545578749
 0.01048495062241377
 0.01494645690822322
 0.01549599121108577
 0.01495810630373478
 0.01523434911747268
 0.01278903004799627
 0.01038880798602112
 0.009132692883711721
 0.008946122723746081
 0.007131308581315475
 0.007666969014868692
 0.008465665996789317
 0.01339175170782983
 0.008871654085089754
 0.009849714815304132
 0.007271938386710971
 0.007310794954435413
 0.006184208860125995
 0.006817616468831476
 0.009187561705779144
 0.01056834595299547
 0.007432401763704782
 0.0124962671970681
 0.01052065529155413
 0.01308783254222973
 0.01287056629040782
 0.01392243365619614
 0.01292357644983347
 0.01437939331955164
 0.01556543617600522
 0.01579796454223181
 0.01477194173465691
 0.01507784155349018
 0.01723657657173302
 0.01659779969273311
 0.01680229155944493
 0.01770404505741473
 0.01998489388633159
 0.01952635506251539
 0.02083752043258356
 0.02037067340789161
 0.02016505959513069
 0.02005946214629522
 0.01997486767571824
 0.01974967623187774
 0.02057905200944547
 0.02101957981482014
 0.02041002785977295
 0.02192730974126462
 0.02154036538029259
 0.0199138737528885
 0.0184951272520671
 0.01895084697311255
 0.01727202832997879
 0.01854923546691812
 0.01590166054629901
 0.01623527451205413
 0.01535078925726954
 0.01677793557056904
 0.0152067504788561
 0.01760259902923728
 0.02070167018070689
 0.01513583256790095
 0.01093332311313963
 0.01068498544930968
 0.01009401974794778
 0.01015460877858147
 0.008567367756938733
 0.008295261791925032
 0.008583057451246604
 0.008721915340180204
 0.008831412936424803
 0.009962784362284094
 0.01007488506249876
 0.0095895263057219
 0.01110467729463866
 0.01297980777280942
 0.01175960194549677
 0.01192069532407269
 0.01217482934447449
 0.01131522677605252
 0.008568046639600849
 0.009481606392165467
 0.008449198883602339
 0.01020455082605619
 0.008889562056695985
 0.01012414279571839
 0.02322022165583682
 0.05177842550435244
 0.03618527537779163
 0.01272347893301715
 0.01042189808625574
 0.008689188258379287
 0.008369836632971519
 0.008081699062624254
 0.00891947357622826
 0.00919532935761401
 0.01054082097300069
 0.009790612880576055
 0.01021196115925715
 0.009591481342637837
 0.01071767443229603
 0.009627782315565823
 0.01038575004855175
 0.00978847081980086
 0.009992217543938104
 0.0111100625771672
 0.011248299644683
 0.01177625752625227
 0.0116387963090053
 0.01151005664374611
 0.01196994243765314
 0.01302944458916709
 0.01324784183430999
 0.01351697548750093
 0.01325576559187633
 0.0146488025985374
 0.01458582759320492
 0.01464939662522131
 0.01477616782016168
 0.01543261879075745
 0.01633626121887991
 0.01597570121475058
 0.0168530484082147
 0.01661670635320118
 0.01680122548065299
 0.01696361747473864
 0.01716904173768416
 0.01690913572247011
 0.01725309423098451
 0.01746865000633169
 0.01722560219790398
 0.01762674188826796
 0.01776485493820822
 0.01789013211846931
 0.01801944304319991
 0.01820733171530704
 0.01874600378754943
 0.0194400910290625
 0.01913025373647343
 0.01882070082088716
 0.02024295290048926
 0.02020420667835993
 0.02066061115974411
 0.02037300817309745
 0.02104878050526422
 0.02075403798189426
 0.02103914025379711
 0.02022062521337527
 0.02033696651212803
 0.0204433968549308
 0.02041486636606772
 0.02088098347445768
 0.02093992632777465
 0.020776203395977
 0.02061898349891723
 0.02025693679637116
 0.02074041442303292
 0.02054397887350408
 0.0201246773115619
 0.02033703128265137
 0.0203062063010149
 0.02044152064761288
 0.02053601843672025
 0.02012381035685542
 0.02000619958284738
 0.02017713556184966
 0.02167496694864109
 0.02053994121143193
 0.02110852796422532
 0.02001049216493269
 0.01994702113185494
 0.02002102769731065
 0.01969354156201468
 0.01951316012677615
 0.01885268726615687
 0.01931539171418419
 0.01899542609923099
 0.01810583062998838
 0.01832465677611547
 0.01748604187845953
 0.01751055698950406
 0.01817356895002851
 0.01707122569958642
 0.01624629362975801
 0.01664725449152492
 0.01708824502792389
 0.01779525521374731
 0.0170883443774919
 0.01725087626475324
 0.01640469242494567
 0.0178554314466127
 0.01861338360841272
 0.01909770182832132
 0.01969794875695341
 0.02008332648935558
 0.0205164810132802
 0.02109439144255037
 0.02136640943758884
 0.02165592512531096
 0.02190621938630409
 0.02297270484966723
 0.02384121747989668
 0.02455834488757603
 0.02493257841735532
 0.02534662720620003
 0.02685078352459492
 0.02734149917699409
 0.02786615097921801
 0.02850490210216111
 0.02848220879831024
 0.03131010349198486
 0.03143101680185922
 0.03026277041027551
 0.03107807616464678
 0.03055787540056776
 0.03073208208990461
 0.03075254301984674
 0.03089286771571755
 0.03135650013228339
 0.03127714822254524
 0.03139273018194608
 0.03203772334412901
 0.03185846703070726
 0.03214697400281144
 0.0319391664752964
 0.0321231744383496
 0.03270401501928112
 0.03215003474526801
 0.03231345491041999
 0.03242965456478908
 0.03284328093723866
 0.03289332861023904
 0.03259145234738772
 0.03240743012850807
 0.03235349089672174
 0.03298853965700218
 0.03326657864874354
 0.03367074022253601
 0.03361737168264263
 0.0337325251722192
 0.03424164305048571
 0.03445752941321985
 0.0341470689320673
 0.03418564607624037
 0.03407442360757909
 0.034039958949135
 0.034779373419808
 0.0347291965512172
 0.03502762663023483
 0.03551754911377636
 0.03579471773074381
 0.03614534906863869
 0.03648709477831251
 0.03627383744685095
 0.03623789186952484
 0.03647416974593122
 0.03674576901515467
 0.03718921461652977
 0.03676843295222963
 0.03699815806737898
 0.03732194505575701
 0.03751716291133073
 0.03796821744376107
 0.03805905216017724
 0.03864200132806107
 0.03931197118960787
 0.0393828070621559
 0.04000427167960491
 0.04015223067269941
 0.0403649646366501
 0.04060635314501108
 0.04113047699764564
 0.04139483827558432
 0.04176348516654878
 0.0422784681450406
 0.04215431952769903
 0.04165274305662173
 0.04151332894191923
 0.04175383320217478
 0.0418917543305617
 0.0412128063896947
 0.0407151763228619
 0.0398570375978271
 0.03861730462993972
 0.03899002323749151
 0.03790560543283562
 0.03761019172971605
 0.03702431558871926
 0.03606891258887722
 0.03588158482894684
 0.03621020928921225
 0.03658942439438105
 0.03664262851712754
 0.03589292275848231
 0.03628549485812064


