# Created by Octave 4.0.0, Sat Feb 26 14:20:18 2022 EET <li9i@spell>
# name: mean_trajectory_errors_amcl_i
# type: matrix
# rows: 362
# columns: 1
 0.06142728156164123
 0.007396968786976384
 0.01834081490639646
 0.01783112425862721
 0.005782653562287518
 0.007754400803191713
 0.01631372086313524
 0.01350067787423038
 0.01770488331723657
 0.01262854320182559
 0.009002352761917194
 0.02777820067140985
 0.01519594593194292
 0.01028057595215598
 0.01159377186127248
 0.01456649036244447
 0.01180464097461292
 0.005613593849964861
 0.01137196590331149
 0.007675759661009198
 0.007365806375740532
 0.01188718269876045
 0.01224013403659695
 0.007532875526190347
 0.0111204619228293
 0.01002633394614187
 0.009128524057207415
 0.009815399427133196
 0.009734996574504782
 0.01075433791546432
 0.009500803780361448
 0.01694051325916086
 0.0163764425995865
 0.01637714396427793
 0.01080640737753731
 0.01929439089030497
 0.01866432943453946
 0.01083706530991246
 0.01838838695596592
 0.01602671353117346
 0.01237518888791532
 0.02000711864468409
 0.01097138328752522
 0.02155982978664474
 0.01389946720144083
 0.01648783732474066
 0.02059844927439265
 0.02237209243522001
 0.01954797878883589
 0.02349479310513137
 0.02861117439128713
 0.02438161147038368
 0.02271134534912801
 0.02127422386694747
 0.02796361257075255
 0.02770899742191507
 0.02692100219807717
 0.02586450990248498
 0.02613738633575433
 0.02682681645725274
 0.03170402726945869
 0.01889487020006806
 0.02033973872516324
 0.02839114342505139
 0.02556442539804446
 0.02387018092773691
 0.02202492036649763
 0.01818875969749819
 0.01777090063861732
 0.01711957377660228
 0.01817602590724734
 0.02236122391293977
 0.01521244200185624
 0.01667941973287284
 0.01781968553904157
 0.01561831706524167
 0.01254736982152492
 0.01007825140897521
 0.01025238534643488
 0.009664879244631502
 0.009635483439208585
 0.01104874567968342
 0.008565770161444337
 0.009739429974147141
 0.01190641742293583
 0.008411785795887101
 0.01116354219803159
 0.01008441700257541
 0.01121452624162381
 0.01483152640082621
 0.01329473617051763
 0.0108083083448391
 0.009936256151148157
 0.01194066229079236
 0.009455955198650213
 0.009588748488564943
 0.012858300142521
 0.02398110793773881
 0.06817180223858002
 0.03305627142195643
 0.01435299789453419
 0.01115196981748512
 0.008428674963379786
 0.01160016500130343
 0.01040781131764099
 0.01093596384347039
 0.01099973302066496
 0.009296045088779492
 0.009229477263808964
 0.01061609525071746
 0.01200990041670072
 0.0113101772444855
 0.01045569137799243
 0.009995415173555478
 0.01062987584245872
 0.01122539882463541
 0.012394036493534
 0.01274297408855777
 0.01273065272276418
 0.01132005293384146
 0.01185919758096772
 0.01336222690638225
 0.01405669889951635
 0.01242419977086496
 0.01490764033383608
 0.01288895935901588
 0.01401351525900591
 0.0136702354363233
 0.01547894474340766
 0.01434037703504615
 0.01727916962514817
 0.01681022934738791
 0.01526523819973895
 0.01714060849564739
 0.0160847511115461
 0.01654793456585921
 0.01661158894572312
 0.01741525755564586
 0.01671280933756032
 0.01785056020964391
 0.01795118863652062
 0.01680352231040748
 0.01829894417585825
 0.01738557550694133
 0.01785616053700149
 0.01702217082452104
 0.01855866967022504
 0.01753905272574968
 0.01834887288419702
 0.0198384057015035
 0.01818847900658663
 0.01928065472104249
 0.01970102550837245
 0.01917720653880403
 0.02113186510454671
 0.01997889769991547
 0.01922756439006539
 0.02153139832929699
 0.02021579304936552
 0.01992976303996421
 0.0204024653519434
 0.0205116692209155
 0.01995115305548326
 0.02006671631318947
 0.02018205304426968
 0.01951883577453804
 0.01994317343671154
 0.01965828410255147
 0.01966527364827776
 0.02025994850395001
 0.02036169584752019
 0.02008755126528405
 0.01972684787102862
 0.01970146091987545
 0.01980840843534392
 0.02008282101471862
 0.01965459872375489
 0.02021758868049091
 0.02071164076861622
 0.02097117598077524
 0.01943106742424654
 0.01970872183928133
 0.01916874891992506
 0.01943481185423873
 0.01957752127196343
 0.01926517961073297
 0.0195910845716294
 0.01844802035578885
 0.0179662853442278
 0.0181477260021165
 0.01830043663802238
 0.01790265821564412
 0.01776717693565252
 0.01720841253657456
 0.01766152989153754
 0.01662737219126759
 0.01632362875320523
 0.01841997753509566
 0.01700333371101238
 0.01775321533305006
 0.01718046746579974
 0.01835876669865148
 0.01796392839361193
 0.01785910605375088
 0.01896774493478073
 0.0200760930745737
 0.02001114940276643
 0.02055511504169522
 0.02156453733056354
 0.02221185184182055
 0.02277841871157009
 0.02362954461358706
 0.02420713695360347
 0.02528001136977444
 0.02555266542492909
 0.02614338469284645
 0.02759683893431167
 0.02761340900131232
 0.02749088684575333
 0.02908552952593619
 0.02911012947777828
 0.03008458028935207
 0.03021677951360102
 0.03009454073847859
 0.03091567459792231
 0.03079507613156519
 0.03247769600199314
 0.03157239592561321
 0.0310381107570466
 0.03100566586214085
 0.03209879726733677
 0.03220818567113114
 0.03214263171612139
 0.03188948633372806
 0.032356132425488
 0.03216620058745373
 0.03255416029303693
 0.03269799083566932
 0.03239791727725157
 0.03307993138317497
 0.03402644194661651
 0.03314996555952285
 0.0333539511442693
 0.03370185288762639
 0.03311719589665106
 0.03334641126254763
 0.03322248507976749
 0.03386825241604922
 0.034055543755267
 0.03466738978855695
 0.03445405461293663
 0.03508360047487002
 0.03552567821940905
 0.03519037043776821
 0.03554922155679916
 0.0352325040683381
 0.0345444039638752
 0.03531610126926723
 0.03552381528883967
 0.03598872044558989
 0.03610665509703512
 0.03583326309318019
 0.03651327040353834
 0.03625986458787156
 0.03726107217312592
 0.03658222604240458
 0.03664889853101513
 0.03636814541994675
 0.03667610403000603
 0.03703871127772268
 0.03724274731471733
 0.03670356368453307
 0.03760372041670834
 0.03769976630775064
 0.03866626866090112
 0.03860969622095665
 0.03902919846296332
 0.03936810971283169
 0.03953805995007836
 0.0400134672920664
 0.04074114638947225
 0.0407946995731568
 0.04060974763374166
 0.04145823143469343
 0.0420998382405158
 0.04200549416021537
 0.04214147221562413
 0.04237759426840869
 0.04177500588107017
 0.04225104587885674
 0.04202145879145122
 0.04171840861486455
 0.04148538955764616
 0.04058521607108219
 0.03944123831409775
 0.03875652760912025
 0.03771689052086761
 0.03668904300616251
 0.0364331434748057
 0.03604611708505612
 0.03541825179056074
 0.03575816139216348
 0.03542829097990195
 0.03573903542903122
 0.03683693810497665
 0.03646080581517291
 0.03630376271149981
 0.03583160995539747
 0.03591556915564544
 0.03635282218151343
 0.03589506873810844
 0.03563505159013493
 0.03593359608555396
 0.0360707628641032
 0.03651609460458072
 0.03624225044542956
 0.03679916415969368
 0.03695110972387944
 0.03753087701161065
 0.03793040969832492
 0.0378719886092941
 0.03848658279036399
 0.03823914606413426
 0.03887834106547518
 0.03992898652850779
 0.03987262380195709
 0.0400640371644294
 0.04049071859878667
 0.04047206245167926
 0.04121544462666098
 0.04171661312195932
 0.04190527835686657
 0.04202926665832341
 0.04250543143112657
 0.04396747607671316
 0.04332165927040502
 0.04415693332393439
 0.04529008096510025
 0.0463067825334783
 0.04730864609761401
 0.04707093237235387
 0.0454663065657753
 0.04485091006822418
 0.04499486995941473
 0.04545087903311709
 0.04615801822907899
 0.04593529589090041
 0.04672468056847215
 0.04738049223393058
 0.048653611393282
 0.05091008459799681
 0.05251847462539205
 0.05409687321756673
 0.05568577672309796
 0.05722394905586978
 0.06443075715108032
 0.0611077642705278
 0.06152339842849119
 0.05680063466293857
 0.05568936968883156
 0.05510802330635808
 0.05434427755615073


