# Created by Octave 4.0.0, Sat Feb 26 14:21:31 2022 EET <li9i@spell>
# name: mean_trajectory_errors_dft_i
# type: matrix
# rows: 371
# columns: 1
 0.01498051094664957
 0.008938894789150342
 0.01009387545169617
 0.009222860028386619
 0.009555518417975421
 0.0118164941878083
 0.01302779642675313
 0.01350087045807112
 0.01416340340515914
 0.01308356369575916
 0.01442375503751794
 0.01294823590654313
 0.01198521229462546
 0.01253590665568113
 0.01475687437988329
 0.01193166403978519
 0.01025981378953065
 0.009979546412365361
 0.00960276329515781
 0.00929966880211933
 0.008555093274266096
 0.01225395382536644
 0.0069979162227742
 0.006535164626207751
 0.009429892822007607
 0.006332414455319861
 0.007216466207359931
 0.007702547621849974
 0.01520105665434742
 0.01591918092013505
 0.0144633688071371
 0.01480596812834593
 0.01458867480429099
 0.0160118624109339
 0.0163790286649727
 0.01494332022331552
 0.0162176790804175
 0.01659720665959495
 0.01909683262520084
 0.01911832163699192
 0.01689159520347524
 0.01627012233404484
 0.01709300898601773
 0.01755719859510172
 0.0205856767976052
 0.02044311858426749
 0.0210190140322939
 0.02411378700309733
 0.02115776463997588
 0.02040028037815369
 0.02738387239120566
 0.02417244759273304
 0.02413126373729651
 0.02328186354813901
 0.02393788143444225
 0.02312619206552896
 0.02316336856030725
 0.02293551441145184
 0.02301722047504064
 0.02227896104333756
 0.02226399054802376
 0.02198379634624593
 0.02296022573153361
 0.02100216873897497
 0.02046885283267982
 0.02093649167251176
 0.01903721637495091
 0.01943501461461232
 0.01935696305890269
 0.02066097262935325
 0.02356896446361943
 0.01580323125415634
 0.01298970447294505
 0.01236106207486221
 0.009814710860956821
 0.01010465574841944
 0.008628417636960609
 0.007605865799447411
 0.008749934409516973
 0.009104523680315028
 0.009186827424310415
 0.009422082464781319
 0.007940310184678449
 0.00840191975810619
 0.01031872282927657
 0.01108976398743994
 0.00804067990307224
 0.008497567650554283
 0.01028406578498927
 0.008078418885092144
 0.008598035331466126
 0.008531465769330671
 0.008279970380428991
 0.006965643703407434
 0.008572364994599388
 0.01021584748804786
 0.01518370907974003
 0.05468750515867145
 0.09025233363715714
 0.01050954884703882
 0.009009142779518867
 0.007444430171345266
 0.006952137641030007
 0.007177142569177754
 0.007930043392407649
 0.008129493250518404
 0.009214432477782832
 0.009356903847520515
 0.009340125403166474
 0.01012697841391768
 0.009492042400450158
 0.009704798499075485
 0.009192374344121422
 0.009688263449554807
 0.009726792789567496
 0.01049111854303546
 0.01048350639489115
 0.01067705807658277
 0.01068373094736714
 0.01150998647364016
 0.01157689517650182
 0.01186829286259791
 0.01178696071050697
 0.01182256390645617
 0.01243012319817631
 0.01302224296080353
 0.01379265405736089
 0.01380948503745616
 0.01430442485898482
 0.01503515990913164
 0.01515089826264142
 0.01553344113433652
 0.01584889502776399
 0.01571682000333731
 0.01622232539701531
 0.01640018149403177
 0.01623222193357308
 0.01639641135434412
 0.01610608941026066
 0.01650522985492141
 0.01711084413587993
 0.01729031525735483
 0.01704961394307041
 0.01696481940355244
 0.01755941726561672
 0.01799758089092756
 0.01797142391419993
 0.01802309607846597
 0.01799947512004626
 0.01844677226676789
 0.01865198285958785
 0.01865915995660425
 0.01898551060048373
 0.01914353077063131
 0.02016800460430042
 0.01950557368893058
 0.02019191027509868
 0.01971454437393937
 0.01995297522478364
 0.01970340775184899
 0.01980418964098381
 0.01940353368162531
 0.01991714234561706
 0.01944591444271355
 0.01926395299093993
 0.01983579813044895
 0.01975358211900506
 0.01996234741571544
 0.01967485571597307
 0.01967232209526989
 0.0200594652436528
 0.01988649980364275
 0.0195807209669511
 0.01963003171519189
 0.01966650554868527
 0.01984186408977237
 0.01978951266032214
 0.01974791612405234
 0.02008387167281863
 0.01941356163387375
 0.01986376281987701
 0.01922634120409039
 0.018951832935939
 0.0185764656048371
 0.01832789890268497
 0.01866299423335231
 0.01827055089753691
 0.01789994756434151
 0.01750885052559917
 0.0170244918269368
 0.01743615888238515
 0.01709166507108992
 0.0163984606172735
 0.01623860950852996
 0.01537935045522792
 0.01602961045856004
 0.01593383993648832
 0.01564194093635158
 0.01537064782247126
 0.01558760446454608
 0.01635778733507954
 0.01631346422515523
 0.01717159749108838
 0.01809959452242686
 0.01908508477912575
 0.01977628529923814
 0.02019769866539117
 0.02061212243591677
 0.02075020142702488
 0.02135986982070397
 0.0226224988786308
 0.02289911158510592
 0.02325728418124778
 0.02395270902189605
 0.02501366158977405
 0.02560301230875676
 0.02623583666360725
 0.02646174796050407
 0.02729753585471299
 0.02868705930959905
 0.02956994445437635
 0.03126376577262042
 0.03072552731404133
 0.02988675633505443
 0.03001844230996372
 0.03015251807774479
 0.03001697908640533
 0.03069966789460953
 0.03124598919019338
 0.03094470131512092
 0.03114264409667575
 0.03116588610267986
 0.03138098901199922
 0.03155977489608999
 0.03154137132916976
 0.03189028343037479
 0.03203664715975173
 0.03206761778811262
 0.03245368326030922
 0.03231698147489188
 0.03258291554961172
 0.03265578867477698
 0.03239274242214427
 0.032731196139343
 0.03314004197553573
 0.03274887782331828
 0.03358429054310246
 0.03355667265410543
 0.03359660668192244
 0.03396849963485077
 0.03412918643790758
 0.03441571451567461
 0.03462947146160004
 0.0349741896555814
 0.03480560934493319
 0.03425550774360835
 0.03462429814793654
 0.03514236955249635
 0.03533973322784024
 0.03551547659770597
 0.035624282501155
 0.0358755113122743
 0.03592738242332312
 0.03592627859758445
 0.03627645997502837
 0.03633059500511995
 0.03684148266116283
 0.03631803144008704
 0.03632986462820384
 0.03649380439869324
 0.03720725244632436
 0.03727444335903837
 0.03752685490915637
 0.03790019626847377
 0.03828555088344367
 0.0385798065886005
 0.03874781032409114
 0.03913507929385096
 0.03947924749885608
 0.04020433252030808
 0.0403767704287023
 0.04117742508393008
 0.04114673044450799
 0.04191387698600905
 0.04360098680917943
 0.04243114920954923
 0.04202749504207837
 0.04219557275968423
 0.04207436918817332
 0.04208042696648179
 0.04156145535912769
 0.04168302405550683
 0.04113191300546176
 0.03923627730735928
 0.04201953577492103
 0.0368872425369217
 0.03638178310041697
 0.03490407210784305
 0.03494882564781712
 0.05060183360786841
 0.03463544146101492
 0.03487999220224483
 0.03575542593527883
 0.03593621391850426
 0.03570406003578364
 0.0353819778739287
 0.03657753651873569
 0.03593285541715935
 0.03571206735964416
 0.03541490500901464
 0.03589567295256743
 0.03593883427910539
 0.03653143825169985
 0.03654114114896329
 0.0371022410788515
 0.03666778166197285
 0.03686995523018657
 0.03753035069601644
 0.03733869084060493
 0.03778696613339105
 0.0385403309194383
 0.03870388326234196
 0.03877571258310333
 0.03966638150953736
 0.03964644557062513
 0.04018983305755289
 0.04077023214263668
 0.04122660445806972
 0.04236622863328814
 0.04264885021463732
 0.04276014892419791
 0.04287867798271915
 0.04351635671657804
 0.0437759360838261
 0.04498442063368539
 0.04475249913223447
 0.04562567901312128
 0.04584592986309462
 0.04915957118677163
 0.05118106695345689
 0.04612982913716781
 0.04554893676862604
 0.04517534483036124
 0.04494868344426612
 0.04620485903051968
 0.04522687940138444
 0.045807512307842
 0.04603909043233594
 0.04609283949300498
 0.04693408992606487
 0.04824781310723941
 0.04898701975655411
 0.0491750570816826
 0.04937939653264316
 0.05148019314478133
 0.05173765383849645
 0.05191619876003437
 0.05271839991329859
 0.05303568590751771
 0.05285929588852494
 0.05134508592879939
 0.05234218419916118
 0.05367292569081524
 0.05357532216421297
 0.05361278191090281
 0.05385656719642065
 0.05310463828585729
 0.05322397096555219
 0.05334528222865147
 0.05307800379346041
 0.05291282843156665


