# Created by Octave 4.0.0, Sat Feb 26 14:21:31 2022 EET <li9i@spell>
# name: mean_trajectory_errors_amcl_i
# type: matrix
# rows: 371
# columns: 1
 0.1146849403079093
 0.08271471618102108
 0.1166119458144058
 0.1123909498271886
 0.1589133155115046
 0.021919671668146
 0.05041387260172443
 0.06846880073332026
 0.1395316355530558
 0.2155594017904218
 0.06720782403760654
 0.1377822772318151
 0.07743920356121725
 0.1018782141564514
 0.316595941005319
 0.0453017757254405
 0.07636929607554235
 0.1007183931181285
 0.1112446856502362
 0.2260497203761168
 0.04006706314396076
 0.06876187975388474
 0.1073413483936002
 0.1029908473615611
 0.2293564380851115
 0.0408907714415999
 0.07128895225856594
 0.09991300069086817
 0.1101616429117989
 0.1958654888503829
 0.04249431130651046
 0.07814911355323131
 0.08003822838669725
 0.09263764250756792
 0.2086230117348741
 0.0505669788161878
 0.06781041420138757
 0.09139569880435205
 0.09538708764658194
 0.1618430111740613
 0.04460759172348962
 0.07355915593813082
 0.08855858227301652
 0.07717509680819087
 0.1722512567736603
 0.0394455921198526
 0.07201933808094398
 0.08654210051611778
 0.08427359842038874
 0.1545195699628699
 0.04135748332273065
 0.06105300471588099
 0.07492336439101208
 0.09446162590712601
 0.1473355436293899
 0.03622592446933685
 0.072316113572497
 0.07697607235381226
 0.08105850393922176
 0.1557074373204329
 0.03709535605368136
 0.06897456319956025
 0.07139813996324863
 0.08472443497790233
 0.2399437873581434
 0.03547468308289903
 0.06444824944014979
 0.08169785285769784
 0.08373264410091594
 0.1954708381256777
 0.02857669893724424
 0.05730995799054716
 0.07462741122475947
 0.07989257925524275
 0.2245717876058231
 0.03131120682936792
 0.06230742041431084
 0.07208776896225973
 0.09307362991552476
 0.1946640243081851
 0.03105635089486574
 0.05714275865042675
 0.07933092848913564
 0.08577180616800786
 0.2091835317008004
 0.03069705527959499
 0.06573302681343748
 0.09185389529779936
 0.1035286167718562
 0.2124350567314145
 0.03137261577813125
 0.06312446280857473
 0.06934255316426532
 0.07409488994878088
 0.2118138462141265
 0.03097779449098355
 0.05023083871172135
 0.06283430514056804
 0.07687191716046579
 0.2233483436120677
 0.02881596224923287
 0.05329269206753291
 0.07989801756963333
 0.07126856457947997
 0.1925572820500279
 0.02914626343954926
 0.05379643260901823
 0.06072852069969028
 0.0895982790997048
 0.2239534302795637
 0.0291047038355735
 0.04454501026837154
 0.05600120195875091
 0.08234239790246348
 0.201417980148163
 0.02849854032241764
 0.05522333914468165
 0.06862721630299595
 0.08426638956512492
 0.2032555817495417
 0.03056937736807657
 0.05099347294859349
 0.07702792741489674
 0.08530723096899817
 0.1745358051434548
 0.0342583276815405
 0.06381792226905164
 0.06811802663487647
 0.08478389493352437
 0.1806146737158983
 0.03531111557053158
 0.05874129920568364
 0.08134479931181768
 0.1046351462070231
 0.1622280540814285
 0.03797452813816202
 0.06327963823369245
 0.06579405135047477
 0.07064091971656689
 0.1974605854662652
 0.03552335719739539
 0.05875736007434074
 0.06799683339388424
 0.08444058773973184
 0.2286777493063133
 0.03725824559906893
 0.05263637948839824
 0.07277527729537547
 0.07253118672083149
 0.1663839098454398
 0.04287335348542898
 0.06942444387952507
 0.08074098776368607
 0.09657227052060136
 0.1726526334726264
 0.03419056125241837
 0.0623873238509059
 0.07467054611932977
 0.07718337219039731
 0.1876437589625272
 0.03850315444046984
 0.052667047347854
 0.07289227242990504
 0.07984855205916376
 0.1696955457389885
 0.03970595533481065
 0.06109429649498366
 0.0724916060155168
 0.08102155779792329
 0.2106134122433788
 0.03636762005195894
 0.05759478410340976
 0.0690348259277509
 0.08916444170502441
 0.1999596706736584
 0.03274347335209889
 0.05409452009531805
 0.0699758128649202
 0.07179987118735844
 0.148328678231091
 0.03139088738545354
 0.05861720275530619
 0.06093641155521611
 0.06954815728189268
 0.1608584158660257
 0.03050634838360945
 0.0522348510494609
 0.06276596090875414
 0.07666207110582098
 0.1844524453207614
 0.0294726691933573
 0.04302674403536191
 0.05639122502938136
 0.06388021890125892
 0.1815506036456636
 0.02957836666269303
 0.0500708017625405
 0.05823269878141683
 0.08228695066768139
 0.1531652425587383
 0.03199777832701107
 0.04667724946947631
 0.06634204134674002
 0.06506908860661073
 0.1771522814636246
 0.02944452442269581
 0.04556900616603862
 0.06744834992759668
 0.06894026950310009
 0.1911292225486153
 0.02991996971671906
 0.04664226880032094
 0.0636264209144477
 0.07137593446066848
 0.1638634297998582
 0.03435085168023409
 0.04913129486332497
 0.0609143502272325
 0.06533627461225955
 0.1519975972349426
 0.03131741857286036
 0.05484541255480629
 0.07452638594605052
 0.08443212093735172
 0.1999398240505221
 0.03870846565256227
 0.05223940377040552
 0.07211338172080636
 0.06739124500109417
 0.1428808826796761
 0.03922980755471199
 0.05574241585210059
 0.06202367050613376
 0.08036151328281291
 0.1512174681373564
 0.03487140264325613
 0.04928352706758431
 0.06624274794021964
 0.08079825379782007
 0.1509543147644425
 0.03853668595490062
 0.05552181145839883
 0.0761147058079182
 0.08774443326347001
 0.2105955917616986
 0.04199814441953714
 0.05779044732109571
 0.07709335259666607
 0.08945775287868843
 0.1872899793609077
 0.03768477115096035
 0.05849782337816208
 0.075746233760337
 0.07894910976835751
 0.1766847250955931
 0.03894045684710992
 0.05853623120130959
 0.07192192992857088
 0.08440138128028334
 0.2129787708195346
 0.03807538249448543
 0.05627174926839477
 0.07238421188121963
 0.08130290241975574
 0.1922107353596315
 0.04183767224713012
 0.05999902555725982
 0.06717270745426561
 0.08534227566036859
 0.1586052990094724
 0.04195255128970017
 0.06509454297120032
 0.06823460173876027
 0.07722592820802517
 0.1721696556345537
 0.04559350417422557
 0.0547885915356114
 0.0732910281213755
 0.07238854394691639
 0.1427072137735353
 0.04738160807240175
 0.05514416700149147
 0.06854543213508427
 0.0914786667437838
 0.1715848037713047
 0.04892990280749843
 0.05601588480718906
 0.07147763261798731
 0.07234818686592111
 0.1614460378042919
 0.04225963625009227
 0.05743553046766862
 0.07574522943446259
 0.07623983443241285
 0.1760779663905201
 0.03732836551408233
 0.06302664012674691
 0.06407186107574886
 0.0673724989319387
 0.1764811159490366
 0.03930104582779639
 0.05774614439845102
 0.0681427410690449
 0.07355287774771974
 0.1670103244194482
 0.03750144932241967
 0.05506374329204972
 0.06500315566153886
 0.07061012759831448
 0.1840149398114058
 0.03875859364237633
 0.05141628884403492
 0.06455026392475274
 0.06054481116776412
 0.1516792925817624
 0.04025754295814307
 0.05851006293033802
 0.06962542098896798
 0.07424377970124421
 0.1315870917381032
 0.04173414277448451
 0.05743899167601176
 0.06297641231945686
 0.05864132313877984
 0.1647975440937096
 0.04051999852735579
 0.05392715709919427
 0.06543408207320037
 0.07445668160066066
 0.1533658420259742
 0.04208588560931795
 0.06493067241642911
 0.06718755214642777
 0.07806020496066315
 0.1392896591314191
 0.04111446688245651
 0.05676145618336553
 0.07193841723623304
 0.08222614282855009
 0.1603164991473655
 0.04832183239161178
 0.07418161675003268
 0.09040256974228608
 0.08985963336396413
 0.1615367285346288
 0.05118621521950906
 0.07706753483455778
 0.08301333379624792
 0.09471159897902498
 0.1836559752505141
 0.05257859269694611
 0.06290425716374108
 0.07065187056114869
 0.07564990026597708
 0.203542591618539
 0.04921868240173135
 0.0736803679662628
 0.07845080452391939
 0.09687435153286454
 0.1758374141632822
 0.05175153170874366
 0.08131099969258435
 0.08316994921083504
 0.1047791553106815
 0.1907444030631749
 0.05704991844318879
 0.07862518265538805
 0.08358802419101499
 0.1127775395444481
 0.1671162760659213
 0.05933606805066143


