# Created by Octave 4.0.0, Sat Feb 26 14:11:37 2022 EET <li9i@spell>
# name: mean_trajectory_errors_amcl_i
# type: matrix
# rows: 1874
# columns: 1
 0.05639016768403331
 0.04845688152568642
 0.05300984888368766
 0.02351816073037129
 0.01515957232444523
 0.03142069197766971
 0.03632763359681768
 0.03140974089069026
 0.01734506105979557
 0.01714066153947091
 0.01536295550270748
 0.01873985440221715
 0.008257002582202803
 0.009089272794105208
 0.02773868533141786
 0.01442451687699004
 0.01823111941274439
 0.01356503188425765
 0.01364545336044494
 0.02376433276686304
 0.009545315241007331
 0.008785476747113706
 0.01738938344599644
 0.01282641256586413
 0.01304655902618336
 0.01754214077048186
 0.009304991738854518
 0.01064396373186846
 0.01376821528852045
 0.01007401671726351
 0.02031941206587297
 0.006542870372176152
 0.01004967191255815
 0.01573317048249129
 0.01227741042020447
 0.005307968684094996
 0.00934739501953003
 0.008048155501221482
 0.01700628568905017
 0.0087394978533581
 0.007118771059484743
 0.01325885650707534
 0.008477577369250384
 0.01255421834799028
 0.0169635089905975
 0.01453731087494443
 0.01363772180575491
 0.01613572126293726
 0.01112203961238085
 0.01313578067343939
 0.01068862015131106
 0.008278910234144794
 0.0176049804889706
 0.009610601502140954
 0.008584908943210135
 0.0107758384144162
 0.0136487112056313
 0.01017850475186319
 0.01154460135836514
 0.01153225447001335
 0.01125180452732882
 0.00978170264662168
 0.009263922958759243
 0.01222267106075123
 0.009205005160937783
 0.0130162522866821
 0.01074182165950321
 0.01112527546497919
 0.01282230742906747
 0.00982383142091494
 0.01073345218911669
 0.01038495442316659
 0.01268273397750258
 0.01290590398621968
 0.01027178658263576
 0.01007798925093046
 0.01082815386885616
 0.01199541955411797
 0.009547903525904709
 0.01449510593751096
 0.008329067668343113
 0.01196580633030093
 0.01050874639643488
 0.01011903092147367
 0.009633215283838408
 0.01683110534726242
 0.01546277311913524
 0.01294219650876095
 0.009318530019114202
 0.01158859924983492
 0.01140820053823995
 0.01018770571293525
 0.01099164528452093
 0.009972099176168762
 0.01391273895172612
 0.01183643820015953
 0.007588332733430233
 0.008935443544634217
 0.007099640979409961
 0.01181136413247594
 0.007022346143153205
 0.007517381728438553
 0.007608504112345943
 0.008370748144585102
 0.007482264338663671
 0.007691572503298928
 0.007067754549731092
 0.007004544812578891
 0.007425185437157383
 0.007530621957780063
 0.008540052641527685
 0.008549860835920436
 0.01128787032768615
 0.01173107042322095
 0.01151152079832564
 0.009437946753375503
 0.01262608734129005
 0.01192063750498487
 0.008951173553626393
 0.01040266450320145
 0.009598565041738238
 0.009503663180230772
 0.01018293265587673
 0.01011058410495154
 0.01050661135627512
 0.01123480129302359
 0.01396083222898273
 0.0119671837777738
 0.009794702292276098
 0.01087930611277875
 0.007565363371559844
 0.009414586056072323
 0.00822436785949452
 0.01265048576630626
 0.0104328899818123
 0.008337305593936856
 0.008682585138688817
 0.007983213212378541
 0.008887821234487517
 0.007877584498781851
 0.008686680711369191
 0.008614996395520141
 0.00969231062063328
 0.008609129475081453
 0.009779221391588341
 0.008714200890338966
 0.009220203503924856
 0.01048948844576354
 0.009005589681212725
 0.009235658616259745
 0.009213281421412273
 0.01026321297406338
 0.009136892192733646
 0.008578100918941532
 0.009680612945254963
 0.007542005076882905
 0.008476112584444499
 0.01003138849798851
 0.01054246604551372
 0.01032283380815092
 0.009488775924749317
 0.009500072766192812
 0.01111781720641935
 0.01053274135223134
 0.009042282976493364
 0.007730118845691036
 0.006900395198575885
 0.007929136874768386
 0.006567655790057114
 0.006907477263573298
 0.00691718883793596
 0.006494827954404951
 0.007390786875811982
 0.00753925708889862
 0.008335832322263044
 0.007452862129689392
 0.008967717786774142
 0.008428666960586733
 0.01071981290095641
 0.00934139143152387
 0.008162734833189449
 0.007871218512559147
 0.008164149758108618
 0.008263755108772718
 0.00803205157108999
 0.009201163395170985
 0.009254890761877962
 0.00929104119923423
 0.009623588154117933
 0.009834537300819603
 0.01021970142361197
 0.0106792789706609
 0.01025916746615693
 0.01037955218950539
 0.009656422177611111
 0.009811809089002536
 0.01137925736322024
 0.01294314556455072
 0.008623362843565975
 0.0112424979966372
 0.01172252401686119
 0.01358241280135048
 0.01247659824938665
 0.01331403716472571
 0.014042162967294
 0.01206522702484612
 0.01144440436759107
 0.01144051184674879
 0.01156219828782635
 0.01070691439788642
 0.01020968672862857
 0.01027154848119432
 0.01097137612239232
 0.008487889985309378
 0.01092967480323619
 0.01053388152732352
 0.01154818922782865
 0.01061313429126723
 0.01179419135794212
 0.009561745130011212
 0.01187520770525619
 0.01192108728467179
 0.01161480834300405
 0.01077894789958945
 0.01240752636575541
 0.01146184938877488
 0.01208882755015245
 0.01165657638562024
 0.0146480267490591
 0.01352145522497161
 0.01356832798559164
 0.009942295220987579
 0.01440604650773014
 0.01205360558692016
 0.01193231300768263
 0.01280533438111507
 0.01170042136623514
 0.01043676051731305
 0.01159314866528517
 0.01184152550747729
 0.011829100606578
 0.01099422128031211
 0.01233553345958782
 0.01405986675063508
 0.01218542544827765
 0.01154171882153375
 0.01098444012841635
 0.01435324024905095
 0.01119880210915401
 0.01286611301417378
 0.01301658293049873
 0.01127377186629989
 0.012477744577694
 0.01126917804986587
 0.0104798739258036
 0.01135793283484047
 0.01195474293574062
 0.01344575001465713
 0.01796786355379369
 0.01898074124706094
 0.01107646388879387
 0.0154072423090543
 0.01213637792181473
 0.01321022267928849
 0.01262065261571079
 0.01238755102036514
 0.01283803395000668
 0.01242067698565132
 0.0120796698628988
 0.01280632593939173
 0.01536266420444131
 0.01303820039072449
 0.01346930064588213
 0.01215783177720542
 0.01224170309210943
 0.0147303968926482
 0.01299895373376664
 0.01250399583257761
 0.01394552826344053
 0.01456281360498622
 0.01616821593283958
 0.01387745868394864
 0.01497571561585154
 0.01578640042306449
 0.01518291563863491
 0.01609240568788727
 0.01634315461779034
 0.01721606635578561
 0.01567841748739005
 0.01514501603789709
 0.01637753210258303
 0.0167958970658965
 0.01713596400485981
 0.01624238615895084
 0.01739618725278495
 0.01567094669064265
 0.01642319416966346
 0.01614892559338466
 0.01667105748666845
 0.01730717761790759
 0.01822602011951884
 0.01696443133047321
 0.01743658580684388
 0.01671503808835122
 0.01726277977411438
 0.01861579646244425
 0.01860576755620441
 0.01682773926051329
 0.01594531003580155
 0.01590408844871451
 0.01416621646834345
 0.01719331913747295
 0.01847553068253561
 0.01878605843295551
 0.01602785185709215
 0.01804472751681106
 0.01623469236484925
 0.01573711996328848
 0.01515157228748088
 0.01640843761125984
 0.01702458413414403
 0.01728657756372139
 0.01776770238148348
 0.01554020326779116
 0.01694812471362565
 0.01846026679784751
 0.01618209807508899
 0.0170385470109109
 0.01434483433458367
 0.01879053705559797
 0.01566896166153492
 0.01663726385291343
 0.01624906965275096
 0.01749118083185546
 0.01700858940156031
 0.01690028425208043
 0.01651242178007082
 0.01583986876960416
 0.0170325202638822
 0.01421815031207036
 0.0180069355493255
 0.01691202999477171
 0.01778508020395262
 0.0151470020250247
 0.01756878886968425
 0.01707041981760287
 0.01634102078755663
 0.01584842646961539
 0.01589177787304491
 0.01746354317500035
 0.01635555985206171
 0.01608019226187545
 0.01830196891088531
 0.01517277416391655
 0.0154856098175236
 0.01620139065104183
 0.01821123006037421
 0.01476347289324609
 0.01571316597281192
 0.01463667834608472
 0.01733775221035281
 0.01576613366172522
 0.0154689098965053
 0.01538922061462193
 0.0155046057071021
 0.01701310628644634
 0.01555839253467642
 0.01567993052803601
 0.01794619654539536
 0.01699466590997594
 0.01700623664302627
