# Created by Octave 4.0.0, Sat Feb 26 14:11:37 2022 EET <li9i@spell>
# name: mean_trajectory_errors_dft_i
# type: matrix
# rows: 1871
# columns: 1
 0.00902259422637852
 0.01085905946206487
 0.009973769506460482
 0.00877245479313938
 0.009866699645098804
 0.009940534525181084
 0.009275294243315555
 0.008881135841300618
 0.009392731642033327
 0.01051021173594838
 0.009014207457304775
 0.009838908448252876
 0.01028850718310062
 0.01073076662958811
 0.009713481121129682
 0.01094669316566676
 0.01253310012956463
 0.01164479385495888
 0.01205375320592302
 0.01170667310357623
 0.01170859197899547
 0.01227623635559233
 0.01202631095507852
 0.01220508649762387
 0.01399204807371415
 0.01227164029591837
 0.01299552806473833
 0.01370763716727567
 0.01384601390055819
 0.009754823579118336
 0.01202321298758258
 0.01284443176902045
 0.0121117495140235
 0.008126938531308046
 0.01020157401493079
 0.01238469897871836
 0.01287557641988707
 0.01009689590850809
 0.0105248487372985
 0.01114940384509576
 0.01277029010730412
 0.009203608421730824
 0.01104746406620606
 0.01256948199060387
 0.01248954622250776
 0.01277928693245278
 0.01107731951533009
 0.01079233220942898
 0.01054947628987884
 0.0105963964261646
 0.01264014071671694
 0.01027579691088867
 0.01045382343645928
 0.0113246353557078
 0.0125662972413598
 0.0112407289171408
 0.01236033297037157
 0.01152737786159932
 0.01129711849288169
 0.01185667638451505
 0.01099035922079356
 0.01058843354638238
 0.01176874030043561
 0.01097249610279493
 0.01062670984198756
 0.01145016282667724
 0.01039653066524577
 0.0119349874619229
 0.0121196483685617
 0.0113590942643179
 0.01289290244426573
 0.01199125137034231
 0.00981793928614175
 0.01159289408817317
 0.01091285700739702
 0.01123866441561638
 0.0105648745733362
 0.01413639776372645
 0.009898237754683462
 0.009923957636996258
 0.009727423051309006
 0.009375578570190926
 0.01022663311549599
 0.01551488231617764
 0.01333066112621607
 0.01415268088782452
 0.008405361646145649
 0.01094761624498953
 0.0096782209602807
 0.008941083600811861
 0.009453885285715972
 0.008271583405018258
 0.0111624107139494
 0.01022123890978579
 0.007332486138887281
 0.007351865650317072
 0.008063483958865714
 0.009827719552874682
 0.007680996589878667
 0.007561120835600129
 0.006822498736697793
 0.007850905312023173
 0.007416203235226716
 0.007097134783700695
 0.006898431114810956
 0.006643604263064632
 0.007172002646184278
 0.00606316907742215
 0.007035119368116574
 0.007133216057157195
 0.007204522042955321
 0.00860629791505424
 0.008289590493860449
 0.007913412336012532
 0.008436597181343776
 0.007983718785389862
 0.008203621922997284
 0.008393405222265232
 0.007443450556518913
 0.008078743036137277
 0.007725050145083012
 0.007499841977677906
 0.008979118117057126
 0.007772834603478628
 0.008655406237832126
 0.007846628424618952
 0.008408990796120328
 0.008845976999749722
 0.007014733975451196
 0.008139667308391409
 0.00707604476584031
 0.008479768316101702
 0.00717157752750568
 0.00710944793518679
 0.007087499269691582
 0.007274084417612882
 0.007269333249684316
 0.006892382280329176
 0.007805119165740639
 0.006788186506516699
 0.006913520072269945
 0.006764150905473203
 0.007359744358803718
 0.006917420915578681
 0.006255147571933403
 0.007268783416067385
 0.007166056838782529
 0.007158411309802756
 0.007171932572535208
 0.006734669444534899
 0.006898335586848939
 0.007034519980312608
 0.007072653160938393
 0.006343428307906769
 0.006493903805008097
 0.006870789582113635
 0.006592304510425072
 0.00769949128335601
 0.007089480642119141
 0.007742290168321755
 0.01095509405067943
 0.008985692902500751
 0.008265063227587407
 0.005805486927038245
 0.006351678786184199
 0.00747758654508968
 0.005632568332024605
 0.005952266906603558
 0.008278042731012392
 0.005858270779092265
 0.007838510440561716
 0.007891231767293361
 0.008064187348996615
 0.008364286222381761
 0.009493082885496801
 0.009977126523593035
 0.01105569542526435
 0.01037732689542479
 0.01148765835173671
 0.008695994453303206
 0.009956943247021573
 0.009867022693918762
 0.009162557361224174
 0.00995704117072219
 0.01077958140004304
 0.009781809709548842
 0.01094447442105824
 0.009378365505827286
 0.01110204972856084
 0.0117549202964535
 0.01107773421070675
 0.01192639214919355
 0.01062868077911013
 0.01148691509528094
 0.01270426317352205
 0.01356192899004134
 0.01179483894533043
 0.01175625210133927
 0.01339861918953542
 0.01438518413835523
 0.01306695735915099
 0.01384759167186537
 0.01350072458789327
 0.01274178579635016
 0.0121283683359008
 0.01064510760346457
 0.01120615684290172
 0.01130384246503023
 0.01022934822035312
 0.01050038733978418
 0.01089328172846475
 0.009400654005473229
 0.01065595024282123
 0.01034791082832835
 0.01228866736522229
 0.01044185463401408
 0.01132517033256108
 0.01095231378454386
 0.01165376491515937
 0.01223826656956615
 0.01242551552713913
 0.01299622752585313
 0.01301592203635272
 0.01441807327332211
 0.01317775839070445
 0.01378082382381667
 0.01485558530849333
 0.0144529441052501
 0.01477146896572898
 0.01316047424073359
 0.01429563945923112
 0.01341106396579975
 0.0132599044018112
 0.01304250463682197
 0.01344267740434124
 0.01250260270340827
 0.0120364192409919
 0.01230274246079941
 0.01183612117601737
 0.01369860390516981
 0.01399639787097377
 0.01416085746973878
 0.01367737317549885
 0.01457673467719553
 0.01341025674127317
 0.01385790415810663
 0.01426898464597178
 0.0137668935875774
 0.01405327139164017
 0.01214002966923858
 0.0114428480153185
 0.01045034595096758
 0.01119928252739785
 0.01083292871320109
 0.01375291215502036
 0.015867951307292
 0.01716363046518542
 0.01921530550199985
 0.01586558226538534
 0.01645528685567029
 0.01330991585878301
 0.01511597571333491
 0.01450230862370032
 0.01294059636641995
 0.01324523967994703
 0.01407883966632694
 0.01393305700030101
 0.01314054739040268
 0.01432600746495134
 0.01372098716551199
 0.01467902728584027
 0.01411467451513211
 0.01313210229610442
 0.01466148060265347
 0.01534862555539691
 0.01339805581525045
 0.01518191278602342
 0.01582148511081983
 0.01638179345350837
 0.01576348552907453
 0.01629113818107929
 0.01698753540369016
 0.01545014118864814
 0.01654358276968146
 0.01761271434072571
 0.01789029218238886
 0.01730347581652355
 0.01643227385309661
 0.017808454194827
 0.01799320571169629
 0.01750832924932557
 0.01756248477056402
 0.01868604800720598
 0.01727386993263384
 0.01808556314616129
 0.01729525948406377
 0.01883205941688745
 0.01859899925243851
 0.01945198526689577
 0.01870941445017898
 0.01829738910365175
 0.01773071254691818
 0.01820420144168641
 0.01922536910934691
 0.02091723746060168
 0.01845968648291798
 0.01774526599800966
 0.0177899989272365
 0.01670063260964284
 0.01997876754002405
 0.01932387651249638
 0.01904046446101791
 0.01814551309816738
 0.01998747539129836
 0.01826854211422176
 0.0189042439116445
 0.01692787214291248
 0.01837779075048153
 0.01883414883665051
 0.01812074391170956
 0.01892219038066503
 0.01648201549851967
 0.01880473871236298
 0.01887978962390251
 0.01932323065012992
 0.0181028827851867
 0.01805633716681774
 0.01914619145135084
 0.01731028077200632
 0.01837543797175235
 0.01724980762689109
 0.01984163498745295
 0.01918669087585912
 0.01815680625544022
 0.01709036593130479
 0.01879318328536218
 0.01942272438921047
 0.01526618589433917
 0.01792968169964697
 0.01784774798899803
 0.01906114331769612
 0.01684416082460664
 0.01946609525408836
 0.01979012186667189
 0.01725153781467379
 0.01700214900663772
 0.01920216668691406
 0.01824650442340416
 0.01615471106879846
 0.01824942153711315
 0.01971183185226402
 0.01609702082407958
 0.01623663637210592
 0.01721711179849993
 0.01919981056910214
 0.01727221940218661
 0.01664095373226751
 0.01706140979021563
 0.01740098324532781
 0.01669823243463682
 0.01747853477552087
 0.01740187836268295
 0.0174589919325399
 0.01779998503913072
 0.01693429859184118
 0.01656188928430983
 0.01876156460261151
 0.0169548943434751
 0.01585748105259983
 0.01806623816583251
