# Created by Octave 4.0.0, Sat Feb 26 14:19:42 2022 EET <li9i@spell>
# name: mean_trajectory_errors_amcl_i
# type: matrix
# rows: 369
# columns: 1
 0.05185803900659609
 0.01510838155895914
 0.01294896148397096
 0.01569405169190604
 0.01484234386683456
 0.008216760903872869
 0.01870627079061463
 0.03059516564859247
 0.02664290872395561
 0.03186021477002242
 0.01156230045592025
 0.02219012920185627
 0.03544395794544841
 0.009149363060796823
 0.01930097344676029
 0.01552174827689977
 0.02154823516146228
 0.01282561962406407
 0.008247503928079195
 0.01514853679143423
 0.008119280624327988
 0.01486178136728639
 0.01515491700136452
 0.009160887991651552
 0.01538581160963948
 0.008837910345684452
 0.01153285730660668
 0.01544261944151333
 0.01181608350086931
 0.01760371080203888
 0.008003607015527287
 0.009103261644032632
 0.01278034607239063
 0.01255757650928798
 0.01844507315657309
 0.01372887764897807
 0.01122650661918326
 0.01094600239966828
 0.01377807605610254
 0.02212916405438101
 0.01182619033900531
 0.01326978941173307
 0.01112568879093822
 0.01322329673340129
 0.02211611463085276
 0.01371832783863714
 0.01675857464260492
 0.01944369033319136
 0.01549750988101949
 0.03206210648819242
 0.01952306380690212
 0.01962021872401274
 0.02338715800615503
 0.01529242917192239
 0.02685756078696337
 0.02120879278399763
 0.01717742620649599
 0.02073878143084841
 0.02232672715228339
 0.02454299605439946
 0.03124943389099613
 0.0175579761545034
 0.02126723142959456
 0.02946002078269565
 0.03062945489827038
 0.02531512614214514
 0.01788792466162319
 0.01641744697468792
 0.01814978371402098
 0.02373848612821891
 0.02122864034315685
 0.02559351364522709
 0.01783649600845095
 0.02744463039143521
 0.02002051757006741
 0.01825140398339001
 0.01484491756509997
 0.01263459267206598
 0.01274335746620676
 0.01806550914789207
 0.009053151926102834
 0.01058015592720672
 0.01084186313504129
 0.01407338664017456
 0.02102707570069087
 0.01317223460775226
 0.01121519885231357
 0.01096616021020522
 0.009656384824848423
 0.02452426294683979
 0.01296644878403018
 0.01433901849522042
 0.01230740252673061
 0.0106551379260517
 0.01937679562160934
 0.01144685352870669
 0.01312439869245501
 0.01274980711703588
 0.02038311831960361
 0.01992914560018136
 0.01063617322895708
 0.008569768957050862
 0.007726392017496378
 0.01104295292835169
 0.01611566759402247
 0.01056112435824645
 0.01450502375113916
 0.009754647581698616
 0.01105326741120703
 0.02028664414555807
 0.01265580741437504
 0.01139720941329737
 0.01252246333563168
 0.01119173240220227
 0.01920932479474962
 0.01267275309612357
 0.01414111557303626
 0.01362531316186878
 0.01152477465983314
 0.01711428589762064
 0.01228971733224307
 0.01398762735938849
 0.01559198528610612
 0.01313615063500273
 0.01816364070852134
 0.01544370946079008
 0.01440210669068747
 0.01512219755609918
 0.01547676991926763
 0.01938977480499878
 0.01602664610567142
 0.01805698264596724
 0.01648135811320027
 0.02147392224122996
 0.02132178909628372
 0.01716468466605028
 0.01858116294910359
 0.01673973075003564
 0.01754548983657763
 0.02108249674321878
 0.01998646776464071
 0.01907561716075882
 0.01705834550785315
 0.016315002242892
 0.02305948713298369
 0.01751966219379558
 0.01786946044350644
 0.01850128265993867
 0.01870237548807322
 0.02364165700661701
 0.01882370077371339
 0.01854262706666877
 0.02051079930956964
 0.01951207567363633
 0.02722699401803085
 0.0236666150827202
 0.0213324979389418
 0.02422741804804625
 0.02023818440550141
 0.02515883713426987
 0.02247749354283373
 0.02262069406012282
 0.0203871975345196
 0.02048086202282726
 0.02363508150859921
 0.02072034295142742
 0.02007282967977961
 0.02072636981348491
 0.02006221509582937
 0.02345239544308201
 0.02157790313157588
 0.0225483280135277
 0.02181055684730824
 0.0217036400650497
 0.02414676454948279
 0.02088002575074481
 0.02018318790257609
 0.02338504283214875
 0.02833190791298219
 0.02703887120818458
 0.02061755351605929
 0.02299227929656685
 0.02233188742093204
 0.02167625447630059
 0.02400070566407231
 0.0201111954806032
 0.01946761884198324
 0.01900701942204554
 0.02137684697447506
 0.02288255562498145
 0.0188841339809646
 0.01810732597058988
 0.01721320440782819
 0.01937417405183668
 0.02076269579330801
 0.01688989623794093
 0.01706349912802803
 0.02136148619788885
 0.01790722549205074
 0.02074606982301048
 0.01915943650373859
 0.01936765166694397
 0.01996880433773035
 0.02017367195482536
 0.02263677154701185
 0.02077633389994735
 0.02089001080891367
 0.02200448912952597
 0.02536638424421084
 0.02428610382181096
 0.02325835039874009
 0.02489131249371469
 0.02544516158517712
 0.02621890563177042
 0.02899950857554706
 0.02758612911189653
 0.02786277556015361
 0.02748721885625077
 0.02824479564862442
 0.03116953312612221
 0.02965896126266263
 0.03030862827139402
 0.03243858645970107
 0.030388718307113
 0.03378097347024728
 0.03271715130376195
 0.03302838718262374
 0.03207108577310617
 0.03176335029891999
 0.03432125542446903
 0.0333762393342773
 0.03371561165447843
 0.03454426234515173
 0.03458242425228175
 0.03638006527530867
 0.03475753208393211
 0.03354494942666261
 0.03361858709724067
 0.0349687126463606
 0.03570413211763424
 0.03429219228322302
 0.03455457214265928
 0.03378375803712527
 0.03412462802187424
 0.03538344967722729
 0.03487711201477615
 0.03495100791111345
 0.03495255463491025
 0.03453007038779678
 0.03748587018783367
 0.03573649762493353
 0.03637734641664649
 0.03788287596999579
 0.03660176042172231
 0.03852933302064399
 0.03643522372433587
 0.03638082838259966
 0.03605171911012463
 0.03654834815310035
 0.03777350665434859
 0.03611192951524748
 0.03639796546589662
 0.03695396630271616
 0.03755998568454212
 0.03973803956548123
 0.03753865313293339
 0.03802087223720985
 0.0379748540169329
 0.03776256925522582
 0.04020760612156213
 0.03792268189272399
 0.03893141962292496
 0.0385788758028726
 0.03911434382567337
 0.04049715245076698
 0.04004585911187407
 0.0414291643803127
 0.04049776389240781
 0.04130330686287979
 0.04462289670367103
 0.04353876624753764
 0.04347672707580591
 0.04376198761144331
 0.04396526566845738
 0.04488529744677839
 0.04541542668841579
 0.0464942810550348
 0.04364819381575421
 0.04496583064024869
 0.04508918380120448
 0.04590062015953669
 0.04658379146589746
 0.04663955962254182
 0.04340155667774583
 0.04034001343724014
 0.04336053996206949
 0.04303823147081597
 0.04274100368210372
 0.04555009877844413
 0.04002135342808494
 0.0416106325799947
 0.04292971111480598
 0.04466290477168122
 0.04321723578669975
 0.04087629301729749
 0.04111876755705536
 0.04387000785209925
 0.04309272866414791
 0.03964839801470831
 0.0389668991835365
 0.04057143569409033
 0.0409142786790388
 0.04233110704787277
 0.04121572908328769
 0.03908048906539851
 0.04223172253706099
 0.04174916338582535
 0.04193556542826056
 0.04324302220227133
 0.03953425909608671
 0.04301743419735247
 0.04357663430569511
 0.04560772197070905
 0.04701746045824332
 0.04212596653742133
 0.0465483659722916
 0.04536739064204436
 0.04606383807826696
 0.04774051378805645
 0.04327238762832626
 0.04867820620370498
 0.05059276869994717
 0.05004782281026128
 0.0524538964133965
 0.04658500607367978
 0.05343797337214386
 0.05266042211880123
 0.05525921325398542
 0.05398107334260092
 0.05052316679649334
 0.05991475450031451
 0.05997773280438673
 0.05795172516805859
 0.05963304403605538
 0.04697922310773497
 0.06314874014709067
 0.06533369428306002
 0.06749347443096207
 0.07209750682708511
 0.04952722623505006
 0.0699426026172941
 0.07136706856828881
 0.07482760872894161
 0.07507743996837224
 0.05948991540230893
 0.08839318851050287
 0.08752543929379648
 0.09193587279500193
 0.08956126683587512
 0.05982817708355097
 0.08333121929013222
 0.07075244667714076
 0.0697644165174636
 0.06702075919655325
 0.05908254534688982
 0.06960213459344529
 0.07412928710382508
 0.07501751157825176
 0.08123628675531062


