# Created by Octave 4.0.0, Sat Feb 26 14:17:00 2022 EET <li9i@spell>
# name: mean_trajectory_errors_dft_i
# type: matrix
# rows: 2244
# columns: 1
 0.009860236975780149
 0.01478846353263298
 0.00999869209202291
 0.008890266839779129
 0.008526101275759474
 0.009075051860867737
 0.009474119296516138
 0.008640121572869641
 0.008708980618254387
 0.00930689578676247
 0.008752409929792739
 0.009789924163955719
 0.009677353509980634
 0.009879555465840002
 0.009929529555372192
 0.009961726310631342
 0.0104069922185303
 0.01087651633733642
 0.01082896161606846
 0.01058266032409995
 0.01079537033912924
 0.01012607213451291
 0.01283354158388984
 0.01154711716476519
 0.01196921625186114
 0.01121678319342317
 0.01171994385589256
 0.01146844569738742
 0.01131197836949284
 0.01163382648281467
 0.01237690871609022
 0.01248765311464901
 0.01036491914667722
 0.01138356630888599
 0.01127478527973461
 0.009398915858422929
 0.01255922975436896
 0.009799949132052543
 0.009121540685367279
 0.01156133547158827
 0.01084502943228656
 0.009505247947331756
 0.008279484782601652
 0.00994113898572772
 0.01196201134639062
 0.0130072990640161
 0.00792564250613954
 0.008929194108136964
 0.01280302026536263
 0.01164282862686952
 0.009608334885720368
 0.01046851574582539
 0.0111505361559986
 0.008534557169498764
 0.009381591351378579
 0.008916772223681396
 0.01035937944529354
 0.009407342100527219
 0.009147268106176006
 0.008422816891509166
 0.009404507285207128
 0.008844877480328934
 0.009318881653282037
 0.008779622391420768
 0.009017304741615375
 0.008071392908271668
 0.00788842841527701
 0.00813265945557038
 0.00793418871344297
 0.008812553056467764
 0.009178797737374093
 0.009254531991052781
 0.007417823256148382
 0.006921614137160529
 0.008583229003912778
 0.007183920528584494
 0.007391630381612491
 0.007475818410600182
 0.008635552769105846
 0.007293380368944339
 0.008318271933973392
 0.0083814270992916
 0.009080545009806843
 0.006809293399008562
 0.007608409748435407
 0.009096066330358157
 0.006632197369333305
 0.007432717697181344
 0.007797024079576108
 0.008203992788026956
 0.007301596902019911
 0.007315884413039259
 0.005622887085536044
 0.006478814846550046
 0.006690526554081734
 0.006211651877064099
 0.006848373255271552
 0.006338456973873648
 0.006419257178201378
 0.0071177409137326
 0.00822848428422809
 0.007201982715843283
 0.005938983091098436
 0.006758987047044549
 0.006831251044082634
 0.007464612952448404
 0.006449240761040625
 0.006773502663844817
 0.007838873678621565
 0.007401056132655248
 0.009259833041065962
 0.00891050110182591
 0.008603146711665621
 0.008861107078307819
 0.008740022726138805
 0.008408539406864618
 0.008344522387837523
 0.008719964807204356
 0.008268392495933443
 0.009149682628127039
 0.007897435929992893
 0.007938360543687264
 0.009218959742021745
 0.01018076878565989
 0.00878263577697971
 0.01038277769518181
 0.00959751703475023
 0.008921259999512163
 0.009172400856816771
 0.00956320264046398
 0.008190305856139109
 0.007471711900207318
 0.008196463326806017
 0.009282802839250637
 0.008353518835267
 0.00792234829389046
 0.006947617263229421
 0.0082569218038075
 0.006763914608035909
 0.007121418320535367
 0.007355428141676796
 0.006945963133330945
 0.006684389392456275
 0.006779360850112446
 0.00653401655863072
 0.007733125785140883
 0.007503406252643055
 0.007590833880836166
 0.007439565469162968
 0.007514276719470818
 0.007637511235509858
 0.006158674651449342
 0.006929601158166716
 0.006425455778877251
 0.007310762107394862
 0.00646451073475615
 0.007606437179457309
 0.007503034561498978
 0.008483959849146015
 0.009284514454462513
 0.006647113929650449
 0.006698101124310223
 0.005912755139131882
 0.006675920242826226
 0.006260148833412029
 0.006497879680615475
 0.007563616202255955
 0.006858269896974639
 0.007568127095932253
 0.007065822207940246
 0.007272434891995171
 0.007620996286316167
 0.007574450811013381
 0.009799123674165459
 0.00909199261013945
 0.0087983906665897
 0.009909778699944669
 0.009325708142362062
 0.01014534698773037
 0.0103178608130906
 0.009586181891445517
 0.01038435260327088
 0.01103477768560482
 0.01025934202123635
 0.0100352516736796
 0.01108795515818484
 0.01160898883272899
 0.01119459225482554
 0.01129403976820549
 0.01237205764544172
 0.01194486130563024
 0.01319232377095959
 0.01356179098415189
 0.01351204809860089
 0.01315078163134296
 0.01293124377303153
 0.01308686524233184
 0.01391225564881831
 0.01374682772025481
 0.01330560536127775
 0.01218875168389273
 0.01353987768979292
 0.01182931442313628
 0.01165418235919812
 0.01213280394978009
 0.01054658465784007
 0.01063752393725145
 0.01065460816037829
 0.01094451211822673
 0.01156344801431845
 0.01048189428115541
 0.01050759775528645
 0.009722519234342877
 0.01037915033637298
 0.01160562275829467
 0.01269967314011496
 0.01129667117423205
 0.01216969746886349
 0.01215046020215749
 0.01410000409953281
 0.01315197160234949
 0.01416258960525684
 0.0140851067453058
 0.01228713879724213
 0.0135724121983385
 0.01456918751093515
 0.01512870804867076
 0.01525152151167628
 0.01457578354051561
 0.01363842800410391
 0.01311782260797923
 0.01258906729563231
 0.01262764360642251
 0.01370149328124671
 0.01248794011317932
 0.01296850724698627
 0.01175869809249466
 0.01187368368123108
 0.01309599532347366
 0.01371443100815442
 0.01388877034740364
 0.01405243252653684
 0.0146071728744055
 0.0140212268173584
 0.01330167052690579
 0.01495791431014848
 0.0141918661912513
 0.01311375780385001
 0.01085503470795378
 0.0104123182171563
 0.01033461184594239
 0.0104217962600245
 0.01134408859142911
 0.01228228546872055
 0.01528917897156539
 0.01734557721749434
 0.01656092243474768
 0.01687396214707943
 0.0155754027726151
 0.01450863445279895
 0.01472143318530346
 0.01367416159939829
 0.0126537465160841
 0.01380869601800774
 0.01431270575456359
 0.01295055969812487
 0.01335980255772187
 0.01447363530288397
 0.01433375847938032
 0.01363858603903282
 0.01460664463886572
 0.01385633108593986
 0.01437116596966313
 0.01450836127490986
 0.01639995565882817
 0.0165178307079676
 0.01667990790433834
 0.01763252650223967
 0.01797983955690186
 0.01811374780552834
 0.01780195500892691
 0.01662002719160027
 0.01964852048955827
 0.01861211415485343
 0.01847604326471349
 0.01839255128663407
 0.01948023552199958
 0.01987858054666003
 0.01851645432034675
 0.01960495409636083
 0.01837029457138892
 0.01994335835044661
 0.02075579069321973
 0.02129741328686662
 0.02017478684794943
 0.01972596870305715
 0.02035656240890631
 0.02025394639964494
 0.01944532433576652
 0.01928042781535858
 0.01956663534451289
 0.01991175579831633
 0.01876970884657322
 0.02014201085645356
 0.01803875278627962
 0.01948900519263134
 0.01981818781323926
 0.01919878446784806
 0.01933615037652117
 0.02013793572858025
 0.01906646584184944
 0.01935866650578152
 0.01909071673062584
 0.01987572152267412
 0.02010904861793805
 0.02098162198282487
 0.02021054297924995
 0.02064378845094406
 0.0202871919860561
 0.01799501005292597
 0.0178943635913536
 0.02046922231554392
 0.01798864597927657
 0.01907926730153993
 0.01863247176297136
 0.01954712849434265
 0.01984354761218642
 0.01922911858773341
 0.01903407352175238
 0.01769881669790126
 0.01795696267652402
 0.01864201609657111
 0.01903684110726166
 0.01655351357071749
 0.01787072644470384
 0.01849303967163225
 0.01552847441850877
 0.0175868688123164
 0.01973584164512662
 0.01778034397827398
 0.01646351544054469
 0.01897164812865176
 0.0185348159008462
 0.01641110240095844
 0.01698119458902309
 0.01886476824791657
 0.01826618671659943
 0.0171562226805893
 0.01742532922184688
 0.01994597274530866
 0.01930130319258875
 0.01699341503482804
 0.0188338635219054
 0.01916114564678845
 0.01882039129973355
 0.01814725011286693
 0.0175858154493937
 0.01843422909162817
 0.0188481874943085
 0.01795557412143588
 0.01853758108871437
 0.01849842657241716
 0.01654650053170074
 0.0167502756082757
 0.01682242986286236
 0.01753203652144415
 0.01712091936537989
 0.01771200934864432
 0.01546740274173039
