# Created by Octave 4.0.0, Sat Feb 26 14:13:24 2022 EET <li9i@spell>
# name: mean_trajectory_errors_amcl_i
# type: matrix
# rows: 2192
# columns: 1
 0.06042708926867867
 0.0466910303059684
 0.06072812504161682
 0.02052855204087626
 0.01568753820084703
 0.03618504968705409
 0.04484869780810789
 0.04396640129326989
 0.01860478589418745
 0.0204020174028357
 0.04633127160965152
 0.03685991592556082
 0.02717050274877177
 0.02068944376496205
 0.05066808626897466
 0.02609573868343637
 0.03176103102103191
 0.03319043721829684
 0.03151443117224478
 0.04496605679417401
 0.02642205779861197
 0.01692797275549678
 0.03345819153507308
 0.02045833825474227
 0.02339332086020558
 0.03893783234421358
 0.02810213717686423
 0.04002558639212413
 0.03790054918193633
 0.02074486258284432
 0.03726568327444602
 0.02850893552660244
 0.03785378901463426
 0.04333811205206462
 0.03574847107627038
 0.03444604763644071
 0.03522701424607424
 0.02968125866503562
 0.04276224653084611
 0.0406373398851804
 0.03452014463079763
 0.04321558686593903
 0.03422860020687457
 0.04087107919665699
 0.03800011250111997
 0.03712081935463575
 0.03347294934870861
 0.03647850306349485
 0.03347582304000522
 0.03130780538622512
 0.03173116597228851
 0.02803539619568834
 0.02948950514219491
 0.02464931623309476
 0.02544127618532207
 0.02804057424292863
 0.02645675156748135
 0.0260103896825347
 0.02405987902289246
 0.02747405225311961
 0.02406793124893804
 0.02579264203631888
 0.0288909135575165
 0.02304539581800968
 0.02066253811865441
 0.02463387068841749
 0.02348532450803453
 0.01715557104523452
 0.01961162738287206
 0.01993058031284869
 0.01946301435381026
 0.01829058957771834
 0.01533260461523092
 0.01806881072405287
 0.01863518673625863
 0.01420020469591327
 0.01656265174727838
 0.01309200678558678
 0.01357693805005133
 0.01092438029373859
 0.01250351426960548
 0.012202338710535
 0.01127394971881605
 0.01016618936102581
 0.009818169119265682
 0.009370290153779336
 0.007711736022624796
 0.009413636645884706
 0.008900301380318981
 0.01199683353275945
 0.008800159386992874
 0.008109369462995231
 0.008221482986807537
 0.007482436497579929
 0.007870669471472634
 0.006546565380869835
 0.006438515337016105
 0.005503153374109913
 0.004545301897191615
 0.00552231349417074
 0.007103957178353751
 0.007080241596151469
 0.007495028460488614
 0.00671478644257852
 0.006535651123196429
 0.005983639826239443
 0.007296475280089067
 0.005011420673840505
 0.00680875175647226
 0.006856847201582739
 0.006919457839405656
 0.006468763529537043
 0.007946245521676928
 0.00905589603938374
 0.009738859876431851
 0.007472976215139074
 0.008246457027456307
 0.007182268861530847
 0.005688648452272266
 0.006073664233342441
 0.007064861873028635
 0.006409526219335739
 0.006307806403717957
 0.007105779400678794
 0.007329971461441565
 0.006900951675985117
 0.006756646836516444
 0.006743066521830073
 0.005810498169441094
 0.005100120776302097
 0.004034896795203064
 0.005358716555545345
 0.00459040174635632
 0.006085298080479366
 0.004426992628448824
 0.004521200541538682
 0.005342078310171468
 0.005632708979259772
 0.006177432964064421
 0.006018262637365216
 0.006281434970179483
 0.005452634047775547
 0.007250301920916272
 0.007090886239989111
 0.006531846870514638
 0.007378511864478453
 0.007660070342563706
 0.007965519598873615
 0.006631172880264139
 0.006348535386466361
 0.00682038421470089
 0.006399895540543202
 0.00637635674608687
 0.006744640305931192
 0.00678327610037671
 0.006568751881223467
 0.007775185733256113
 0.007684746718815402
 0.007238447680053155
 0.007974239435717689
 0.006922087228962769
 0.009029400292508351
 0.009192969637546136
 0.009805686400788022
 0.008933821910917086
 0.00941669279193944
 0.008455236431848328
 0.008832910695601732
 0.008958868433170264
 0.00752919357904052
 0.008176072544926997
 0.009193513297307785
 0.008082408478299698
 0.009835805164534427
 0.00891611746614409
 0.007909175659946198
 0.01102972564082743
 0.01239187809867991
 0.0102563133962832
 0.01153366570102385
 0.008879554682324774
 0.01268122737943618
 0.009436664154922511
 0.01181767937826447
 0.01066723455764063
 0.01283817971142065
 0.01070666976715205
 0.01171485388171484
 0.01347773140043234
 0.01461682271355194
 0.01363741682407997
 0.01733143850411098
 0.0173846229320194
 0.01547439146968869
 0.01478856748662934
 0.01455425297902626
 0.01695586247209878
 0.02012202411813812
 0.01481025078877131
 0.01688550357145242
 0.01364404580695178
 0.01504708033983146
 0.014915755994268
 0.01453439677289152
 0.01533717889877624
 0.01346016686912011
 0.01261654798008137
 0.0120809903265336
 0.01203667592494163
 0.01171354379421011
 0.01208817843296536
 0.01110151151297821
 0.01075117502383905
 0.009982887474693721
 0.01126370772609984
 0.01200055199486168
 0.01219181628654175
 0.01285107621874282
 0.01392617828623441
 0.0130797291592439
 0.01443822571166877
 0.01172647999305534
 0.01404304483039924
 0.01375946307286186
 0.0110531815591846
 0.01420338974156865
 0.01390711115422166
 0.01282347179565679
 0.01394443503827828
 0.01406302322242685
 0.0146954128640435
 0.01555743019231853
 0.01493716049175064
 0.01488157315860429
 0.01428426224602503
 0.01435088069450193
 0.01539627603612581
 0.01530479908570069
 0.01518933597722867
 0.01507677538854217
 0.01390200506441137
 0.0138104769020491
 0.01455815614589585
 0.01393434557611231
 0.0141683510886978
 0.01204060169020712
 0.01306404653606752
 0.01373216353509477
 0.01121877165778548
 0.01370491294474597
 0.0142424392018446
 0.0135391265704264
 0.013568671425497
 0.01264426745433574
 0.01266524244537681
 0.01287590922471001
 0.01192016409478402
 0.01217109508890802
 0.01614914157289412
 0.0138916153778349
 0.01211602834921703
 0.01528168510153431
 0.01355901655360396
 0.01278777726405171
 0.01378873164803911
 0.01341018972509972
 0.01406501774650385
 0.01323762629844015
 0.01311670341552046
 0.01429749519816248
 0.01508178179291682
 0.01414632924154782
 0.0136531860959551
 0.01442752856945653
 0.0148325746077877
 0.01418815241989159
 0.01433742302126968
 0.01417362571662122
 0.0140969014414984
 0.01385533079656196
 0.01479221939927433
 0.01524728093908004
 0.01603400793445239
 0.01657658240198479
 0.01600266656939237
 0.01693050374285119
 0.01588221703120715
 0.01659758527152613
 0.01659821981705979
 0.01613813550774221
 0.01626195239115
 0.01652392827810524
 0.01709604582304938
 0.01639705256259338
 0.01694263941539058
 0.01581377540278079
 0.01556208863305488
 0.015313148507009
 0.01504209176941816
 0.01601481498809264
 0.01579759911401326
 0.01579453504146239
 0.01548229184135838
 0.015438061811796
 0.01531597382208641
 0.01586956949927062
 0.01653264649911117
 0.01573397510586459
 0.01564118799107734
 0.01542580943975046
 0.01535286305411825
 0.01538683996132182
 0.01597628057936543
 0.01599888777519243
 0.01515891577091533
 0.01470530946099383
 0.01519983411812068
 0.01494082745695324
 0.01584916430283117
 0.0147235642755049
 0.01536443530779982
 0.01554484596929739
 0.0159207280610344
 0.01555010072450444
 0.01625993364459031
 0.01647190098562564
 0.01508187036486653
 0.01596299712315094
 0.01545166630220532
 0.0165425195137462
 0.01632659224511075
 0.01527073140460719
 0.01554075320008812
 0.01493803746081829
 0.01639096389055048
 0.01557036527395516
 0.01550222306750278
 0.01476638989862753
 0.01634602383494885
 0.01571816457214185
 0.0158827608267717
 0.01533348702143951
 0.01559019809650768
 0.01568489454874653
 0.0155974618660125
 0.01581795651287039
 0.01547889533704679
 0.01563290591576457
 0.01597901204536155
 0.01608589936183118
 0.01605790925870967
 0.0158552412370677
 0.01690790801813904
 0.01582095992409913
 0.01669585599825579
 0.01503837913677826
 0.01673123715885925
 0.01520981048118171
 0.0154687419655171
 0.01624915915164368
 0.0160513959965892
 0.01557189864727499
 0.01509628897886298
 0.01576748020808195
 0.01566642737497178
 0.01613874081712423
 0.01613628638646065
 0.01497655353969046
 0.01514280414722787
 0.0162317046225644
 0.01588910939061416
