# Created by Octave 4.0.0, Sat Feb 26 14:22:42 2022 EET <li9i@spell>
# name: mean_trajectory_errors_amcl_i
# type: matrix
# rows: 358
# columns: 1
 0.05185847188985848
 0.3147802057420651
 0.1802907482172787
 0.2017346124057078
 0.114688158609324
 0.1005537762090548
 0.08494760888842423
 0.04426123977014994
 0.1470357549309435
 0.07978112651377878
 0.08865127114397298
 0.05948047299643307
 0.05957375253377081
 0.06071685716754835
 0.0991597879663029
 0.09485098698263573
 0.0889005476329946
 0.07739263849383202
 0.08321604586892625
 0.05420043676333983
 0.08865219189007148
 0.07266470752592902
 0.05386461132121549
 0.0713486755477756
 0.05717548543326305
 0.0914726785989679
 0.07153041391664372
 0.06595216767245018
 0.07056468683225728
 0.07017302053819544
 0.08378901522952251
 0.06922176205428275
 0.07082416331680838
 0.06917707954372132
 0.07886446876433094
 0.11173642258373
 0.08015059695352653
 0.07905910466033586
 0.07275750599731803
 0.06876048606124791
 0.09949859107855548
 0.07843324519261763
 0.07524883270624282
 0.06799795537123376
 0.08025070831676068
 0.1024735000702754
 0.08084989853278196
 0.08429127720539716
 0.08110844655488261
 0.08439989029570774
 0.09157596343409503
 0.0803282577547812
 0.07235080948646058
 0.07156763956634229
 0.07448047588565287
 0.0796778826383914
 0.07536665673806939
 0.06338334707926468
 0.06720634225899809
 0.06502439222630857
 0.08562659613361776
 0.07636428960131467
 0.06935888242692681
 0.06397225760367009
 0.05907007733793705
 0.08451561958010737
 0.07284216808737184
 0.06138882376280289
 0.06222444968821936
 0.05550925078397489
 0.08689911869834355
 0.07710696134101627
 0.0700518997207676
 0.05399645352564562
 0.06729431470186537
 0.08591043229152527
 0.07591325394992351
 0.06527435222036779
 0.06694304773393268
 0.06878594293328508
 0.07745918397453586
 0.07056724175826405
 0.07147711596684644
 0.06398308643654452
 0.07031815362244079
 0.1069913105346467
 0.07496831649557151
 0.07445508428661785
 0.06943340556845963
 0.07439103986214159
 0.09615620863714566
 0.07856594937474146
 0.07540311260969604
 0.07234804882397783
 0.07254561881788379
 0.0864421302244662
 0.07149256078116656
 0.06538360628277033
 0.07054720746985554
 0.08365355222223164
 0.08579966521023978
 0.07179914772890394
 0.07312816031577124
 0.06556328494794185
 0.06019591191498565
 0.07728308063023781
 0.0645255636331411
 0.06604052332956138
 0.06603957264192364
 0.04914121234683531
 0.0820839208792189
 0.06883494193880908
 0.05605053040141596
 0.06386707048864501
 0.06343544874420623
 0.09242493797155715
 0.06562907772515564
 0.07175532566223675
 0.05960781150134203
 0.05420456294529177
 0.07070332690112383
 0.06298490741671088
 0.05801054551729661
 0.05668489172670213
 0.06752036048252839
 0.08527365097874889
 0.06371482000101222
 0.05822158047440483
 0.05380716758372522
 0.06329096088468913
 0.08364513752517772
 0.06786975089667843
 0.07289761446065698
 0.05944572558355596
 0.06073264159867763
 0.07165207748517849
 0.06844901799173786
 0.06484375754311475
 0.05925642208455855
 0.06059401475340409
 0.08509769578596343
 0.06865718989893044
 0.06343880871033998
 0.05949774642506991
 0.05157267920784803
 0.08128696888510312
 0.0683989691674618
 0.06499187301720639
 0.06265937618571271
 0.06344051849719962
 0.07380434103802011
 0.07515233097071858
 0.06356944202370207
 0.07453555918617497
 0.06543304768956834
 0.08942646006076101
 0.07465413196524651
 0.06930725412956465
 0.07534119166446637
 0.0639874945833768
 0.0884384808285347
 0.06988723597448723
 0.06622704259300455
 0.06339845821338286
 0.06152737420923149
 0.0836826577484496
 0.070533997501906
 0.06310567788843451
 0.0592179084289399
 0.06124163057899618
 0.07808949224866005
 0.06507033600235654
 0.05853666758458138
 0.06454230893048858
 0.0590568671173959
 0.08247794140013319
 0.05918085309831057
 0.06266992900766472
 0.06175052815902012
 0.06268836267658096
 0.07519024445787585
 0.0627081092028911
 0.06179461270310074
 0.05673286810473568
 0.05893912341139082
 0.07740530586895894
 0.06576956255275643
 0.06026295713273211
 0.05026295538229981
 0.06158772569036616
 0.07228519507840334
 0.06413512961438546
 0.05410120686400673
 0.05404756340530718
 0.05265842995564013
 0.07851728108964805
 0.07199788418271315
 0.0644669658446592
 0.06635270066765214
 0.05383074357463323
 0.06712707191690828
 0.07507533939431321
 0.06055154231468675
 0.0673862491232482
 0.06797506085443933
 0.0742470406893317
 0.06498276314368399
 0.06574865648225939
 0.06801929572063949
 0.06044965406193345
 0.07937812509860437
 0.06223744529387699
 0.06170986247834977
 0.05392514852779128
 0.05864307901073817
 0.07278583011716827
 0.06376664526867189
 0.06275421933197053
 0.05606619566275189
 0.06411323644264254
 0.06738797746058495
 0.06230950348297207
 0.06035594867167825
 0.06220497427307597
 0.069146906352281
 0.07606215166669736
 0.06483628042863435
 0.07215303594300772
 0.06442280547186431
 0.07401069702704616
 0.08602554043100584
 0.07152224759349107
 0.06896340827393843
 0.06232519148926127
 0.06753027004754203
 0.08465673503126897
 0.0684228457445154
 0.07266591224521671
 0.06998201469089417
 0.07121292117458425
 0.07424423694936919
 0.07356466138572532
 0.06098325609826385
 0.07099717513091505
 0.06934740896608055
 0.08844355100660117
 0.06879120964142243
 0.06922244879755737
 0.06223785170350736
 0.06401994375308688
 0.08639172573702933
 0.07148645928972863
 0.06383878051769137
 0.065686453014589
 0.06304096987085442
 0.07521795007400096
 0.07463654654478619
 0.06525418406170749
 0.06500623083262513
 0.0622002601935097
 0.08018401897034247
 0.07592243476020712
 0.07073331253355436
 0.06857303611660474
 0.06585068806465812
 0.08785136844049554
 0.07336022232980223
 0.06392326812945148
 0.07065994775677356
 0.06151452156607098
 0.08542269972596986
 0.07867424121509428
 0.06882646476764542
 0.0671278787846335
 0.07538336976915083
 0.0820971292174895
 0.07093579082059678
 0.0614650929762422
 0.0684282300138517
 0.07002369269713993
 0.08610981514776356
 0.07711127538316806
 0.07189065876530096
 0.06520362013120631
 0.07747511633227092
 0.08457368984357438
 0.0839144084093148
 0.06762702849181335
 0.07335545666030271
 0.0680459327830971
 0.08794980596159967
 0.07514390843007002
 0.0667327646476987
 0.07006689989529852
 0.07945167049249066
 0.09976336540840738
 0.08337106032154457
 0.08264208606064397
 0.06680017355794821
 0.06962682249871158
 0.09786585855171279
 0.07455679982451317
 0.08193662862614312
 0.07059008997996633
 0.07428991354896788
 0.08752210640700926
 0.08376924961748335
 0.07262747863506615
 0.06728634627932839
 0.06694700748374902
 0.08779316442311197
 0.07480202228856569
 0.06637086819594981
 0.06695272277365295
 0.07277740687930459
 0.0766169442330925
 0.07146395277101503
 0.06495996272518038
 0.06397672068061278
 0.06438357966614533
 0.07460524893820106
 0.07631735524962009
 0.07179480213415691
 0.07068927029120292
 0.07126057407659228
 0.09142094179190971
 0.07552841268220722
 0.07034287372449344
 0.07173731405711917
 0.06680311696250785
 0.08239483473392054
 0.07237363015317502
 0.07578533483398706
 0.07226635456890936
 0.06688072394254113
 0.08182194217126215
 0.08084673847385611
 0.0846557290585325
 0.07644546453500894
 0.08065253127063593
 0.09462530162128027
 0.07810289997328509
 0.07293867066643664
 0.07762310651523997
 0.06957608094209949
 0.09530656799128991
 0.08470319496798182
 0.08281464913168834
 0.0860080916128837
 0.08529290783463474
 0.1089347784453825
 0.09167294481123014
 0.08561439198696211
 0.08931560598205704
 0.1012996191724975
 0.1091225074673905
 0.1012642003932728
 0.09563723525988216


