# Created by Octave 4.0.0, Sat Feb 26 14:22:25 2022 EET <li9i@spell>
# name: mean_trajectory_errors_dft_i
# type: matrix
# rows: 370
# columns: 1
 0.00487761174150291
 0.02424160176079193
 0.01358083273533789
 0.01041918219550312
 0.01051306302405618
 0.008721590570278808
 0.007466053988194425
 0.008501897703574556
 0.01009409639424631
 0.0116774240546165
 0.01490990383209231
 0.01493712478804151
 0.01666435820769731
 0.01317818639230729
 0.01601010483208983
 0.01092522616021374
 0.008945924174178187
 0.009545025373600496
 0.00709931699915764
 0.008189080036486406
 0.008949308535489052
 0.009449614589370431
 0.009502326764607667
 0.01058486215117937
 0.006923665193595533
 0.006935297270909581
 0.006455174018380782
 0.006289468609025571
 0.008650128424543251
 0.01027755651566401
 0.008106252884807852
 0.01149917865244656
 0.01052669675456178
 0.01187999980198673
 0.01300738707027434
 0.0129500685983762
 0.01375687978761684
 0.01465113489699351
 0.01468526441665964
 0.0149010171929717
 0.0159631180633531
 0.01483214691216668
 0.01699993348540932
 0.0171169630595045
 0.01688549999422812
 0.01812260893255423
 0.01925096885077781
 0.02002315059737794
 0.02063200627158514
 0.02101563449192187
 0.01951855089947459
 0.01907394500703473
 0.02031511036769582
 0.01962196904547012
 0.02031383732712488
 0.02067964876943321
 0.02037983249500616
 0.02099069069998013
 0.0191189469599722
 0.01972455494914952
 0.01931468112790816
 0.01875193488836377
 0.01770136608051481
 0.01867947626478874
 0.01694019305601882
 0.01581148249514543
 0.01263012016574305
 0.0148217702329252
 0.01411560238311706
 0.01628395346919217
 0.02414656612461199
 0.01379912196484482
 0.01309587685668104
 0.0111821460774192
 0.01098177896749599
 0.00910520658754875
 0.00823202518324311
 0.008281778321280648
 0.008182669284921677
 0.008250849668784848
 0.009060287510489363
 0.009903576220227868
 0.009516259546129823
 0.008543065663041378
 0.01003948577111511
 0.01059272859051016
 0.0103773268304333
 0.01289724252625268
 0.01161825447734303
 0.01013354532431945
 0.008625541687709331
 0.009322576459162199
 0.009276951108880355
 0.008816001697066179
 0.01010091477694397
 0.01070476892913778
 0.01574622457488406
 0.07144323332955801
 0.09102114209425663
 0.01196322458244201
 0.009087269038094418
 0.008510591127578918
 0.008446873339038135
 0.008366148041066168
 0.008089660883810421
 0.008990704111041225
 0.009706913279070518
 0.009922990243414004
 0.009414946534199848
 0.009012435134390002
 0.009545225245698901
 0.0099843207991571
 0.0096854786736896
 0.009838468932512723
 0.009786076271710261
 0.01115025872920783
 0.0110358795539408
 0.01136201680362188
 0.01179057211037149
 0.01227270948184645
 0.01197840599027802
 0.01256113958711006
 0.01239266243804278
 0.01280274083554855
 0.01324927662921246
 0.01413357606637344
 0.01420627892074331
 0.01470504154967787
 0.01534025213890492
 0.01537650269734571
 0.01607950730892852
 0.01610415835808319
 0.0165928754133183
 0.01650261363858002
 0.01675341472858367
 0.01702940804519237
 0.01685954604424231
 0.01738999454627702
 0.01711681895210078
 0.01698935054261776
 0.01791000556310013
 0.01780258143282092
 0.01783974336235012
 0.01805824164992201
 0.01826525572228134
 0.01811812226498005
 0.0187888104707473
 0.01893080694021409
 0.01899718069249454
 0.01881625481579743
 0.0199270119728959
 0.02087185445021437
 0.02191701320291789
 0.02076184917380014
 0.02185892650950141
 0.02010484273058823
 0.02146429795807077
 0.02155623220616705
 0.02153562595309859
 0.01982326353424502
 0.02017467337142237
 0.02046201469270164
 0.02073459051870565
 0.01996791572341241
 0.02070286378896878
 0.02067630401279571
 0.02040394806292765
 0.02023154035723312
 0.02029157806207996
 0.02018206185295722
 0.0200946088288751
 0.01997572818203341
 0.02010102907972032
 0.01982749554736177
 0.01971753613234833
 0.02059982207244895
 0.02062346554593807
 0.02115810614198658
 0.020379859607811
 0.01977068102784324
 0.02055196082714375
 0.02017180799251486
 0.0197417561781842
 0.01931805794050521
 0.01925981240397771
 0.01899394309540586
 0.01924119619957572
 0.01820424923312321
 0.01831564694679041
 0.01765035824836771
 0.01824701933068248
 0.01812980181831723
 0.01700080664876377
 0.01676339138687491
 0.0169503413375644
 0.01692025506679522
 0.01746076269846099
 0.01698589151053975
 0.01717753947969216
 0.01671895303746607
 0.0182484669479788
 0.018005402301111
 0.01971824990098389
 0.01961329766841763
 0.01992929715014341
 0.020358011135396
 0.02064381227737114
 0.0206917437606652
 0.02159099415659499
 0.02231731921846803
 0.02363086163054372
 0.02393828322560522
 0.02442991913925215
 0.0248463113987241
 0.02570147905360615
 0.02684102819763193
 0.02707285403466847
 0.02735924263146156
 0.02796178770572689
 0.0285463861879969
 0.03064352375661794
 0.03096111806954326
 0.03129274115290134
 0.03058544491302646
 0.030633848491641
 0.03099054703360983
 0.03060426672763372
 0.03142582754354062
 0.03109172992022596
 0.03103750280434173
 0.031774287971349
 0.03168532489467837
 0.03173825591435744
 0.03186978837386992
 0.031680903197241
 0.0318823357481865
 0.03185624075589183
 0.03224768730037039
 0.03245392667136962
 0.03245187484092289
 0.03265524648338845
 0.03274651049235021
 0.03290528198367111
 0.03278770559308452
 0.03253019345258613
 0.03286032361374147
 0.03322454408022293
 0.03371159763586005
 0.03379214055957538
 0.03400518867277466
 0.03420543311323674
 0.03432653090274198
 0.03436512323085422
 0.03443611089696692
 0.03402472787347152
 0.03430229005098576
 0.0348825020223678
 0.03521842899581603
 0.03517273781668835
 0.03534439417543071
 0.03586880443205729
 0.03607196945969587
 0.03595299151648943
 0.03620301554139592
 0.03635790604360586
 0.03687487252433038
 0.03710312202274613
 0.0365720533127398
 0.0366749947634972
 0.03675778501808849
 0.03730213011675843
 0.03770173523171821
 0.03804871330260475
 0.0380254182877254
 0.03843971073255115
 0.03901143208353998
 0.03959055483350728
 0.03984033622545836
 0.03974108322223548
 0.0403704446426702
 0.04073930755917382
 0.0406458578431128
 0.04129306916729067
 0.04174478510238529
 0.04230211915317194
 0.04220375066502349
 0.04205722971129702
 0.04226403454977461
 0.04191659462591774
 0.04129046552519751
 0.04135231681974188
 0.04106286742222738
 0.0401116411276705
 0.04067172380971472
 0.03905292118244751
 0.03833355587869086
 0.03709837461670379
 0.03610467097902498
 0.03552263517611923
 0.03612773896427528
 0.03664931626819888
 0.03648009222310132
 0.03609563847531456
 0.03655426556918132
 0.03714237268057167
 0.03621444077862733
 0.03574291157291979
 0.03582152167312747
 0.03556703413210682
 0.03561595549972724
 0.035575738146394
 0.03572494090300316
 0.03573807658310897
 0.03598922754438756
 0.03631383612320177
 0.03636111418755272
 0.03667767112751096
 0.03695045829880599
 0.03745456836472727
 0.03783304817412436
 0.03804590798033944
 0.03861762575075124
 0.03880925597064023
 0.03911978584620095
 0.03933917392032353
 0.0399749468602059
 0.04016921116753983
 0.04031572129134156
 0.04140182625247744
 0.04113891839837097
 0.04163755771647708
 0.04238088881244371
 0.04297364146829151
 0.04293708568619684
 0.04355665390916681
 0.04360481413540875
 0.04439800944789581
 0.04593245460339495
 0.05427799443579129
 0.04635318130173581
 0.04526135025852837
 0.04505108830818925
 0.04488408895073267
 0.04547263582634995
 0.04569468140514062
 0.04580292739571377
 0.04627023036665449
 0.04613995713525942
 0.04766521544261772
 0.04880626100273672
 0.04988245497000029
 0.05119754330774852
 0.05039190401930543
 0.05169603735489722
 0.05291105782274085
 0.05365391636468365
 0.0537227442428746
 0.05518553115083723
 0.05284326730421027
 0.05256500578717482
 0.05751846198834547
 0.05651291313792089
 0.05871361751251244
 0.05680894836658888
 0.05519237025821802
 0.05985191408204353
 0.05628110154142321
 0.0555779438670498
 0.05432057853663148
 0.05510696668569913


