# Created by Octave 4.0.0, Sat Feb 26 14:20:36 2022 EET <li9i@spell>
# name: mean_trajectory_errors_dft_i
# type: matrix
# rows: 360
# columns: 1
 0.01231858137768893
 0.009274641659824312
 0.008729830306445575
 0.009680754673346448
 0.01033177803570178
 0.01269745934231475
 0.01401469424666556
 0.01411151187795722
 0.01522212348844081
 0.01577109712557126
 0.01574509299007108
 0.01393393134308765
 0.01395556120414901
 0.01218002091232425
 0.01348208089113285
 0.01264621660181793
 0.01124214978996849
 0.009573503980825505
 0.008036057842210044
 0.007387248302698404
 0.006963017084120166
 0.009650250312711774
 0.01425159325416163
 0.0133512098701517
 0.005905204273927414
 0.005486682361397841
 0.007990965531943828
 0.007823080636434087
 0.02004003721186937
 0.012411350141373
 0.01447896098602865
 0.01399954913291061
 0.01400594444970873
 0.01547403244506107
 0.01602905912529397
 0.01370366281115133
 0.01503914896148222
 0.01798368366606967
 0.02082722952668734
 0.01652228059420469
 0.01650697758343318
 0.01608138270378442
 0.02202358479626452
 0.01707438108273989
 0.01881750719493902
 0.01990858303997676
 0.02106757176058194
 0.02101375114624405
 0.02149268139226915
 0.02285669914290687
 0.0215339781161479
 0.02192196189633792
 0.02234788442250382
 0.02639382902185788
 0.02488586864003571
 0.021649068576941
 0.02340610501967615
 0.02481591636690181
 0.02393975420049415
 0.02320589394832911
 0.02308657354201582
 0.02142383792211795
 0.02084651444851345
 0.02300218805681675
 0.01902364524266405
 0.01835011561607683
 0.01749670646972493
 0.01768463372307959
 0.01598939440627216
 0.01705865723991878
 0.01967924080928991
 0.01456271444767347
 0.01273374606348769
 0.01177002019179251
 0.01110819736433754
 0.01042624331965089
 0.008976514506867789
 0.00792972417827704
 0.007884140142228043
 0.009342572465434639
 0.008225917747973143
 0.007637293939388688
 0.007464868222549447
 0.006663089827664068
 0.008453327187537973
 0.007909906437787603
 0.009443230762487228
 0.01234456829628727
 0.01139577714929168
 0.01272937003515092
 0.01094179774872927
 0.01013294992066652
 0.01102796544925006
 0.01010043109254615
 0.01073387532131927
 0.01400694187559435
 0.02972333446664383
 0.05997308324989373
 0.01323443627004272
 0.009514846977605778
 0.00807329376949344
 0.007417520346397125
 0.007296653762596072
 0.007626284106433696
 0.007856743840097432
 0.008527723425532926
 0.00832568917627877
 0.008425795142295156
 0.008851953269395212
 0.008849328348517274
 0.008986298897281867
 0.008880325446035783
 0.009031616068981042
 0.009232625080512239
 0.009824397673299342
 0.009783616630834196
 0.01013342208570635
 0.01042446822765974
 0.0106269971998412
 0.01138322841104125
 0.01146042465485224
 0.01158820498264784
 0.0118820412138991
 0.01244727645239188
 0.01302279971690371
 0.01333146513492467
 0.01366165927951054
 0.01419420516762933
 0.01465617808006097
 0.01498987177996301
 0.01516589154641357
 0.0153809319700565
 0.01549267200836051
 0.01576634116054711
 0.01560457672180106
 0.01606461591451845
 0.01621090330795086
 0.01599516629204455
 0.01613523328792684
 0.01631963025841777
 0.01692691463579429
 0.01689204017758834
 0.01680981994707701
 0.01701602763204767
 0.01734737304187924
 0.01790970634024664
 0.01792648543625704
 0.01806769039733114
 0.01828466773315357
 0.01811243558230913
 0.01851103970997128
 0.01863500620205886
 0.01889267805319726
 0.01882635561741193
 0.0192132342588534
 0.01940008262565824
 0.019051233874929
 0.01948649532799376
 0.01900617986688651
 0.0190300784869786
 0.01921581045338948
 0.01939105608282993
 0.01924648998599045
 0.01947503799791531
 0.01936178585626039
 0.0193472931873961
 0.01956662853100613
 0.01918926631413019
 0.01933618102477296
 0.01930666614454436
 0.01929455043450964
 0.01938305447916677
 0.01944528885550632
 0.01929779120662638
 0.01938038755252488
 0.01920696367282545
 0.01955968416642802
 0.02009620133148141
 0.01946701097245046
 0.01918791000388379
 0.01892093444450461
 0.01885467732668355
 0.01858395860342797
 0.01837849358795125
 0.0183785573707014
 0.01778722487689549
 0.01761178485764965
 0.01732171640419329
 0.01720747645201927
 0.01659933782329351
 0.01658373577318024
 0.01638295322008352
 0.01558361008721615
 0.01538478684501327
 0.01562129808006793
 0.01561624913720338
 0.01570403972672391
 0.01542148410207263
 0.01538340340239521
 0.01532703416948006
 0.01628963974329675
 0.01715090212441745
 0.01809720547058786
 0.01891274378087787
 0.01961037174234972
 0.02000142098238399
 0.02038928779490583
 0.02065728902365363
 0.02125730445081878
 0.02245300015212543
 0.02298936822706934
 0.02336605586059783
 0.02387549089964578
 0.02467727024123827
 0.02525700616189022
 0.025957017812412
 0.02656327942910219
 0.02694465330990133
 0.02792312386024683
 0.02909407911729189
 0.03128787344049413
 0.02933387829239559
 0.03037785093436652
 0.0312265550791489
 0.03260025423616512
 0.03075471607873268
 0.03046946263355329
 0.03032341548520707
 0.03057744087560958
 0.03101183946461869
 0.03081935617346333
 0.03096310974734236
 0.03117097496337604
 0.03144470326058484
 0.03162161044793125
 0.03174563491490943
 0.03196030419214688
 0.03160562115827383
 0.0318949696859543
 0.03238935962310081
 0.03219647511649851
 0.03213830998664471
 0.03208084409210842
 0.03199866484667362
 0.03229363893638003
 0.03216527007784686
 0.03272726808004228
 0.03313274376817478
 0.03321768032742918
 0.03342689701260922
 0.0335837509195407
 0.03409940954768263
 0.03422098347834684
 0.03374580206409056
 0.03376167303161254
 0.03433066668916228
 0.0346707443635894
 0.03476771710817642
 0.03495279007308888
 0.03511581334892792
 0.03524378603300599
 0.03564827185119654
 0.03585158707516507
 0.03611268617217096
 0.03603097140031385
 0.0361845737645529
 0.03635114446359464
 0.0361619168683571
 0.03632421186839586
 0.0367794281990253
 0.0367148595093094
 0.03769428843543685
 0.03776315735120436
 0.03784738527461605
 0.03858012312610407
 0.0390857934474774
 0.03948895789357487
 0.03961334608589359
 0.04000007359175595
 0.04068085280832041
 0.04109906094650621
 0.04105624045394572
 0.04118995028275396
 0.04170228464953712
 0.04207693643660092
 0.04182708045715181
 0.04173914657612297
 0.04125964733561899
 0.04127908520157988
 0.04147562610818178
 0.04162011363082486
 0.04088233563436428
 0.03945177652204032
 0.03876503901501423
 0.03773073419219766
 0.03745127226905234
 0.03641301725835168
 0.03537915085466176
 0.03518121718889836
 0.03482613310935596
 0.03558691890292195
 0.03564523882645937
 0.03577874229611843
 0.03569659160559292
 0.03625779397306732
 0.03587371542875882
 0.03577377855675319
 0.03574809992083362
 0.03559216142139242
 0.03637297593431792
 0.03573022137505919
 0.03588986802980187
 0.03601682069254124
 0.03589210111681669
 0.03644812771287388
 0.03670103120727335
 0.03703604396040584
 0.03733491939660893
 0.03747652400960082
 0.03782363044269835
 0.0383757444896735
 0.03856631835221795
 0.03942713204324197
 0.04013924843776182
 0.04033649442573324
 0.04059858884957626
 0.04046444283973553
 0.0412351516969876
 0.04205804461717732
 0.04195052453934412
 0.0423385976507982
 0.04254866305760343
 0.0434984341223846
 0.04338742689179915
 0.04402742969451848
 0.04407154914653032
 0.04529316582763039
 0.04645490670343443
 0.04711216557644214
 0.04594571086185011
 0.04510003309699734
 0.04480296662018558
 0.04504305001793994
 0.04508653565461981
 0.0447851260640703
 0.0442870078737666
 0.04434286021434153
 0.04653391708183083
 0.04669341825014003
 0.05104603107023238
 0.05118371899127538
 0.0489550219883895
 0.04880645033240943
 0.04986760445420264
 0.0514266732733825
 0.05230391971873813
 0.05331598450016471
 0.05233910296808587
 0.0529318130324417
 0.05338274459729316


