# Created by Octave 4.0.0, Sat Feb 26 14:15:13 2022 EET <li9i@spell>
# name: mean_trajectory_errors_amcl_i
# type: matrix
# rows: 2285
# columns: 1
 0.05187720971080348
 0.03316310840576948
 0.05677328257622208
 0.04568995929074053
 0.03402706109699472
 0.01687551958569675
 0.03047389385116507
 0.0623220739643837
 0.02910393752241979
 0.05580432184083779
 0.0764826201346535
 0.03319216579635649
 0.07358270774774267
 0.03739591191844593
 0.03976270944496879
 0.04170141756072408
 0.05859195582340415
 0.05347526393611343
 0.05447366064895864
 0.04260831637661264
 0.05214278742911406
 0.03604278855063198
 0.05237773591951231
 0.04327631506261427
 0.03456374593813975
 0.042774716286238
 0.04044513857919196
 0.04232849468262118
 0.04062619445071494
 0.03041477364332367
 0.0236956856392954
 0.02569253591941047
 0.02564428898098276
 0.02699385660069096
 0.02399510598922366
 0.02840985080662466
 0.01934906291976338
 0.01544542386429897
 0.02319411159955157
 0.02334775197455829
 0.01651488408621317
 0.0238888683570062
 0.01826184936438317
 0.0228529844985864
 0.0209665679589243
 0.02120176225053157
 0.01622349285815215
 0.01511679145693739
 0.01723118816563609
 0.01500786119229048
 0.01263218405002839
 0.01237901612577926
 0.0122164005797382
 0.01111838814241967
 0.01233399070421432
 0.01368944382143671
 0.01321732722781948
 0.01323664870445741
 0.01073886147068674
 0.01258720925205454
 0.009871368687221029
 0.01155969289871826
 0.0156851369680764
 0.01098965605728673
 0.01024092493700145
 0.01127940911902498
 0.01267322007477651
 0.010197705648301
 0.008958704352050262
 0.01106104869492831
 0.01013731695497697
 0.01072209547179814
 0.009484230124652677
 0.007791288367338738
 0.00928509329002529
 0.007543801560154861
 0.009469488648842232
 0.007930577604462218
 0.006953072367393699
 0.006875102229854825
 0.007239135460223284
 0.007122790190235088
 0.006378619106180611
 0.005106364272146346
 0.006769363884941393
 0.00541597194688326
 0.004512004420149148
 0.00317293984217892
 0.004187560273242789
 0.006395725570183184
 0.0047463525754504
 0.004578317993574017
 0.005444562381848409
 0.005246571878017985
 0.005833286170699775
 0.004183511591116338
 0.004307197166594777
 0.004675279073800333
 0.003373768975399396
 0.005080633124473503
 0.005061161895151909
 0.004698905907654487
 0.005081018113582044
 0.003728941698023998
 0.003767009297788797
 0.004576905282373658
 0.003908744900698351
 0.003036194972096375
 0.00303195324622324
 0.003622784925923207
 0.003543942650074862
 0.003070290602255053
 0.003341449268339198
 0.00361793073995141
 0.00351820713627045
 0.003190313971061159
 0.002951679795859747
 0.004416741665920034
 0.005673238353559508
 0.004173027333881018
 0.003616799524311163
 0.002923935806215558
 0.003596083776208877
 0.00344177258917036
 0.00308906729508135
 0.003217936355204398
 0.003700796223745985
 0.004425312695232893
 0.004640050603530269
 0.003143741794115232
 0.003348234526396538
 0.002852685120087585
 0.003115582850991107
 0.00256681832733146
 0.003116732571755139
 0.003359816470142382
 0.005049976696128127
 0.003992544878490475
 0.005116446859183973
 0.003587881893839817
 0.005336580891956738
 0.004503760308775067
 0.00597915396876729
 0.004104172041558539
 0.004449637539340377
 0.006793119654722021
 0.004705986052372753
 0.003415450172854319
 0.004099989926233658
 0.006815173167971163
 0.005379825492059875
 0.004846177416432052
 0.00413276528169871
 0.005028376696603934
 0.004721484119444489
 0.005373445412303097
 0.004956878610948158
 0.005048119038667389
 0.005924562672198567
 0.005351456663158889
 0.004735507941526485
 0.005197135265468254
 0.006927412284747136
 0.006552936560203237
 0.005995487996550546
 0.009168836765517406
 0.007452153070268528
 0.007261674654550805
 0.007515856973214147
 0.008717786835048572
 0.007596781335721264
 0.01167970489715323
 0.007528686597495751
 0.007599287440875913
 0.008199568237553353
 0.008106456804717218
 0.00783527591858744
 0.009149540220405365
 0.00909353017320955
 0.009166856177161925
 0.009616384522392898
 0.009427104839788467
 0.009582776257640497
 0.009684018363081623
 0.01174276646385567
 0.01321142376941068
 0.01145659121271526
 0.01096371262672409
 0.01197566364376816
 0.01517538245517592
 0.01381942307552827
 0.0132847769823927
 0.01691036076912913
 0.01587497572288695
 0.01500931977665861
 0.01515380358446925
 0.01717264804834829
 0.01905845857219858
 0.01294077816202324
 0.01801377251087092
 0.01554288212620584
 0.01385130294808758
 0.01712462172206822
 0.01270459620217346
 0.01140389447121162
 0.01157388319500446
 0.01073230917649269
 0.009802864359881614
 0.01042366809764565
 0.009788386171218078
 0.01071554660166183
 0.009909159540131926
 0.009592850160676762
 0.01048862661759324
 0.0102068596945399
 0.01049162976237573
 0.009905136911218125
 0.009853964118170647
 0.0112099200455951
 0.01131575275963594
 0.01229123107969782
 0.01062940178894865
 0.01127762413557188
 0.01187480247990013
 0.01030116009620273
 0.01260779165372508
 0.01359527297059963
 0.01283120393565845
 0.01328289694794099
 0.01339102372608242
 0.01367550680803279
 0.01465331495216808
 0.0137059057067973
 0.01474993925820197
 0.01545117593890178
 0.01589135486402325
 0.01509606242081791
 0.01543815449563979
 0.01426463955500766
 0.0142995816961537
 0.01387226810589454
 0.01396034972661192
 0.01409025584146437
 0.01339507865272322
 0.01278936382981928
 0.01213279705936819
 0.01160122416360774
 0.01168982805760859
 0.01069428953421983
 0.01129703017778836
 0.01260553568845939
 0.01220754023223411
 0.01191078495836852
 0.01240909525293632
 0.011677370916825
 0.01156194570354398
 0.01138169647819705
 0.01207462143629831
 0.0135078485442244
 0.01161760922478704
 0.01145405539818511
 0.01273007305655595
 0.01205946276013924
 0.01158254869224436
 0.01158534358217824
 0.0115862019540994
 0.01193234834103014
 0.01115835648153284
 0.01107105865502834
 0.01184981707321354
 0.0127002493805112
 0.01234236450493335
 0.01267036715029859
 0.01321387546127853
 0.01180551888615896
 0.01251121095787162
 0.01254001845437382
 0.01206182665045517
 0.0124827813703292
 0.0127129751460077
 0.01321858099800178
 0.01315196739971196
 0.01316129330599055
 0.01394728586723156
 0.0147057011157776
 0.01377527168767837
 0.0137968511142222
 0.01447909627971127
 0.01447048366889664
 0.01367824156771769
 0.01502769158302791
 0.01469797193323585
 0.0158856169015605
 0.01459235331739138
 0.01500731258309538
 0.01498572954189038
 0.01422913806170532
 0.01418933677725391
 0.01409983846527736
 0.01430117626730531
 0.0135292295337125
 0.01443310106316758
 0.01390252012047066
 0.01337729598330721
 0.01458426406014657
 0.01367182572352632
 0.01342826268046446
 0.01393909804707473
 0.01353598773498497
 0.01440147362921195
 0.01389454932095021
 0.0136233226504634
 0.01377042621937234
 0.01320248149016928
 0.01337584673633967
 0.0131980342216858
 0.01343603115116081
 0.01299800417243858
 0.0137442118222387
 0.01306496338119612
 0.01300932854346835
 0.01405884281496073
 0.01376020919804076
 0.0138540526339237
 0.01389953960982126
 0.01429178462012148
 0.01395821853975289
 0.01473920389509801
 0.01358786524731597
 0.01381705319465283
 0.01409033135636155
 0.01363427452638546
 0.01367434729640833
 0.01357720478174652
 0.01450884505985289
 0.01317573300970035
 0.01354868206029406
 0.01389227992845352
 0.01471361478317526
 0.01401299491802668
 0.01438906804200307
 0.01333054959919833
 0.01413668590449792
 0.01429054431225407
 0.01441857086015032
 0.01326924711455021
 0.01311539688435971
 0.0142387801136089
 0.01313036580150136
 0.01468739852031367
 0.0140461518572231
 0.01357537218156022
 0.01476837121370642
 0.01383954879769931
 0.01345793010715326
 0.01411588102134475
 0.01349919175292925
 0.01335521197984889
 0.01378617818546329
 0.01410563541185925
 0.01356821736172265
 0.01320262692343602
 0.01353878499498502
 0.01383043787604284
 0.01405179132322002
 0.01448728285778056
 0.01389449802114712
 0.01373867710547202
 0.01369531540429266
 0.01425401634192742
