# Created by Octave 4.0.0, Sat Feb 26 14:13:24 2022 EET <li9i@spell>
# name: mean_trajectory_errors_dft_i
# type: matrix
# rows: 2189
# columns: 1
 0.009844622828157937
 0.01024792719177739
 0.0100237175391454
 0.008796722149684577
 0.009519379500430268
 0.009885616482975909
 0.009175683395430682
 0.009363502362797968
 0.009198032875848746
 0.009392510159010665
 0.00956947876725325
 0.01009615226837507
 0.01107708706039459
 0.00987117405603706
 0.01064120334774146
 0.01103624300255424
 0.01146092060648393
 0.01083826578840681
 0.01114988191133289
 0.0120071875961026
 0.01196684490861151
 0.01169055287434265
 0.01152437455629576
 0.01296640701314445
 0.01284364483802773
 0.01196044171120582
 0.01211352034968344
 0.01241718221579691
 0.01225173889600172
 0.01217156595825896
 0.01230177625406785
 0.01267958557583587
 0.01250789735549772
 0.01003131861941031
 0.01247193896085121
 0.0128999388915962
 0.01218039915321627
 0.01033461278278336
 0.008875437539468482
 0.01158760091406878
 0.00967127435734829
 0.01032007662268062
 0.01358657891057036
 0.01357041392905742
 0.01320996273559819
 0.0111319902057138
 0.01208881592902671
 0.01161522831030272
 0.01372410649359923
 0.0108988815454881
 0.01057859506210887
 0.01101124784106535
 0.01353231491201433
 0.0109229975914548
 0.01183662672807047
 0.0116928017133227
 0.0119801652952994
 0.01462427490623589
 0.01077734052002845
 0.01105479722594552
 0.01124267590218652
 0.01048912350157736
 0.01255479786204837
 0.01018232150890393
 0.01128595606870266
 0.01036118590943219
 0.01256884370942782
 0.01196640606596636
 0.0117630636143441
 0.01141536785571771
 0.01128944779244337
 0.01162326768230731
 0.01098564481131416
 0.01196959035780278
 0.01085424484183064
 0.01193844768553641
 0.01081573776948191
 0.01264615034905112
 0.01205729638891328
 0.01237585890637817
 0.01102537283679959
 0.01011622651546525
 0.01126669074455434
 0.00950123982364905
 0.008628929162693259
 0.01584757289778005
 0.01363857387023167
 0.01561238184082894
 0.01053225698533639
 0.009680812798018971
 0.009570656524734765
 0.00937399248107643
 0.008934052763929976
 0.007034365757955316
 0.00838840888096572
 0.007938395515691853
 0.007166164381999084
 0.006974979500818592
 0.006675932933877168
 0.008282238805711323
 0.008073314758125992
 0.006461664484402553
 0.007704230999415104
 0.007368128916538132
 0.006536010717214293
 0.006227710320326926
 0.007049393331241865
 0.006634513271682187
 0.006506779417447759
 0.006669692072566468
 0.007518176619253551
 0.007756550903640642
 0.0085600484194337
 0.007289744029011045
 0.008286056994469347
 0.008078906852124186
 0.007810344881304937
 0.007377931675521632
 0.007361922426559236
 0.006916583143499922
 0.007409043971771579
 0.008693410876892026
 0.007076453594937732
 0.007685643761278703
 0.007860722080935578
 0.007353095477794126
 0.008245826223881036
 0.007761156233595842
 0.008095094440068062
 0.008739750945381587
 0.008719931367210058
 0.008607734648425449
 0.009386231311993232
 0.006333459307675441
 0.008404088954063365
 0.008165742877042841
 0.008475817842706427
 0.007101230954171383
 0.006590223111336601
 0.006591544281464117
 0.007564454490016867
 0.006602289525815579
 0.006469816497109501
 0.007112489871424465
 0.006535106621324116
 0.006325737151649921
 0.006028671722368052
 0.006777463195482133
 0.006436390426611862
 0.00602379948383933
 0.006813574534533054
 0.006998960927847856
 0.006575161527519565
 0.006475763705407405
 0.007069234533933807
 0.006821962310069376
 0.006327074484838333
 0.00653363933628164
 0.006941143081258365
 0.008224596636060033
 0.007781178470739822
 0.008269266285538368
 0.00744481731397313
 0.005901536392172288
 0.007048048619277888
 0.006292718959034494
 0.005998475906483712
 0.007714858400497959
 0.007416261411781228
 0.006865936550036443
 0.006722511568105174
 0.007785369215873904
 0.006633068899063352
 0.006533371568586781
 0.009777536609112819
 0.01040394567183165
 0.008139522349040021
 0.009455420364915958
 0.009548539993402445
 0.01032884023556058
 0.008527918021320854
 0.01112949269499032
 0.01001541978140724
 0.009272868715631363
 0.008871190678186917
 0.00906105710433811
 0.01013505184212686
 0.0101682696872969
 0.01095409750291884
 0.01134102789750267
 0.01199521411712061
 0.01163816844597718
 0.011710093358815
 0.01199598892027054
 0.0123698947165284
 0.0131740894451795
 0.01145567631074208
 0.01265860468765471
 0.01243681523746793
 0.01365691052140054
 0.01371994480586832
 0.01367212441582991
 0.01374391903604357
 0.01202452518326648
 0.01254892873271714
 0.01160556123583387
 0.01087484392142352
 0.01093159938664485
 0.01028916164745113
 0.01096835575383009
 0.01024988458355902
 0.009294350195804007
 0.009869519747118038
 0.0105367297343412
 0.01163342721673208
 0.01202936873899586
 0.01084540532426977
 0.01158583962781411
 0.01121672197307177
 0.01198729351979374
 0.01210155210176909
 0.01262226047684779
 0.01183045168590879
 0.01326454416856123
 0.01377894284112922
 0.01380619470900394
 0.01401356135581997
 0.01384926442867882
 0.01460132521075376
 0.0141342123655065
 0.01342203184735252
 0.01280621861568978
 0.01285845196085219
 0.01237935261292334
 0.012963038600957
 0.01164869960094972
 0.01182613411810387
 0.01182451339935041
 0.01238518951545845
 0.01188562479817125
 0.01378144715394521
 0.013801275578493
 0.01328355304299673
 0.0139769520767587
 0.0128910745994849
 0.01376702648609758
 0.01203821782272305
 0.01373013181509652
 0.01282072974739124
 0.01241431284209666
 0.01195318807267382
 0.01086415704656913
 0.01159812197243573
 0.01071758913067631
 0.01473273901760445
 0.01345349692989213
 0.01622942541255515
 0.01717582986932144
 0.01590664172276957
 0.01652253013102972
 0.0148219968817104
 0.0128558241812232
 0.01359574526828066
 0.0137593590051109
 0.01266797671361116
 0.01418438669808857
 0.01356025382806974
 0.01425790645884219
 0.01463734781011519
 0.01381978501000306
 0.01436325909105566
 0.0136853388120339
 0.01600099075891611
 0.01394644914054197
 0.01397395352096884
 0.01382614380981669
 0.01678767884088266
 0.01471342723493773
 0.0155838683513421
 0.01505627042576253
 0.01694207664208414
 0.01786043849462106
 0.01611989676317676
 0.01606818488532479
 0.01680223500172529
 0.01759723697351206
 0.0160435553008015
 0.01790000726849779
 0.01857963468440074
 0.01799496633022264
 0.01685636951424083
 0.01844869943390337
 0.02044802648303558
 0.01822848206033361
 0.01854869403942204
 0.01609430015444215
 0.01865426950738553
 0.01859550276199577
 0.01867118980613293
 0.01791898210549442
 0.01830431397016294
 0.01840578650170496
 0.01767021004104307
 0.01804610933926093
 0.01997494705773017
 0.0172256415462582
 0.01787423503547081
 0.01806503572293603
 0.01990575118581324
 0.01942005498324683
 0.01812959871482378
 0.01902036091838653
 0.01873404706675727
 0.01925069715841594
 0.01877426198297775
 0.019613979522258
 0.02016419185566445
 0.01639593302633501
 0.01865324018218921
 0.01928959884195362
 0.01595154641080297
 0.01855496037110234
 0.018832709177476
 0.01835479945637743
 0.01717298430223595
 0.01804914499768437
 0.01636257554697513
 0.01810778661611177
 0.01677581911337574
 0.01833470888832194
 0.01838916994042665
 0.01562231808916258
 0.01613702326608862
 0.01641541153850694
 0.01872989975320592
 0.01767195457328317
 0.01618918594568904
 0.0173707950950381
 0.0186597534776819
 0.01661139968567572
 0.01588933797389666
 0.01877425744786975
 0.01919828068381535
 0.01629183281264914
 0.01779045386084393
 0.01963907086481368
 0.01776707695093113
 0.01655708922817441
 0.01623248622651451
 0.01979412321708457
 0.01681319472836056
 0.01633057698226141
 0.01895136715755293
 0.0168605158889717
 0.01695743758497749
 0.01591000103491983
 0.01664829569624558
 0.01770161627530786
 0.01641851424767223
 0.01627380792875872
 0.0161832194239553
 0.01845568412752353
 0.01485044884258755
 0.0154832523801557
 0.01785685711714271
 0.01462419962942803
 0.01707179984510134
 0.01517873977310949
 0.01634480796756089
 0.01514919054253537
 0.01581985312443951
