# Created by Octave 4.0.0, Sat Feb 26 14:23:01 2022 EET <li9i@spell>
# name: mean_trajectory_errors_amcl_i
# type: matrix
# rows: 364
# columns: 1
 0.1146849172551211
 0.3521292125012924
 0.01726676396770654
 0.1583825501453358
 0.5036250444884627
 0.1110923397085791
 0.0925049029932995
 0.07281290731518197
 0.1075012757182087
 0.1199239767141128
 0.09609422710563079
 0.08331676478277311
 0.07994328354353894
 0.1047341230425363
 0.1873473669006768
 0.1088775126253883
 0.1082802137188387
 0.1235042463266963
 0.1241442708573743
 0.1094366552557948
 0.1076028573055293
 0.1047336000403093
 0.0981260612361972
 0.1063303512004369
 0.1293284851982042
 0.1226518816005679
 0.1023557306567462
 0.09642756675937247
 0.09623513768731806
 0.117487420801815
 0.1156442559677743
 0.1041460032259613
 0.09389697578496432
 0.1079502147127924
 0.1470712818448054
 0.1311017645763081
 0.1277086254193139
 0.1186378083820551
 0.1030176832689946
 0.142456324410672
 0.1257030080791466
 0.1085219473510687
 0.1015650298517657
 0.1108435430682057
 0.123555051117793
 0.1162276387552402
 0.1034917386466172
 0.1135061432069605
 0.1088128651881081
 0.1065926635434954
 0.1133897460553076
 0.1060896612814219
 0.104982003718716
 0.09368851434237896
 0.106033431129116
 0.1153349821242599
 0.1022398365531518
 0.1066222317961765
 0.107098519727622
 0.1203714738355371
 0.1144515866745888
 0.1080899528672432
 0.1004156610007052
 0.09410909691730657
 0.1105133988414728
 0.1002967567155227
 0.09832235343814576
 0.09906007786043639
 0.1050825474844095
 0.1124134919543436
 0.09333297688941733
 0.09270467289941881
 0.09409062758340669
 0.085263510225845
 0.1187893910914723
 0.1021069328810072
 0.1045416749371407
 0.09858812115675505
 0.09606353038255862
 0.1293432546260267
 0.1035939025863011
 0.08948587389981949
 0.09665257313238212
 0.1208580325484182
 0.118886515501764
 0.1078099351804815
 0.1019487242141078
 0.09482259983332531
 0.1023497651173294
 0.1072245402899841
 0.100979157911416
 0.1018487210598142
 0.0976220881846882
 0.09133962328399647
 0.1007181721227517
 0.1107801671142755
 0.09976060113756513
 0.09400841453235001
 0.09633454329415811
 0.1144575366555174
 0.1134504273879658
 0.09691778984357211
 0.07843868568691204
 0.09269356624161675
 0.1232781554048263
 0.09840185214912428
 0.09827497877937713
 0.1035700058605815
 0.1012643699349242
 0.1174884399444701
 0.08557188476189939
 0.08189483416853406
 0.09073917284779391
 0.07913546079771264
 0.09458359295091126
 0.09203772071728505
 0.09586136823647305
 0.08665392748547748
 0.08460272717204431
 0.1013212848952615
 0.1055504961254889
 0.08525341328861849
 0.08440066751875494
 0.1072354577219572
 0.09559991300769533
 0.0964678579190181
 0.0767771236332056
 0.09667101675676716
 0.08872231256681821
 0.1072027915278488
 0.09124163057447163
 0.08706570262812049
 0.08566091979366386
 0.08542860678269557
 0.1040202993670306
 0.0974063682773684
 0.08100549324194546
 0.08894551780713406
 0.08360848099227057
 0.08840729191514238
 0.09206041891829743
 0.08468397129789781
 0.08690709799942946
 0.09646077619897686
 0.1052943295551743
 0.08927672966614292
 0.09878233094051524
 0.08918912477087096
 0.07699023833021058
 0.108970308779485
 0.08940383715940697
 0.09285082696540684
 0.1139032744320728
 0.1014851785945468
 0.1112350081148594
 0.101930995588514
 0.09407744853697804
 0.0882364517148197
 0.09320761403916714
 0.1085754157969839
 0.105626029658601
 0.09955808259248497
 0.07685068776172599
 0.09379518394792388
 0.09125315740227473
 0.08587070617106295
 0.08215792661705028
 0.07524621901322925
 0.07843871143119661
 0.08048894307499979
 0.07768608557335654
 0.08340039748741759
 0.08097323324707717
 0.08410341123754657
 0.1031856715548652
 0.09735404650018897
 0.0785233404894892
 0.08073747549770786
 0.08163396593634607
 0.09661252643468814
 0.09583623890193863
 0.0927475774561929
 0.09054878178027589
 0.09273586980557624
 0.1019880727400077
 0.0733126841720112
 0.09399589324363382
 0.0818189616685215
 0.08255780178578079
 0.116056809090267
 0.08888441252975089
 0.08990608489829305
 0.08029435316797323
 0.08923653272991522
 0.1139825683412208
 0.08791641638269006
 0.08894639598722666
 0.08685696811133684
 0.08438206914509164
 0.1139070153130558
 0.08755158422617765
 0.08300013181059766
 0.0932298543323648
 0.08380515460510601
 0.09813344921694389
 0.08642125875154162
 0.0738645977469139
 0.09152543646019984
 0.09184041720032597
 0.1044676049447915
 0.08426829216916462
 0.07698181833744067
 0.08911062442324177
 0.08367796402871151
 0.09154765080867858
 0.08986700313098057
 0.07186960277768022
 0.07745072433784286
 0.1028137920070694
 0.08335522496615205
 0.1077704692327266
 0.09392892342537773
 0.1070236852884748
 0.08553623525247919
 0.1089176594571831
 0.1019363183023646
 0.08899695773772535
 0.08782725543353566
 0.09350337311965312
 0.1011826355155126
 0.08919077549129487
 0.08787847584720009
 0.07831890730514895
 0.08714693703275349
 0.1045270352429206
 0.08850675543093756
 0.08345368310380963
 0.08719269410216524
 0.08682269928669656
 0.1147260060829654
 0.09433155693419806
 0.09731221827454484
 0.08733135493543567
 0.07927566609065592
 0.1028253418645518
 0.08999341222713689
 0.09131517688192869
 0.09212902594447975
 0.0870434178107167
 0.08989964269939778
 0.09386235814974198
 0.0957113208693426
 0.08779448316870622
 0.09021748475121372
 0.1012795097987823
 0.09472448026735442
 0.0859902631628065
 0.08882408355055471
 0.08937377100067562
 0.09373295032642759
 0.09340313737821138
 0.08776905589779355
 0.07902116244695628
 0.08933232209058828
 0.1016438666615899
 0.0928485479463132
 0.08884582063867351
 0.08716561759404956
 0.09022053396488047
 0.09843050270160843
 0.09898208012055326
 0.08516657634259327
 0.08672293859350733
 0.105712455210464
 0.106912055879028
 0.09522805178584733
 0.07965748340387886
 0.09310931101911847
 0.0942885582598323
 0.1045213564408446
 0.1081216972264763
 0.1062858863019399
 0.08880214907834774
 0.104641609284398
 0.1090134504099893
 0.08383659826702816
 0.09386151122247774
 0.09133784487526928
 0.09146089984305932
 0.1057149627759757
 0.09327252143745635
 0.1023978939825587
 0.09906678378260304
 0.09528245837408802
 0.1159074969622275
 0.1112350205568542
 0.09154575687932676
 0.1018952301001072
 0.09504453557375037
 0.1151529222540407
 0.1221436098191543
 0.1048926805877236
 0.09483138562759935
 0.1024090616395598
 0.09940995700738525
 0.09141164343899086
 0.09462959649685292
 0.09898237511881919
 0.0884549455980472
 0.1070233196871141
 0.08108024038735101
 0.09768919975972158
 0.08831864936622219
 0.08852888147564084
 0.09623616566288938
 0.09368861892653818
 0.09087528829033026
 0.08041636608635772
 0.09307093066960465
 0.09934233547035923
 0.09712269804665111
 0.08612588445074421
 0.08635543190338207
 0.1049325557722662
 0.1064700110482011
 0.1054158039522496
 0.08708590166138838
 0.1002590128984155
 0.09092201126595068
 0.1026032869844017
 0.1002747450636283
 0.08932356719716283
 0.0965718803852684
 0.09189482379569383
 0.1150268361270656
 0.0930930625687225
 0.1032831959294793
 0.1057132154910412
 0.09633562844479848
 0.1197968922554612
 0.1064206948629859
 0.1122794547649397
 0.09636405796059208
 0.1097338010795288
 0.1232194804375808
 0.1133258150370071
 0.1023683882507723
 0.1016021447134034
 0.1052943830811977
 0.1068011451166541
 0.1170989904862678
 0.1317761705994183
 0.1229978796566833
 0.1233269982396837
 0.161996182472374
 0.1362991224101816
 0.1407839339391109
 0.1544643834253205
 0.1286413109920898
 0.147120384714869
 0.111696313234331
 0.1076333425022402
 0.1048183506216133
 0.1037763539360457


