# Created by Octave 4.0.0, Sat Feb 26 14:22:25 2022 EET <li9i@spell>
# name: mean_trajectory_errors_amcl_i
# type: matrix
# rows: 370
# columns: 1
 0.06019770178603722
 0.2796307976818534
 0.1844752160120306
 0.2048090691276412
 0.1081431305737427
 0.06054116312577568
 0.0750749618044507
 0.0700035151267217
 0.07557557382964146
 0.09515128789832974
 0.06113205511391993
 0.05614728943983006
 0.05741227977526349
 0.06047532498745665
 0.08277586990676525
 0.0743910841951554
 0.08358013468929554
 0.07629668928369125
 0.08639060345988125
 0.06575559096410935
 0.07011252561651929
 0.06021516899598198
 0.05374867504901802
 0.06637474230509473
 0.0618222990652551
 0.06585582463149918
 0.06352248230868032
 0.06133619391134119
 0.07442843484710304
 0.06690411255784787
 0.07331880173197412
 0.07246841152144376
 0.07498008292519817
 0.06454119827869519
 0.06608648737354442
 0.07839125239417169
 0.07958475696345224
 0.08904408737136661
 0.07435640284464806
 0.07473028277012447
 0.07004083991206128
 0.07085518301160958
 0.07781128986805291
 0.08133978225968216
 0.06794094317368632
 0.06734453026845832
 0.07153376056483987
 0.06305040585978058
 0.07818238409373884
 0.06712614889311361
 0.0578409917191487
 0.06713762704138182
 0.06852582767996768
 0.06266065104558961
 0.0588357265212195
 0.06151456495338151
 0.06499142069473758
 0.06194320126118795
 0.07418211319971027
 0.06821400804673583
 0.06153432173313492
 0.06283528724476545
 0.06288254736272
 0.06376186702944892
 0.05769343135446166
 0.06591724248974593
 0.05711035185995868
 0.06089769261737858
 0.06786341513405109
 0.05443685828873919
 0.05330003836898069
 0.0668891946886591
 0.06661529839582314
 0.06904673557684102
 0.06313396850595718
 0.06484277430916971
 0.06279902667663637
 0.06666136180186236
 0.06350915254599554
 0.06038060556641165
 0.06574748338650628
 0.0677903805383533
 0.07023301432394115
 0.0547031115590794
 0.06379992947993951
 0.05930415719371426
 0.06626116398778167
 0.06991580700713987
 0.07174194077818657
 0.07889934821933227
 0.06250368709662397
 0.07739166974268261
 0.07137697499540158
 0.06173592248744213
 0.07096849118793902
 0.06253833995537442
 0.06132267037219948
 0.06704229259469659
 0.06340159081593998
 0.07079944675406184
 0.07593046545149124
 0.05746001663899833
 0.05743650382987302
 0.06022638511534294
 0.05871654016114166
 0.06400624526673454
 0.05887312256348426
 0.06093392450026776
 0.0597873758519752
 0.05987834597784308
 0.06435004173796229
 0.0675353760657572
 0.05000486215409761
 0.06000469983187975
 0.0605460980043168
 0.06143671291561361
 0.0666394945158351
 0.05876784375692119
 0.05339456741964467
 0.05032613558621585
 0.05399349292087906
 0.05652735378369371
 0.05855780083196312
 0.06137792260548292
 0.06126889208617081
 0.06185941036432002
 0.06566952144373997
 0.06075059490563586
 0.0650333467897542
 0.05886162367111643
 0.05951625177455737
 0.05528807244406293
 0.06124718787107652
 0.05858906397513494
 0.0592598482496404
 0.06500712381727707
 0.05518184860538893
 0.05849875193246536
 0.06102303889650831
 0.05861058817412486
 0.06147298860805885
 0.05597106867928953
 0.05866918320402658
 0.0528089883506784
 0.07095652079486059
 0.06057072028960354
 0.06584021395193733
 0.06122895735377266
 0.06377010880646408
 0.06412009710203348
 0.06289862138543396
 0.06573999228225205
 0.05783040325865352
 0.06700613537309616
 0.06089895970366211
 0.06353118434710098
 0.05717664038795021
 0.05854197732428323
 0.06091901084650682
 0.06014504292591873
 0.06268502451111113
 0.05912506964376688
 0.05922795599862819
 0.07054020228753004
 0.0627773492697469
 0.05385509611872387
 0.06170439031039379
 0.05857240554154109
 0.06095721400899554
 0.0558490897072695
 0.05645372404731658
 0.06422575491831153
 0.06103016091647863
 0.06152509314696522
 0.06396640799958336
 0.05820699753173035
 0.05882167334118546
 0.05751473658363473
 0.05556052213763603
 0.0597624840299341
 0.05609234951165977
 0.05917576804750228
 0.0630738470880029
 0.05475944420879017
 0.05601115041734678
 0.0583194709268756
 0.0509179137230933
 0.05425506584221136
 0.06542006995299814
 0.06361785766757323
 0.05820610714573667
 0.05831526874288513
 0.06049253728977544
 0.05415211166271389
 0.05015718434485096
 0.05453184656002677
 0.05622237443116931
 0.05386538713729318
 0.0612595809168469
 0.05633684298606991
 0.06189012824013067
 0.05443833763066078
 0.06286336212348501
 0.06189852932782908
 0.0557824274217923
 0.06130285099406394
 0.05456066874709066
 0.04937878617488622
 0.05536837206139239
 0.05553263917300806
 0.05787793172566303
 0.06057606279204111
 0.07493249635093616
 0.06621203949271762
 0.07013701600802053
 0.05547061351649884
 0.06317040378042492
 0.06337327957006053
 0.0565327166052159
 0.06842684666188376
 0.06362775596612123
 0.05843004468648941
 0.06561167419922306
 0.0609446575652129
 0.06283855033727846
 0.06284162477435007
 0.06352442866703252
 0.06369162309200443
 0.06375634906535491
 0.06604643939886445
 0.05686528659929965
 0.0605426374870467
 0.06263192003896302
 0.07119132550244381
 0.06170012264430776
 0.05697508648750167
 0.06182271643151484
 0.06539675991941266
 0.06086879819225052
 0.06904811574818787
 0.06592749121057651
 0.06481274762907914
 0.06243440020249623
 0.06247391708480225
 0.05655664589101781
 0.06361088635165708
 0.06627557218368366
 0.0560522843595334
 0.07000739108603565
 0.07570220626709306
 0.06315381865924957
 0.06141316901903947
 0.06364815415681056
 0.06178011004604075
 0.06006929800088069
 0.0703609035663007
 0.0615315095705756
 0.06803856950805484
 0.06872495871253012
 0.06501639185496988
 0.06611868466199547
 0.06536831371163535
 0.06683906191268632
 0.06387381631402891
 0.07120776630852943
 0.07052016009155468
 0.0638886386900836
 0.06207935862362504
 0.06656478237827976
 0.06751938372887467
 0.06426148319550878
 0.0661050255355513
 0.06313091287462344
 0.06304636280361134
 0.06208236334482695
 0.06972907102189732
 0.06364710777814131
 0.06477116189615134
 0.0707916965791375
 0.06492591684414153
 0.06791354805240477
 0.06057866747109729
 0.06102619858877902
 0.06584716331223708
 0.06993875160963822
 0.068201791575208
 0.06756681086497221
 0.07679264592663804
 0.06799353211863694
 0.06490032073692931
 0.06654680764967336
 0.07102555158177293
 0.06926133969340158
 0.06729193451590093
 0.07213779194290641
 0.0720684122974484
 0.0734063081468059
 0.07954725175005367
 0.07374451233430609
 0.06841428734565203
 0.07485353469555792
 0.06691259501115297
 0.07485478825076602
 0.07272242022899267
 0.0673651940732037
 0.07474667128209024
 0.06896928567648908
 0.07167888320484486
 0.06314220840012798
 0.06362700996245188
 0.06390296185117911
 0.06449749859959625
 0.06220640441980489
 0.06059841350607323
 0.06412258915600076
 0.06728814219636267
 0.06481373023433694
 0.06738535503058074
 0.06325188794219014
 0.06766889283542218
 0.06404694875178346
 0.06607634806277843
 0.07210757877466031
 0.06679337536661403
 0.06285872452157795
 0.06602993074021821
 0.06384534773917741
 0.06670479126695258
 0.07389020662122077
 0.07138031094618263
 0.06564365563250782
 0.07035260286629524
 0.07068659266072658
 0.07670378601218064
 0.07986913611625981
 0.0758624812551995
 0.0739794282764393
 0.06959285310551896
 0.07704948536941689
 0.08108253292377372
 0.08803930182323604
 0.07723343877229409
 0.07491932851683486
 0.07865348291107846
 0.07051830365266745
 0.08064593585453908
 0.07226261506253204
 0.07223921976788772
 0.07757354546348987
 0.07909585055053739
 0.08442509939935114
 0.07887758889734882
 0.08814699836027348
 0.09609302135015277
 0.09467132020285088
 0.09769586549878546
 0.0946500481035672
 0.08708813371281507
 0.08447350407848928
 0.08882461735988428
 0.07772272794620722
 0.07055549741619219
 0.08435090616210003
 0.07128599729537022
 0.08473007519681519
 0.08133921306056213
 0.08316969889182824
 0.08281098841383387
 0.07657036988250554
 0.07785596332661532


