# Created by Octave 4.0.0, Sat Feb 26 14:17:00 2022 EET <li9i@spell>
# name: mean_trajectory_errors_amcl_i
# type: matrix
# rows: 2246
# columns: 1
 0.1146798494641059
 0.0827239134807056
 0.04788667684120311
 0.04364388263253632
 0.06538165250656522
 0.0273755880904501
 0.03263852636260181
 0.06253211517680347
 0.007861499256094364
 0.0460641922488159
 0.02100100690496297
 0.050803637702167
 0.01757303384463825
 0.02186852976556859
 0.01535391100301475
 0.02296027049207039
 0.01888494719596256
 0.03796403921128016
 0.01865440444492889
 0.03718179822834602
 0.01091160623334777
 0.01749768397600946
 0.01143184163634989
 0.02026331115010481
 0.01779652572694339
 0.01293943791210879
 0.009269193023768484
 0.008744589923089258
 0.0111724515457002
 0.01298423587249327
 0.008183156482973188
 0.01417509687523073
 0.005421313799687615
 0.008916765533620873
 0.01152596281288601
 0.007028314331880903
 0.008546912592445961
 0.01081619300961103
 0.007382359270759357
 0.01256003599519048
 0.008201728527944759
 0.007081579277098751
 0.01093612053191709
 0.005759129143479427
 0.008426912769963577
 0.007272756254145335
 0.009000683758170541
 0.007571423280173547
 0.005312599036768203
 0.009713031082582251
 0.006326935635784205
 0.006924184151696371
 0.006659038859966881
 0.005418231236458524
 0.007912660284518615
 0.007222339030197549
 0.005934606040089603
 0.006633624985595667
 0.007238305819779413
 0.007313210750267137
 0.005544187257566944
 0.007337904576948617
 0.005533460369569761
 0.005002008229953353
 0.006539694591832998
 0.005616128295560253
 0.006385102265501395
 0.005998827556309509
 0.00472150912316335
 0.004818274994805211
 0.006832631416978111
 0.006009422797078267
 0.006352469007498737
 0.005172393535679613
 0.004908025405938547
 0.005520456834989442
 0.005253244039988809
 0.005229954311429421
 0.005894576335565536
 0.004746938417979305
 0.00384194035289702
 0.004463841531935218
 0.0052236487497191
 0.004086197757881778
 0.004912678523512026
 0.005148365586768741
 0.003484127525441471
 0.005034666472004996
 0.005110717874167974
 0.00497367307814838
 0.005087228526378367
 0.004909007192023774
 0.00505337553076742
 0.004551375358672144
 0.005960406680187627
 0.005823313920181076
 0.005153031811328593
 0.006516464287968145
 0.004789790293035685
 0.004812125834827293
 0.004087436586255152
 0.00430175286035241
 0.004921639870260026
 0.005516946609964981
 0.005196544915889558
 0.00479562833051828
 0.005695439590204017
 0.005405338610089102
 0.004819153537365813
 0.005187792300878807
 0.005478082726118991
 0.005200405120669774
 0.006238896502812824
 0.006043813303037921
 0.007248542485852905
 0.00622090533445927
 0.005849493860998419
 0.004747807859203123
 0.005734293127008783
 0.006851606691401029
 0.004695814819879917
 0.005322348245992838
 0.005249119941254706
 0.005377831776007393
 0.005314977120583451
 0.005197357821322685
 0.004691094975180351
 0.005259819715981078
 0.005251294502322675
 0.005142767481783939
 0.003761754082672082
 0.004164848456940943
 0.004968375191029377
 0.004566863140862571
 0.004799108179674392
 0.004638693161849505
 0.004501182859584249
 0.005828291401772341
 0.005572952145830032
 0.005166402911012257
 0.006590321031797323
 0.006230967720659749
 0.005804807876679911
 0.005912028212000093
 0.006681139853157651
 0.007106454633539878
 0.004885121473143435
 0.005767713603287048
 0.005209077123973277
 0.005025976946300394
 0.005663224403889394
 0.004957401686450337
 0.005253141909219276
 0.005853845239710262
 0.005051995832569739
 0.005362015049225346
 0.005991603573341311
 0.005306152500622372
 0.004519383458921123
 0.006044651611626203
 0.004997298229837919
 0.006802062667212271
 0.00520682338383921
 0.006241403614552563
 0.006674607372214902
 0.006284222322628729
 0.005560134401600656
 0.006310739992900287
 0.006404835475978889
 0.00629605620594547
 0.008617060204883814
 0.007064625142197771
 0.005990754449237457
 0.005390863714939775
 0.005545480693520273
 0.006768415328529729
 0.006811588561422106
 0.007769807176258509
 0.006743951355938206
 0.00789682042523706
 0.00721980456583899
 0.00924000034123751
 0.006882739450004994
 0.005883735493820316
 0.009077730100986612
 0.008355329277548512
 0.008584501124919399
 0.008755778845649008
 0.008776192328382518
 0.009738155386628727
 0.009284458921764278
 0.008926924891054856
 0.009725718903620362
 0.01314942340425372
 0.01221398778278289
 0.01277468400396704
 0.01224476974891961
 0.01108772673813608
 0.01302255877661203
 0.009532222981109475
 0.009220815717816695
 0.01067847634019889
 0.009293911167767285
 0.008719150984528282
 0.008621825047613659
 0.009060924675091665
 0.008264519429013661
 0.008219763515363833
 0.008256510430793557
 0.009102153171048722
 0.009632948740399492
 0.008971036212540272
 0.008747189332053486
 0.009036259030244314
 0.008850568004667644
 0.009384036617548573
 0.009798604075762399
 0.009758240794320229
 0.009787336143691983
 0.009628076057538229
 0.01071540198384741
 0.009617105676506929
 0.01026840044719187
 0.01056757012654956
 0.01067114977154916
 0.01207228998553788
 0.01278640245095728
 0.01359569907739376
 0.01332616154914389
 0.01526935464193661
 0.0141333056246061
 0.01494165997016454
 0.01589144221591268
 0.01575190430867085
 0.01574237306294297
 0.01668018134693599
 0.01577553551877806
 0.01502321997475257
 0.01462491809797343
 0.01383890142450661
 0.01473430131320858
 0.01364745971193644
 0.01206242680260857
 0.01124760844228354
 0.01162718701257266
 0.0107657405404943
 0.0114782538294034
 0.01035859914357555
 0.01007451634319895
 0.01027599863599408
 0.01047358909476695
 0.0112312014938846
 0.01075731730859667
 0.01033616978804003
 0.01129837381736367
 0.01132090706655902
 0.01044600732611015
 0.01130018608460616
 0.01031461156609772
 0.01028673635464569
 0.01060685077060784
 0.01104682297961627
 0.01068032800950709
 0.01039612101217648
 0.01113621769061628
 0.01049754779054615
 0.01016455494944644
 0.01100239447244626
 0.01085867203244072
 0.01125221479756613
 0.01117246536452106
 0.01113476258949525
 0.0120509256458969
 0.01156374890659413
 0.01154599840935345
 0.01118180807302446
 0.01125089025235379
 0.0113153387435428
 0.01192317154726437
 0.01203441611731126
 0.01188529616419094
 0.01258764911893673
 0.01300841340817748
 0.01264545876922914
 0.01313254239226707
 0.01386923402676279
 0.01333632854201229
 0.01429445137053864
 0.01482709920769503
 0.01488998113696466
 0.01429378699479441
 0.01490303003831182
 0.01466554629371061
 0.01491583010151666
 0.01420931013087824
 0.01399385998913511
 0.01296086699280831
 0.01231686445257517
 0.01258038977935312
 0.01180803546085775
 0.01211342076268714
 0.01150715766945596
 0.01189425406737151
 0.01173537152471826
 0.01250148216297105
 0.01229691794967311
 0.0124309494162891
 0.01211109945369107
 0.01217676287964346
 0.01242064855424872
 0.01231520934345816
 0.01155193835879507
 0.0122740959574758
 0.01172522473109864
 0.01244001815983219
 0.01236067399035385
 0.01267945052181668
 0.01246472198979333
 0.01213060875049184
 0.01206936375762833
 0.01184138458149052
 0.01268017811594578
 0.01233592791905088
 0.01260280886639489
 0.01270107685577392
 0.01264182326239793
 0.01235348992461058
 0.01252119409087388
 0.01288980917278651
 0.01313327380635669
 0.01331373507571803
 0.0127276080458309
 0.01327306009591131
 0.01398416557449704
 0.01270422824464461
 0.01222305548063617
 0.01280001959984889
 0.01218212679394541
 0.01198741301858539
 0.01280902857407001
 0.01214898093770588
 0.01262708874678368
 0.01249945625375865
 0.01183000206405612
 0.01223451165293392
 0.01242390179839999
 0.01200014519710029
 0.01174866877370103
 0.0119455860940849
 0.01246507586818062
 0.01318212257718644
 0.01331073231382963
 0.01242355709466589
 0.01292655828677937
 0.01240205666411122
 0.01329018978165537
 0.01222235554816022
 0.01278569632685913
 0.01248159904299596
 0.01254551254936598
 0.01278047700979122
 0.01304723153376808
 0.0118453279600084
 0.01256560736718666
 0.01239885410604969
 0.01274646502307702
