# Created by Octave 4.0.0, Sat Feb 26 14:22:42 2022 EET <li9i@spell>
# name: mean_trajectory_errors_dft_i
# type: matrix
# rows: 358
# columns: 1
 0.005697054415900966
 0.03687153878544476
 0.0137914153782581
 0.01088956722138398
 0.01061310759969938
 0.005741012244099696
 0.005501269224872958
 0.008737152563696771
 0.009769139828038578
 0.01271017263219046
 0.01624865177604317
 0.01493059798784922
 0.0148999010889565
 0.01418113878136057
 0.01134053898362304
 0.01063355082134063
 0.01073684953465541
 0.009070635396519668
 0.009180734753070404
 0.008928254484552593
 0.009817439990460204
 0.01333824132313544
 0.008582472240964353
 0.01042942575247476
 0.006916846718699721
 0.007444164421979281
 0.006785689752682957
 0.006707917573901918
 0.01141289547462723
 0.009177512054607694
 0.009065966208841397
 0.011873873649963
 0.01086716991747949
 0.01372883016814318
 0.01317151484989907
 0.01259287672120203
 0.01331641385020421
 0.01549244079131948
 0.01603350690782018
 0.01586692209082428
 0.01508304519855314
 0.01389863396684143
 0.01634594508109363
 0.01644184099117035
 0.01761774726073963
 0.01692954560809852
 0.01863581258436228
 0.01915515601496919
 0.02119197031513977
 0.02167971418343421
 0.0175828617123587
 0.01764525281549218
 0.02068111648105465
 0.01997076376159041
 0.01960927932002995
 0.02024447846372416
 0.02078546186878158
 0.02062946196949248
 0.02036010902313117
 0.01987022326573957
 0.01803747257371564
 0.01647433556660281
 0.01720463763321511
 0.01691849098642649
 0.01654214486679633
 0.01519487244193314
 0.01326235525689758
 0.01335881410384781
 0.01410478283532811
 0.01641765009824271
 0.01689262192842825
 0.01416798108530001
 0.01278476199290244
 0.01134873098251848
 0.01149321241985478
 0.01010144555168211
 0.008584671098810209
 0.008542870139728834
 0.008739632220965073
 0.008636767508188543
 0.009722488327969146
 0.01022193951433151
 0.01044762047356741
 0.010077209039516
 0.0116547511911143
 0.01114897816358409
 0.01059359235179439
 0.0104048701345631
 0.01029858222155829
 0.01090807867921991
 0.008793202093516791
 0.009737947215969342
 0.009045660587446908
 0.009219890556216824
 0.009097780172229106
 0.01043671379579301
 0.01242079506760442
 0.05091958519001208
 0.06494346115940809
 0.01309037573970848
 0.009205155236356052
 0.009267120935672652
 0.009086683338160656
 0.008168405184522127
 0.008141591910503003
 0.009176356613355165
 0.009978341450237561
 0.009476191337243449
 0.009803259806804328
 0.009504106305770837
 0.01110207538658705
 0.01068603604589516
 0.01010427149670884
 0.01021117848255158
 0.01021796569431425
 0.01041601364524422
 0.01108318102333034
 0.01137277393869083
 0.01180397712182417
 0.01187773630212074
 0.01205192531453275
 0.01265981987487168
 0.01329963770280654
 0.01374097725982192
 0.01332459372483064
 0.01424554249159502
 0.01440217073523258
 0.01492228376872014
 0.01468049339391337
 0.01558255065245813
 0.01620276340766614
 0.01656846056981582
 0.016708734267666
 0.01637106410783094
 0.01660861464434565
 0.01720836822999135
 0.01713512911929967
 0.01730868043157723
 0.01702036466989873
 0.01767147161854342
 0.01737226157445398
 0.01744490369766697
 0.01782708641173368
 0.01769231358069526
 0.01776901709244531
 0.01823500882002628
 0.01949090555503854
 0.01877841487468307
 0.01937719229628073
 0.01980470942192165
 0.01944778952296659
 0.0200704740888129
 0.02075399180253341
 0.02167455398375111
 0.021283513124736
 0.02103330797869984
 0.02105326391479889
 0.02261885978786516
 0.01996649867826508
 0.01993758495993311
 0.02025422065306434
 0.02038963653040864
 0.02020174880795647
 0.02000645994743205
 0.02009618713436273
 0.02021279406992048
 0.02007163450503458
 0.0202117770113857
 0.02020200687269088
 0.01982865800482859
 0.02024545984374753
 0.02073879717494344
 0.02013306653468365
 0.02033147012295181
 0.01988057727063487
 0.01996129915104551
 0.0212068960274523
 0.02126552446756708
 0.02010629888663681
 0.02043349751147648
 0.01994529255307462
 0.0204867838489623
 0.01949042520592967
 0.01972825912693748
 0.01889324565733815
 0.01862458939686758
 0.01886659290621631
 0.01828954661045561
 0.01863869829010926
 0.01769608850302332
 0.01818543942467885
 0.0178213445248028
 0.01734613645949224
 0.01710956889487973
 0.01630281264796717
 0.01698809702753939
 0.0172880741717378
 0.01691653000732338
 0.01754296391121585
 0.01667688805099758
 0.01692197922010466
 0.01782029573173419
 0.01857164506536489
 0.01919578665485252
 0.020087237158635
 0.02095423289086743
 0.02112012450340588
 0.02124654063967753
 0.02153051007684822
 0.0216676194312891
 0.02320415700492905
 0.02359972763386252
 0.02410676110846973
 0.02463294942876703
 0.02493228304474152
 0.02649699839774378
 0.02709941241107797
 0.02762264210432499
 0.02775499009539886
 0.02819197672327471
 0.02983040450496097
 0.03190498748012875
 0.03122296968966143
 0.03075922699680882
 0.03039188571805247
 0.03071546527008176
 0.03117557820518972
 0.03141645995748286
 0.03120892901561667
 0.03138354791306013
 0.03128383041573603
 0.03169099125917436
 0.03184191190817563
 0.03179895048480093
 0.03176968175497669
 0.03249489018027975
 0.03296000553455741
 0.0324335760189251
 0.03251159649796535
 0.03289262762561213
 0.03327682738107686
 0.03297847567439474
 0.03275419517411704
 0.03289432265390003
 0.03260798218704571
 0.03313222217331954
 0.03325392628016451
 0.03392237889588735
 0.0338424711467181
 0.0337350192370984
 0.03411210151980096
 0.03412414356889482
 0.03458029027802868
 0.03420939531077212
 0.0344151396253293
 0.03457619291942987
 0.03463762913466975
 0.03488058240360461
 0.0352821176539941
 0.03557376909273741
 0.03597840380073832
 0.03617835159238533
 0.03599186462885991
 0.03616589200020334
 0.03658446138468516
 0.03664696069352508
 0.0367766803031908
 0.03704692784922802
 0.03686047516567929
 0.03730394437501452
 0.03748253637948566
 0.0376967096979374
 0.03794892855512311
 0.0380793653666445
 0.03816853038232677
 0.03896704954043395
 0.0391309292993501
 0.03956886468643626
 0.0399206654492001
 0.04057753610705288
 0.04069492136830324
 0.04091751167946091
 0.04170695592369802
 0.04127760189250076
 0.04163590000525812
 0.04200769365644775
 0.04177729011413168
 0.04168213056467872
 0.04137505131755195
 0.04148411458272863
 0.04181645626669939
 0.04107648339104424
 0.04022303933611841
 0.03946685356986127
 0.04108129061570588
 0.0396641935016994
 0.0378092637120894
 0.03719744086744209
 0.03592295144491703
 0.03574916189350694
 0.035871605675526
 0.03632618826305038
 0.0358208126920938
 0.03666845818519469
 0.03627709667587738
 0.03699880539503061
 0.03586159804018229
 0.03585392804258176
 0.03579812342524259
 0.03587587937969254
 0.03594982588869644
 0.03583205021096963
 0.03551700776495748
 0.03658770708965679
 0.03600684335623927
 0.03631514738169754
 0.03645205742449005
 0.03728011011340679
 0.03729284479674253
 0.03791995137842094
 0.03788584482478526
 0.03825080637388782
 0.03886164747753483
 0.03929050174037378
 0.03964491657705969
 0.03961993614961404
 0.04018837117797411
 0.04023883569900116
 0.04091771790650281
 0.04137027296389621
 0.04155990251465104
 0.04223169465819576
 0.04278459991168752
 0.04275344124387073
 0.0433822908856612
 0.04388970690362806
 0.04376596854003257
 0.04535861415528689
 0.0482478310216802
 0.04655071515908196
 0.04545006884370063
 0.04480780627692452
 0.04498293322974335
 0.04530393735658596
 0.04562220141009836
 0.04622337349597833
 0.04586467476889616
 0.04671357370702123
 0.04704890533304414
 0.0482875791087753
 0.04974947655738585
 0.05006533723406308
 0.05040884783033599
 0.05056505216043372
 0.05225923263483145
 0.05357428146689514
 0.05385625933113898
 0.05464813591147789


