# Created by Octave 4.0.0, Sat Feb 26 14:15:13 2022 EET <li9i@spell>
# name: mean_trajectory_errors_dft_i
# type: matrix
# rows: 2283
# columns: 1
 0.01048754058269663
 0.0108787490522383
 0.009127327382603835
 0.008678469975249918
 0.01061210974832899
 0.009589815149333859
 0.009262206528917349
 0.009159844289536909
 0.009689719860239553
 0.0104768113184777
 0.01031142191994145
 0.01015324903160053
 0.01109632219619388
 0.01219415007000064
 0.01102654031655981
 0.01058686231299911
 0.01238147998074561
 0.01153072056846653
 0.011492826194443
 0.0125957854422027
 0.01220128839946102
 0.01176016649471247
 0.01212610412047709
 0.01294915085897728
 0.01236734955623525
 0.01163557918251288
 0.0125541113969577
 0.01246878205332515
 0.01180792262263844
 0.01172120105956827
 0.01257400698232734
 0.0124426948448687
 0.01154909597497866
 0.01328315280387327
 0.01241522659461963
 0.01271184949072502
 0.01255137545975697
 0.01102751784901673
 0.009238011769872793
 0.01438088895505303
 0.01211254905211124
 0.009461493779534522
 0.01167027130468224
 0.01378965169697536
 0.009813065035308655
 0.01139272386029316
 0.01057294988093432
 0.009903325045378098
 0.01083872788847521
 0.01281969521271527
 0.01315035523369961
 0.01144649691514589
 0.01462124518357063
 0.01213540975693634
 0.01258655596096783
 0.01364156323474668
 0.01417118103252619
 0.01271407865817654
 0.01281531173456704
 0.01354815773924969
 0.01479322056939145
 0.01279662959141701
 0.01254019913937291
 0.0134959645987469
 0.01327216598289514
 0.01081103287132803
 0.0120063305439261
 0.0119111260281953
 0.01097744532115429
 0.0143301710331691
 0.01193652887286337
 0.01349551926478685
 0.01263856488446149
 0.01214043433101808
 0.01144633209891501
 0.01131722849446488
 0.0107670454518061
 0.011355836028129
 0.01018418891317651
 0.01392763971460737
 0.01144425680642832
 0.009634321091491795
 0.009630341346516202
 0.01192583487000784
 0.009529635613968029
 0.009973177482712117
 0.009318415147223261
 0.01136626023125391
 0.01440498167106277
 0.007091931046816325
 0.008187379702177207
 0.0105695236934695
 0.00842429725949433
 0.009316426352478951
 0.009218284480675793
 0.008631934835331414
 0.008655278590648494
 0.006214433556634547
 0.008000034449049486
 0.007031426090552375
 0.006987045983506775
 0.007804279446385805
 0.007743337065231422
 0.007205635779574966
 0.006238734603985737
 0.007063679562049419
 0.006713539839844027
 0.007247816001043825
 0.007166869367747523
 0.006947963922096637
 0.007759429214425293
 0.008389902819041284
 0.00818881519485265
 0.008283027566465921
 0.008922787231945761
 0.008604383733777669
 0.008195019994034996
 0.007937813249649931
 0.008850058710661093
 0.009050021073121164
 0.008708393776007088
 0.008998284011856272
 0.008283066389531572
 0.009461394175135369
 0.008601702763473794
 0.007645816765758828
 0.01029620317349135
 0.009192047257169581
 0.009015933851000395
 0.008723438685384466
 0.008375201026244269
 0.009371560628117868
 0.009079346929923343
 0.009457700389270539
 0.008450263079356422
 0.008140589815769334
 0.007428353174197442
 0.008522830963559717
 0.008546225533564504
 0.008434680129747062
 0.007490768782989064
 0.007739433104040464
 0.007029813351414747
 0.006411248343867295
 0.00686511694319606
 0.00635315821125221
 0.006641953859494953
 0.007154782936998489
 0.00725440311849216
 0.007048661094468623
 0.006703815644236867
 0.006980606694783179
 0.007040916900262342
 0.007296227484943162
 0.007132535276714293
 0.00709039001424811
 0.006450399575061262
 0.007625603547404354
 0.007370041824735845
 0.00801901119577117
 0.008772312438714427
 0.007636951972864788
 0.0079203467230949
 0.007612477393655072
 0.006462786335603462
 0.006340133547086405
 0.007327955126778732
 0.007753414147379678
 0.00656026734982477
 0.006746715048626411
 0.006268560724434214
 0.007346609360883114
 0.008376316464216025
 0.008187305620758097
 0.008340618967713639
 0.009416050149063562
 0.01004688235689798
 0.0107076020356703
 0.01042827223872613
 0.009949794096859761
 0.009540763949060522
 0.008949595247480065
 0.009224030080419542
 0.01100407221505513
 0.008791214676640678
 0.00967543853266062
 0.01072186915792585
 0.01123001579937994
 0.01116542672175348
 0.01033739445774398
 0.01167623906569492
 0.01319976906164329
 0.01231083956646299
 0.01261794641037586
 0.01305116758112872
 0.01356068790667462
 0.01186544165638902
 0.01305519383889027
 0.01349599338916671
 0.0129501480198594
 0.01374581234018125
 0.01432898979427626
 0.01250050667934561
 0.0124292924857797
 0.01230696082578493
 0.0106251293321259
 0.01083152080072454
 0.0108162613329045
 0.009966069604397717
 0.01012923278718515
 0.01110004026014553
 0.01011564633494154
 0.01021863387463725
 0.01073321118065229
 0.01039585827757749
 0.01061044133973689
 0.01139504884107717
 0.01185138391642505
 0.0113552357458666
 0.01100937704237715
 0.01246196594175953
 0.01243513508422734
 0.01308740364780442
 0.01362693728317809
 0.01360419931460341
 0.01389239181187733
 0.01377552654918409
 0.0128083277878728
 0.01328591058771829
 0.01415000926323902
 0.01298846138004901
 0.01296519743764439
 0.01259002792786531
 0.01193627721108192
 0.01166710335164732
 0.01270109595235774
 0.01162143573970665
 0.01168299490425255
 0.01130374929737715
 0.01333265325387427
 0.01376638093175818
 0.01326732108366962
 0.01315796699462208
 0.01309785283784555
 0.01444150358381091
 0.01233263277443188
 0.01461072689556085
 0.01382692245853651
 0.01236313638400939
 0.01103289817565276
 0.01101391418324156
 0.01152909951788537
 0.01077768597764998
 0.01189535291621807
 0.01208398775643062
 0.01533392815352221
 0.01799561626174406
 0.01520331653248286
 0.01736915128394225
 0.01644276102023141
 0.01520579181064272
 0.01426633357687849
 0.01350793166139159
 0.01198897470373493
 0.0125091698561606
 0.01421613763156386
 0.01386103732087754
 0.01402759701136564
 0.01380591970654579
 0.01460518086890133
 0.01429534678707241
 0.01299151665878911
 0.01402020857755623
 0.013923746102466
 0.01541076143896685
 0.01443717100023103
 0.015093051524992
 0.0151549432095878
 0.01505181858623371
 0.01621673326871436
 0.01685159095578595
 0.01512415178007837
 0.01788364695653137
 0.01677102869814041
 0.01638419568624313
 0.01820936367135923
 0.01746744238782813
 0.01739419342152584
 0.01706867871756905
 0.01800876019452748
 0.0187817786769614
 0.01854799707282829
 0.01749488358183652
 0.01869505046590964
 0.01881218834052773
 0.01891936820432237
 0.02070249680949235
 0.01972791589612053
 0.02015811075063648
 0.01878134315677651
 0.02069005383324593
 0.01976546607336846
 0.02028436638773312
 0.01933613245641262
 0.01875614407562074
 0.01925927776480568
 0.01900580291500482
 0.02013828232543072
 0.01838962767957037
 0.01897664790602197
 0.01913013575094441
 0.01905969437796002
 0.0189629314132207
 0.0201639962031109
 0.01966756276697458
 0.01946475787529318
 0.01881852957661014
 0.01983252638131714
 0.01658015609044176
 0.01816393561939846
 0.01909074299363107
 0.01932988231747087
 0.01924694700333949
 0.01948973789279384
 0.01988118697053046
 0.01872831747282823
 0.01705264995265496
 0.01883863369909838
 0.0191009322565498
 0.01989287754883592
 0.01836203407300988
 0.01816610605965788
 0.01744882237467192
 0.01639375317060723
 0.01943848190581064
 0.01681698400476536
 0.01599112825542045
 0.01768368836124474
 0.01820385675348314
 0.01663144478732125
 0.01681770908076938
 0.0191560986330808
 0.01876355352700727
 0.01627828582489466
 0.01709470828285245
 0.01739371186189861
 0.01769926168180779
 0.01691363707833232
 0.01770679805166713
 0.01828395910823662
 0.01793608724952772
 0.0173979550812355
 0.01784999997990198
 0.01662867282870464
 0.01776164763600421
 0.01665451231072819
 0.01689257042963793
 0.01617345676650792
 0.01609280513521547
 0.01662946373767105
 0.01700193814469488
 0.01609628456971834
 0.01640170465600103
 0.01582528034863816
 0.01737372134521413
 0.01682880250871192
 0.01611714077480202
 0.01577443272858742
 0.01782598221037252
 0.01502799060641022
 0.01678564240680099
