# Created by Octave 4.0.0, Sat Feb 26 14:34:23 2022 EET <li9i@spell>
# name: mean_trajectory_errors_amcl_i
# type: matrix
# rows: 1335
# columns: 1
 0.05047270185762692
 0.005263427224748448
 0.009084346940905017
 0.004873962168613645
 0.01187847697966771
 0.007351749515565124
 0.009823195420316382
 0.01089882050575354
 0.0102677041831123
 0.01012230939685936
 0.01075569177162721
 0.01150925301155095
 0.01104512353073036
 0.01191041114210925
 0.01198134759453097
 0.01214544564800368
 0.01068756384647845
 0.01254511293544318
 0.01294754233330965
 0.0122115209695112
 0.01162085136713104
 0.01245648638369425
 0.01109654595922408
 0.009218965561956824
 0.01226395067792396
 0.01120368204066506
 0.0115818721972632
 0.01202007692380618
 0.01229326953901369
 0.01230808254843059
 0.01233048674397371
 0.01216407914687984
 0.01268439667001782
 0.012892227626297
 0.01330865757028494
 0.01351342818148154
 0.01323334717711743
 0.01314367860056565
 0.01187363687502794
 0.0107439589069353
 0.009543586931413859
 0.009281682195005402
 0.009732350384156565
 0.009449743004064738
 0.01013758105921656
 0.009740615163466096
 0.00981275220563196
 0.009965831838683334
 0.01056002879360934
 0.009917168050891885
 0.01038610885731896
 0.01031826055465879
 0.01054083707950366
 0.01040626454310009
 0.01126703195167013
 0.01066421718795593
 0.01078603888852173
 0.01145726956054472
 0.01125465454535705
 0.01158606669891391
 0.01156437341327161
 0.01128217779197369
 0.01153668337776268
 0.01195937031707624
 0.01228117991298244
 0.01205871069503092
 0.01258649389944511
 0.01216478193325818
 0.01235251321634568
 0.01288232555668144
 0.01264147529368475
 0.01252579890811903
 0.01297830978714011
 0.01255611801898469
 0.01253415316515071
 0.0133065183139569
 0.0129415960858824
 0.01242823209998383
 0.01287159097348427
 0.01345555633848375
 0.01287652817959672
 0.01415110964986912
 0.01334175530079073
 0.01367938764171349
 0.01467588094255115
 0.01355138170846173
 0.01371810814348361
 0.01455101769340339
 0.01424641091271262
 0.01363542030474114
 0.01463458682564152
 0.01415018737433274
 0.0138997447502351
 0.01466037157746936
 0.01421330652385148
 0.01433146721001979
 0.01450845377574684
 0.01269126278748029
 0.01403585910878048
 0.01510039960243145
 0.01339280109190175
 0.01442138689585796
 0.0144377638336593
 0.01389835852173895
 0.01434799242394777
 0.01502394058521386
 0.01338238741558311
 0.01287053460613892
 0.01438117168983643
 0.01448190459102671
 0.01241002763768259
 0.01413347277775217
 0.01430843178301317
 0.01159921796482178
 0.0137625526819917
 0.01371537095796774
 0.01307980877421017
 0.01353382659493437
 0.01376935266779861
 0.01355581425071962
 0.0130922285036362
 0.01450146544318879
 0.01380219628345518
 0.01228971571117575
 0.01305744466987428
 0.01394791553758429
 0.01196008361174692
 0.013137249735922
 0.01379917543242198
 0.01196045498046351
 0.01221483114905701
 0.01249494297706152
 0.01352822281671076
 0.01327296489743155
 0.01261755350867558
 0.01241781037856645
 0.01190354296229173
 0.01263050385030654
 0.01369392566067188
 0.01449164082629292
 0.0123875237436901
 0.01424191325761043
 0.01332877016169738
 0.01206839875671728
 0.01158994002523742
 0.01298239709667264
 0.01170830006502846
 0.01286391258348519
 0.01349630833228137
 0.01258691763460939
 0.01352211839068262
 0.0133631456821799
 0.01183733239064308
 0.01215637652707515
 0.01230815971282996
 0.009873579254452428
 0.01457361909533988
 0.01203011495912558
 0.01114546582480492
 0.0143646591622801
 0.0111103737099532
 0.01180025529623531
 0.01398410917250019
 0.01187395439868675
 0.01209206764784376
 0.01463236206517386
 0.01370706069153113
 0.0114374261854408
 0.01279357949389446
 0.01345915730250277
 0.01115115321066517
 0.01417627621584097
 0.01254828416722169
 0.01152312582599536
 0.01402797712501078
 0.01356665522384767
 0.01215095469023163
 0.01120674133456774
 0.01289784736338506
 0.01207262708099606
 0.01178256366222881
 0.01406460996635274
 0.01151756971914496
 0.01154331145964998
 0.0137112559622112
 0.01246662878769404
 0.01153166283392188
 0.01341162775210059
 0.01274584999155956
 0.01197478732049603
 0.01291674341777923
 0.01220289728914864
 0.01257709734577568
 0.01263323446901775
 0.01162883899569839
 0.01215920045206095
 0.0145328774035362
 0.01444610317203965
 0.01305109853778751
 0.01248020785884528
 0.01320643552752197
 0.01420799081243703
 0.01256296476466724
 0.01363875636230318
 0.01209554626327865
 0.01270908223872842
 0.0140810867032687
 0.01261086336664576
 0.01181678467265917
 0.01445364675390956
 0.01412311934382747
 0.0135904009296536
 0.0147952143846122
 0.01317898661021401
 0.01218072367769024
 0.01496117984706495
 0.01397985795667271
 0.01315489169375129
 0.01440605223898434
 0.01201765674388343
 0.01387655635989381
 0.01482930785225065
 0.01329304329339192
 0.01442889463899256
 0.01479841062849057
 0.01449781246960158
 0.01333633107085823
 0.01508669272619081
 0.01422171578959436
 0.01251306763179315
 0.01536524824744734
 0.01256880134658545
 0.01222164593258673
 0.01613783392876365
 0.01346774861109146
 0.01122564626975155
 0.01511600680092104
 0.0135181074932607
 0.01141247180806079
 0.01624783224187012
 0.01506027460399104
 0.01353695231470509
 0.01511737010082962
 0.01475393995921481
 0.01317513333673133
 0.01560282438677083
 0.01488490427850262
 0.01230556784549219
 0.01592488282911981
 0.01475447578367619
 0.01237774846004307
 0.01674952238597016
 0.01602871506933445
 0.01290253492048103
 0.01513345820840448
 0.015988814840381
 0.01385750699079569
 0.01631848014900768
 0.01538541286599044
 0.01528059690911678
 0.01682532571249514
 0.01521960411981661
 0.01508611891562468
 0.01624170968275259
 0.01427223590051127
 0.01403878904990547
 0.01649733258651938
 0.01393730107574628
 0.01429696065297341
 0.01571093853416036
 0.0149639109838924
 0.01561684710373995
 0.01649312213712003
 0.01446507818197868
 0.01360002792427365
 0.01644318422324926
 0.01327705539643521
 0.01335246678085118
 0.01671199909165045
 0.01494865573154918
 0.01340893446221916
 0.01614964429912567
 0.01439736189544151
 0.0153793099392258
 0.01608047418455725
 0.01438094503140359
 0.01611135693999682
 0.0162773676872881
 0.01512886432495128
 0.01420032795229994
 0.0158750775938404
 0.01438684845949889
 0.01609018051645526
 0.01537404428354763
 0.01478237093971825
 0.01668444752259234
 0.01576622739337903
 0.01723735020575226
 0.01425458373694979
 0.01673089736919012
 0.01555697271322507
 0.01421598293394535
 0.01751214926039893
 0.01684340606087237
 0.01406953243324229
 0.01681618503062613
 0.01428995112376692
 0.01512225618756549
 0.01631548868968688
 0.01509313038836576
 0.01514114589420108
 0.01650965099228986
 0.01725052202955903
 0.01377417231210845
 0.01475416352400931
 0.01728133015334799
 0.01426972923064436
 0.01471245717957219
 0.01759256328398189
 0.01329944677039724
 0.01327706747229544
 0.01710038946396049
 0.01491133764567506
 0.01338659446267267
 0.01542485984312964
 0.01385821950889351
 0.01683278280579716
 0.01603122708487247
 0.01469829177983572
 0.01300234696664937
 0.01431207406741979
 0.01355720223950699
 0.0146511904265459
 0.01549666493366065
 0.01288506952760666
 0.01449235535056181
 0.01452057576656817
 0.01347187301233134
 0.01409859744232768
 0.01565864928530141
 0.01440055479195604
 0.01413211183043119
 0.01435035013930764
 0.0146200170998526
 0.01276836015913732
 0.01384382827307499
 0.0133455355932439
 0.01463833927830653
 0.01428491292922505
 0.01408129916699837
 0.01387156111664743
 0.01360596834268315
 0.01465826450495261
 0.01332260751118912
 0.01348972336845107
 0.01339486395769826
 0.01452828991691271
 0.01383725266728102
 0.01493512206779594
 0.01403466804081621
 0.01413448868892239
 0.01531559870352147
 0.01342606465059379
 0.01386140787088867
 0.01508736676462056
 0.01332963333043922
 0.01489963557500155
 0.01439443120219668
 0.01373258502755027
 0.01476083822508806
 0.01441894161154565
 0.01385863973954602
 0.01526146978379214
 0.01449036921951989
