# Created by Octave 4.0.0, Sat Feb 26 14:27:30 2022 EET <li9i@spell>
# name: mean_trajectory_errors_amcl_i
# type: matrix
# rows: 2031
# columns: 1
 0.05046948499329667
 0.05233404135083045
 0.01326237146944504
 0.03502158685807334
 0.02553237791988328
 0.03658453929181779
 0.01445465153353916
 0.01864364553671212
 0.006026483115083418
 0.02356042778359541
 0.01268679222915931
 0.005724028128338584
 0.01082331889246668
 0.0112378844751581
 0.007146691619963607
 0.003808589344939627
 0.004561061636231474
 0.008470197962186499
 0.007041111566134914
 0.007807188385099102
 0.01163295432187976
 0.01185610646023444
 0.007553251986051297
 0.009280635986036853
 0.004628552879403074
 0.009938959661894311
 0.01181844573347284
 0.007295132552340293
 0.00470953949072467
 0.01270385348294674
 0.009435134364447987
 0.008650808345115404
 0.008758121573591328
 0.007431556485345575
 0.009371897189901699
 0.01086930512271559
 0.007462224311821085
 0.008634762548314582
 0.008304109665315536
 0.00956877713170827
 0.01012438054666699
 0.008065567203843924
 0.007759921448750824
 0.00874039510449246
 0.008270851392051221
 0.01076539471037643
 0.008277774542880138
 0.009062054814811048
 0.009846173243535448
 0.007563150688623439
 0.01056084861532863
 0.01055060775295007
 0.01080215875308019
 0.009233617253783459
 0.008409978672857147
 0.01047207687326246
 0.009503029380425836
 0.01014371156063926
 0.008636025625032968
 0.008386865372345679
 0.009598843212358399
 0.01055927888499693
 0.01009535341554741
 0.009535658373462215
 0.009176406125693301
 0.01087704127705981
 0.01006362848285662
 0.01021769466039175
 0.01196191194580492
 0.01007093819566453
 0.00913515363146316
 0.01084921806071213
 0.009891149803623222
 0.01017741917166797
 0.01226260076428022
 0.008789402078067922
 0.01018190064205384
 0.01124364413126146
 0.01156050524470873
 0.01086561070962005
 0.009979549807553714
 0.01028889987388151
 0.009872333097401403
 0.0101430681699645
 0.00935109083666035
 0.0095917551448968
 0.009772125927613005
 0.009432687873407765
 0.009395474553514981
 0.01022237069374608
 0.01138346189333917
 0.008046759394695072
 0.009557021744590919
 0.009296564422944697
 0.008797389844845949
 0.009594174672372884
 0.009355493854445627
 0.009727077036462065
 0.009845911169870609
 0.008833597607042545
 0.01068233380946795
 0.01059717319063419
 0.007975913456679636
 0.009247120633029914
 0.01120652980413675
 0.01094351556249684
 0.01064557435860683
 0.01000311130917717
 0.01094346084317778
 0.009923871565975753
 0.01016856861377659
 0.01023564070198433
 0.008391695688164898
 0.009711659527682586
 0.009223254289114826
 0.009956963636143342
 0.009332324403793758
 0.0100797456350805
 0.01095772783076097
 0.009993154059110762
 0.01126287775158289
 0.01011259566137632
 0.01047864897809962
 0.01033114869070384
 0.01132989965554842
 0.009309633135239694
 0.009738073672378198
 0.01006640321627469
 0.01188430327694306
 0.01146487340095531
 0.01203711464224501
 0.0105668492545916
 0.01088138180845969
 0.01069551683449347
 0.0103610103985179
 0.0107564941714029
 0.01130348594313145
 0.01128539996038437
 0.01128532137784172
 0.01240677039368003
 0.01153065230945007
 0.01107120944113254
 0.01087516172801881
 0.01117735408749443
 0.01210378937882559
 0.01129455227386996
 0.01100802664968859
 0.0110652038074845
 0.0116613851396229
 0.01044738947833984
 0.009943621473668977
 0.01024371123551938
 0.01040680628999368
 0.01055517368938293
 0.009924548376609766
 0.01109104766246523
 0.00983172641820702
 0.0096307651328828
 0.008736052882455922
 0.009077439472114795
 0.01011786810592181
 0.01011676879839983
 0.01061366840830363
 0.01089777500223096
 0.009339305543041791
 0.01030171229963903
 0.009843436582763598
 0.01097822386285695
 0.009424934249461701
 0.009655472497751054
 0.009996845517391731
 0.009707791535936389
 0.01002204984485386
 0.009948284248766884
 0.009627646234086963
 0.009423135157942554
 0.01014162654665106
 0.01018300799139706
 0.01071953186505526
 0.01018208351699686
 0.01024942718386455
 0.01054529472387082
 0.009817543789307629
 0.01067605674936013
 0.009699540530629111
 0.009725913425351812
 0.0106471960289865
 0.01156325546326561
 0.01027220667075337
 0.01109828164063322
 0.0102002967069394
 0.01050925105145018
 0.01046735938230606
 0.01049960598727946
 0.0103166089133069
 0.01018872145346278
 0.01006881366843663
 0.0112928601037597
 0.01036372279163814
 0.01135573575563617
 0.01114705701152055
 0.01127957368729947
 0.01082407890433228
 0.01139221087384985
 0.01204541597382966
 0.01052591158191008
 0.01169124390784388
 0.01193368052365715
 0.01147835390052967
 0.0109821827680865
 0.01083295457185388
 0.01130404042611209
 0.0121164488592824
 0.01068672318471534
 0.01138739953706651
 0.01224975052942601
 0.01140840977574282
 0.01118550345681115
 0.0111389367440257
 0.01106863421260003
 0.01221629151378692
 0.01186243011110023
 0.01148548456104754
 0.01049390826157263
 0.01171148078592547
 0.01029517166764847
 0.01043427942137719
 0.0112004219165195
 0.01143495340236
 0.01044882841607149
 0.01078475372339163
 0.0104941823211338
 0.01201843156943209
 0.01133540160248127
 0.01118746300278192
 0.01208070065408859
 0.01128707770008823
 0.01077471179569164
 0.0113843553708054
 0.01165166651801911
 0.01147139868325547
 0.01081167066412302
 0.01103362474923764
 0.01177349385475742
 0.01196160717981045
 0.01074411854915931
 0.01014011834061511
 0.01138496929829318
 0.01061021666587635
 0.01098271191689503
 0.01160339026337009
 0.009995889501472451
 0.01153252816265059
 0.01084991270019909
 0.01031374784965674
 0.01039468338030299
 0.009514975354780769
 0.009742075056874896
 0.01088052974846713
 0.009884065192776296
 0.008256459274905412
 0.009166492908289053
 0.009039407982257315
 0.008068193225355446
 0.008879595456941848
 0.009203087085590511
 0.009458602143804522
 0.008630633073080122
 0.008064877387488397
 0.009608251516841481
 0.01033202850660654
 0.008777292675314644
 0.008798164893478146
 0.008548751220761821
 0.008925767323733545
 0.009727515821328046
 0.008456072731620511
 0.008935129512581054
 0.008924930345529793
 0.008515565243144785
 0.009674717733838557
 0.007977201391984759
 0.008638404222883837
 0.009443367781067401
 0.00903681309645242
 0.008972960543978704
 0.008569629469882233
 0.01004456149503622
 0.007636521036335197
 0.007989023277202755
 0.008753918681354165
 0.01018919586974443
 0.009362893429291403
 0.00842590607338799
 0.008331996671308772
 0.009655709756702604
 0.009326182594371433
 0.008070758429558293
 0.008268807291162993
 0.008954311142680636
 0.008452035621053577
 0.008393391156883869
 0.008613982396486759
 0.008930354542615631
 0.008812607738739309
 0.009064476087189495
 0.007425477460033369
 0.008772011418628222
 0.008854772006021354
 0.008439835642506274
 0.006727055211422033
 0.007438668116679776
 0.008788835745150143
 0.009681319617689328
 0.007982555168000831
 0.008382189322140183
 0.008485715527609339
 0.008118205209511457
 0.007382612867320466
 0.008321909626864792
 0.009050380885956125
 0.009187129939461523
 0.008486400117184413
 0.00861762650315059
 0.007938457315830236
 0.009098579038984117
 0.008503693233270833
 0.007781996158846637
 0.007533266081549629
 0.008718236611153365
 0.008554631536449203
 0.008680414327106211
 0.008513577019012711
 0.009217725026215205
 0.008683550258719669
 0.008968481627717457
 0.009033263493834123
 0.007689435050845737
 0.008329969915012583
 0.00900983622241815
 0.008964107577559895
 0.009163669016963857
 0.009100282068054036
 0.007954087775385359
 0.008510083847540616
 0.009006528542871553
 0.009103188239082256
 0.00841561744428288
 0.007779594274537577
 0.008942437640567392
 0.008565363020662055
 0.009019050713450275
 0.008821213144623755
 0.008900115646350459
 0.008718982071925764
 0.009453780693334274
 0.009216396602506905
 0.008363688108616596
 0.008770345270508
 0.008455232349720527
 0.008939265886486008
 0.009136818581593788
 0.008604744151532024
 0.008449754672257562
 0.008950289634889065
 0.009565425816729364
