# Created by Octave 4.0.0, Sat Feb 26 14:44:10 2022 EET <li9i@spell>
# name: mean_trajectory_errors_amcl_i
# type: matrix
# rows: 1339
# columns: 1
 0.05040675592838868
 0.02386908044985679
 0.01187419467087322
 0.007808852365468169
 0.01370872212849437
 0.01166735023480377
 0.007286696962428287
 0.008103979278105427
 0.008739262461218466
 0.006017935354929595
 0.008310708159692218
 0.008565295162547164
 0.009812592984557838
 0.01268793423751553
 0.01110934658228482
 0.01063004719842064
 0.009361645115042908
 0.008899735538059799
 0.008423570741665056
 0.007816544755782159
 0.008752373414640472
 0.008901515732578386
 0.008699826005015794
 0.009635677503186042
 0.009843936828006061
 0.009551377156035577
 0.009529223147684906
 0.009400343198703183
 0.009918330253863811
 0.01040965919853956
 0.009654712405202701
 0.009936705072914895
 0.01143353563244032
 0.0111436807145666
 0.01169205871270296
 0.01142142310377497
 0.01206479624663605
 0.0113985021358473
 0.01091075688811815
 0.01060205097770799
 0.01071222580233872
 0.009618881982167704
 0.009606750710243535
 0.009581739389952732
 0.00930268485067795
 0.009213030193904711
 0.01033300127374785
 0.009551664972036786
 0.009698552055730746
 0.01035181721561225
 0.01032398348814617
 0.009778955825963661
 0.01040728917138886
 0.0103074391845444
 0.01003611993324775
 0.01057402792403933
 0.0106707305844484
 0.01043361045609865
 0.01114853694224465
 0.01127718076044678
 0.01086218998569559
 0.01095457090219883
 0.01164043083580496
 0.01172151265100388
 0.01184043555000615
 0.01196690913660621
 0.01148137929029491
 0.01145123612685561
 0.01191654149446393
 0.01216964401039296
 0.01195728951826482
 0.01268134865443777
 0.01240462515637585
 0.01179652515928795
 0.01288203725297234
 0.01205787295050116
 0.01188100523915692
 0.0124568166077192
 0.01213383512206972
 0.01228295674980789
 0.01303518924573715
 0.01278622093416094
 0.01325694903845596
 0.0133525321897108
 0.013100111584063
 0.01303601264120149
 0.01389204329189599
 0.01343649273988285
 0.01426457116379291
 0.01400860986163453
 0.01398493628477775
 0.01356524293575214
 0.01469774466524835
 0.014096341921225
 0.01369010367035108
 0.01446669552501469
 0.01454643385641147
 0.0137841056903107
 0.01397180294772636
 0.01401822605396022
 0.01357876877853485
 0.01396364834393551
 0.01393812838154502
 0.01422171313611122
 0.01319465221660939
 0.01355415578982752
 0.01383021317966281
 0.01367275992067276
 0.01355635579284729
 0.01372156253880359
 0.01347791634401696
 0.01360089573607588
 0.01329242239791206
 0.01349213789436634
 0.01386494440624822
 0.0136334775287933
 0.01296454946677692
 0.01388970349517417
 0.01298299750183858
 0.01355112546017155
 0.01381869121638225
 0.01249428250666539
 0.01281167462779603
 0.01377433244882951
 0.01308920479965185
 0.01279286950904276
 0.01302887953169378
 0.0133130447318936
 0.01241848168074099
 0.01248902443570985
 0.01292078347087131
 0.01356647908817433
 0.01242353286452414
 0.0127480255660222
 0.01326260739045154
 0.0125943526578398
 0.01206232404152277
 0.01309919748054645
 0.01291118229822872
 0.01293232897348325
 0.01236143466070985
 0.01260101643371825
 0.01325146782751387
 0.01358442968457138
 0.01223078859152703
 0.01322527276819806
 0.01278583367745943
 0.01281942781391137
 0.01256527607881429
 0.01185883793636039
 0.01253761486541794
 0.01228108814268642
 0.01237546954580037
 0.01329973596132334
 0.01399258584919323
 0.0123309374444363
 0.01321670883243211
 0.0125126446516884
 0.01379822932066359
 0.01256790176282219
 0.01350281383281679
 0.0134029927833023
 0.01253828769379962
 0.01367334510563444
 0.01244602779095375
 0.01257747618805245
 0.01313053059449458
 0.01173938502996764
 0.01274364464857823
 0.01311905166948255
 0.01161855276694489
 0.01289807972734198
 0.01228294715430666
 0.01320752415950728
 0.0133269569895188
 0.01308094496328624
 0.01343098532349304
 0.01302533935462251
 0.01249102373609588
 0.01282645704374584
 0.01223025877894706
 0.01187456462751881
 0.01281923292231481
 0.01278910186412647
 0.01357012592958095
 0.01285330426475877
 0.01318944185767921
 0.01231370839166965
 0.01349729849422025
 0.01260724756116538
 0.01293230128482911
 0.01192411535466211
 0.01225984317915491
 0.01254935336547387
 0.01283501757299453
 0.01305870900278731
 0.01260921347555941
 0.01285015946607643
 0.01301488313598701
 0.01267765612997968
 0.01287721908461384
 0.01326422270627482
 0.01261247076650241
 0.01304050443846954
 0.01259257303237022
 0.01214841206215698
 0.01335837588180981
 0.0136585317488623
 0.01304407575243043
 0.01272152020415904
 0.01223563522323771
 0.01221120359878059
 0.01349582189101908
 0.01303716494134447
 0.01266698905565535
 0.01343735228653456
 0.01341041441315797
 0.0131408131446484
 0.01424724276029149
 0.01283525649130932
 0.01313512458366079
 0.01409999849214363
 0.01343892243264869
 0.01232112908554844
 0.01409537523927866
 0.01388822932815327
 0.01380757707515935
 0.01468639503596895
 0.01425273282724192
 0.01329848254228035
 0.01386505963647417
 0.0137470501510786
 0.0135576612549199
 0.01411460627385483
 0.0143983685149412
 0.01396554757739465
 0.01443100926736987
 0.01336426761898759
 0.0137032606281631
 0.01408726392435789
 0.01354745530048595
 0.01359003269465248
 0.01439479530886557
 0.0133759396938968
 0.01428845005244528
 0.01491290929355126
 0.014009477548588
 0.01493411442235118
 0.01509396264247473
 0.01434793476880293
 0.01412607029662824
 0.01447010677795118
 0.0143262758305
 0.01522575984709135
 0.01449683013629476
 0.01448024065419663
 0.01456977900549547
 0.01505733820265433
 0.01482441764259017
 0.01450738421948921
 0.01466535452832792
 0.01484216992019791
 0.01499857530536814
 0.01437474530473604
 0.01486380369145263
 0.01536758056181465
 0.01538419362545823
 0.01484517900089415
 0.01450248563814712
 0.01489165943012241
 0.01467850579496328
 0.01497854912316963
 0.01505196456893977
 0.01477670124488627
 0.01552363121110417
 0.0151707405123734
 0.01492910256417666
 0.01524602854825564
 0.01511871190315912
 0.01492162429638457
 0.01528601917177681
 0.01597662255614929
 0.01516323507600386
 0.01555883997760928
 0.01573289886003804
 0.01604790489342198
 0.01536144698768985
 0.01603776849582199
 0.01572876707282174
 0.01471913184850862
 0.01601957835514343
 0.01565414383298509
 0.01513972969845826
 0.01480205700234992
 0.01508846072800491
 0.01505861812883375
 0.01488671917259962
 0.01492711935783901
 0.01605620584242655
 0.01489851798629764
 0.01610288811436132
 0.01548527344582103
 0.01523481545869038
 0.01536894123739797
 0.01596359159116103
 0.01591733380172434
 0.01583196334472592
 0.01637618620624117
 0.01540965024054074
 0.01601113223516475
 0.01575349320690184
 0.01524137896175851
 0.0159819875637382
 0.01600011270995328
 0.0154875217285618
 0.01613280655091451
 0.015944436458223
 0.01624763733671529
 0.01568228036889683
 0.01621186271330299
 0.01633782414284147
 0.0163592215779659
 0.01585873342136909
 0.01541960989341654
 0.01526996803910752
 0.01562936170755957
 0.0149056476677747
 0.01512588342110189
 0.01505500455628047
 0.01461546892904571
 0.01551860114590892
 0.01379152254311218
 0.01513918444420286
 0.01481992923603388
 0.01356356948595093
 0.01471193900003694
 0.01444858462858886
 0.01451515777690584
 0.01459660408762732
 0.01422015203313869
 0.01466041213363969
 0.01478942337116684
 0.01490236892836932
 0.01524299852100535
 0.01535746244384644
 0.01405457380040244
 0.01553515299626895
 0.01609659928849721
 0.01478740896379345
 0.01549021426594139
 0.01555243164780812
 0.01485727241006568
 0.01563708940560398
 0.01484628960688595
 0.01454620045358102
 0.01454974354355857
 0.01455826451436636
 0.01442344949762298
 0.01437854532062848
 0.01422345018535998
 0.01391178417985864
 0.01424596099783579
 0.01414744688799134
 0.01382708311711245
 0.01399432958752651
 0.01370020645738594
 0.0141614849864935
 0.01407108741219542
 0.01442555627658462
 0.01391349344333389
 0.01464551775452042
 0.01383356386009004
 0.01441474543284653
 0.01445714348607423
