# Created by Octave 4.0.0, Sat Feb 26 14:46:08 2022 EET <li9i@spell>
# name: mean_trajectory_errors_dft_i
# type: matrix
# rows: 1343
# columns: 1
 0.003788804326142427
 0.01120479884123001
 0.01010571722016574
 0.0125089803022365
 0.01309388034479372
 0.007043232499202506
 0.006293475726841155
 0.005749941549941523
 0.005990030175468165
 0.005396468280617904
 0.006615526194015085
 0.008939597027493078
 0.01142138023648596
 0.01160832998609347
 0.01224955592923544
 0.008490182656795167
 0.008707433453831966
 0.008436712513946992
 0.008510287760872494
 0.008511370818525408
 0.008085081955628296
 0.008819272836855806
 0.008855175318823362
 0.008357765878407475
 0.008472332714907323
 0.008664218938564771
 0.008749496429427857
 0.008237439750576548
 0.008942970818692988
 0.00902759447092337
 0.009602221395331137
 0.009742075639516718
 0.01183055294082065
 0.01191942335516815
 0.01194691251912667
 0.01107707223337657
 0.01216993390569095
 0.01238029307746562
 0.01067930462736893
 0.0096659100068445
 0.009543983818692002
 0.01026654959669899
 0.009671913041174037
 0.009896981978817799
 0.01045726368618176
 0.01083530105873634
 0.0104112093042747
 0.01127678747784497
 0.01087194304425899
 0.01093261445928214
 0.01100378675146372
 0.01097878735296361
 0.01119324613433379
 0.01118873551370755
 0.01152713371720784
 0.01152267214614286
 0.01143088516785638
 0.01174475396419384
 0.01135246522259972
 0.01219465066088954
 0.01210324460968898
 0.01157229664765737
 0.01224676661396581
 0.01222463251455945
 0.01190892285912581
 0.01272085384844652
 0.01255266723846576
 0.01228870848053688
 0.01240454577047899
 0.01289101628672161
 0.01251227995285605
 0.01298521225698915
 0.01266609959134067
 0.0120044342988264
 0.01263681804156612
 0.01303682045222147
 0.01258371298503672
 0.01270351057818832
 0.01271141730964552
 0.01281654706329579
 0.01293918651986922
 0.01355446553318871
 0.01272893889852043
 0.0130958868551641
 0.01322950001574359
 0.01405009630259333
 0.01389663724183352
 0.01401121985974301
 0.01342662873794033
 0.01375548177275311
 0.01309494514955311
 0.0135316724134176
 0.0136857075437518
 0.01304290846081335
 0.01262339315874501
 0.01238662737986586
 0.01269481505957336
 0.01354254494784368
 0.01347829661246321
 0.01242576540587412
 0.01241396995688408
 0.01368291053566341
 0.01261635089299575
 0.01242427796621811
 0.01432933901702885
 0.01289675141717555
 0.01347894844251021
 0.01233516016676239
 0.01278459743601829
 0.0120360261424341
 0.01166758758306644
 0.01271193736340339
 0.01170566956556604
 0.01237753554804452
 0.01094148577736916
 0.01242822309283818
 0.01107296746984099
 0.01272083738183713
 0.01210615499315964
 0.01299615042374203
 0.01084183679734351
 0.01141772964428738
 0.01109983076974188
 0.01206341191035471
 0.009687190606506723
 0.01037615306133791
 0.01080292791828936
 0.01068003317768585
 0.009813479230193095
 0.009177534802782156
 0.01127888707327515
 0.01104889717771684
 0.01143696060937427
 0.01043206786481888
 0.01092068964395767
 0.01135446467370084
 0.01122992093443383
 0.009791786925326368
 0.01059410092609786
 0.009142521644817474
 0.01171410071276112
 0.01168000848014799
 0.01040646658647669
 0.01188801379525694
 0.01068618905945897
 0.0107575779560692
 0.0109839623026633
 0.01110988672939674
 0.01247486388501188
 0.01041887339417241
 0.01079125241912527
 0.01086674741372131
 0.01169833016637359
 0.009781117217573111
 0.009907030081484252
 0.01163039861435225
 0.01044192445042529
 0.01139343210309516
 0.01090760061569628
 0.01014070135887887
 0.0110089989060141
 0.0105032878966693
 0.01212110185786638
 0.009461623091199571
 0.0105317637174885
 0.009153700488817888
 0.01120150146886656
 0.01024615641204875
 0.01092781172408081
 0.01124933384658057
 0.01097205794970112
 0.01186524243065698
 0.009237522456758261
 0.009254739633960254
 0.01104420404122489
 0.0102270912316852
 0.01197717934387367
 0.01220070010239958
 0.01210622804330082
 0.01020167954313174
 0.0122731270984624
 0.01157227009150066
 0.01203548113597261
 0.01269815325402845
 0.01106377204100591
 0.0107558935948802
 0.01146216413019701
 0.01314142022945907
 0.01091209656948192
 0.01272013254503887
 0.01031317024489438
 0.01114752664087581
 0.01154536329916052
 0.0108270082576597
 0.009304778595685514
 0.009939512532994375
 0.009436273266764685
 0.01085611675474424
 0.01152938597463025
 0.009889595976036886
 0.01144594740115546
 0.01061282825739807
 0.01102145240304895
 0.01083223348266622
 0.009973067555771715
 0.01110215402956001
 0.01165101102838316
 0.01206690170777171
 0.01116095642486504
 0.01185834065152298
 0.01227953975806127
 0.01191467553839675
 0.0116384202661127
 0.01233782828564861
 0.01112557843647197
 0.01170051420759254
 0.01244808946197476
 0.01139682494790295
 0.01136816277751392
 0.01150947683274451
 0.01187821992014821
 0.01174406892762835
 0.0133012991419045
 0.01321499457376573
 0.01099909819704966
 0.0119845038029051
 0.01211179355230557
 0.01326827905687292
 0.01243553231309084
 0.0127128939379491
 0.01174185784260797
 0.01126191758434406
 0.01302233849629704
 0.01176618046804132
 0.01344592283037284
 0.01294655891500015
 0.01133961563975967
 0.01285990559895827
 0.01230154894845224
 0.01246416375435869
 0.01212158846221684
 0.01241988721271787
 0.0117408691633374
 0.01287733222815386
 0.01282043889319056
 0.01306908182305276
 0.01259332504852076
 0.01342056734648381
 0.01328296180986658
 0.01274881944325291
 0.0125914261916872
 0.0129598684545061
 0.01299150102526086
 0.01242625465796151
 0.01284089363008931
 0.01387777287325212
 0.01274071376732401
 0.01219555931403822
 0.01293971756743328
 0.01149126120170384
 0.01253664910638597
 0.01278706910915552
 0.01319186736028491
 0.01372877905801987
 0.01214056862821722
 0.01250733406808237
 0.01324122840168074
 0.01157404571561931
 0.01201578679129313
 0.0127592701777438
 0.01150608889902026
 0.01352824698727496
 0.01332973985407822
 0.01120435213146
 0.01312676442036271
 0.01369138139232289
 0.01333174851066311
 0.01318977493483215
 0.01319778227746524
 0.01334087851029079
 0.01271444538868739
 0.01323785326517986
 0.01397658207979308
 0.01227035564624879
 0.01403093605991508
 0.01321616354995592
 0.01375887530306974
 0.01420800467217341
 0.01436028783075658
 0.01325479672209449
 0.01432121677759178
 0.01362503681861196
 0.01237743234530525
 0.01439819422675574
 0.01437506875618369
 0.01334995944447181
 0.01497396071579194
 0.01373653703157321
 0.01277866100834782
 0.01485309563428553
 0.01378816768399358
 0.01303838617098018
 0.01492212672764424
 0.01257309699163046
 0.01405813218772352
 0.01549175703454126
 0.01381033926314617
 0.0146233313304876
 0.01377077457487796
 0.01342796786813347
 0.01349323660650601
 0.0134992262207602
 0.01501378368204113
 0.01413757738301141
 0.01362755236284629
 0.01351137377273374
 0.01310044644241352
 0.01521005858394479
 0.01294660177414863
 0.01282291749596791
 0.01317737925449478
 0.01305088287982235
 0.01376853233690586
 0.01396171457146877
 0.01311863293627915
 0.01160847414330247
 0.01354132886178758
 0.01321425899174636
 0.01335886544097896
 0.01410323871068037
 0.01250543306577927
 0.01359577036307115
 0.01364186184625192
 0.01307501058725137
 0.01336563916716583
 0.01352222627783002
 0.01376199493047632
 0.01390747868350089
 0.0155732228430743
 0.01463559798389178
 0.01528868993370865
 0.01496203381666338
 0.01404882242965137
 0.01414085537761506
 0.01540563426065945
 0.01349887994482405
 0.01353258219813984
 0.01476135348934273
 0.01439318622680199
 0.01408479490406127
 0.01348186554307009
 0.01454703109467549
 0.01362580533860929
 0.01302427465431122
 0.01500240359540279
 0.01354812410688813
 0.01424713883741245
 0.01509879188770435
 0.01467548285002266
 0.01342201632284639
 0.01293388009038011
 0.01320301145108604
 0.01304057866493942
 0.01327374771011706
 0.01373868187274793
 0.01389946585843914
 0.01410107834193032
 0.01398911506619355
 0.01416135438289611
 0.013751790160533
 0.01455637481909103
 0.01426151705084267
 0.01493742453705546
