# Created by Octave 4.0.0, Sat Feb 26 14:36:21 2022 EET <li9i@spell>
# name: mean_trajectory_errors_amcl_i
# type: matrix
# rows: 1347
# columns: 1
 0.07705585597746098
 0.004115202783897008
 0.006045121692285976
 0.004936932183514381
 0.01011488330759721
 0.008585848899192793
 0.005329229440104548
 0.007150549571617346
 0.00579558221641884
 0.01005149290448976
 0.006645307517468195
 0.006444375287916941
 0.006688467398115689
 0.007207007061677171
 0.01271208297204705
 0.008083796389044698
 0.00507933178622968
 0.007856813491865913
 0.007269780496558537
 0.01231293912071189
 0.007410910056845357
 0.007259324959245996
 0.008056511520750308
 0.007966360613832515
 0.01203957176661337
 0.008016286433261396
 0.00779284958290082
 0.008215439441086152
 0.00818534079085732
 0.01237922024956433
 0.008637267325894408
 0.00837700538065966
 0.009618972461974436
 0.009097993898475742
 0.01352483970759862
 0.01093765362494089
 0.009830376383717331
 0.01003506540504902
 0.009790158669004297
 0.01197800611076672
 0.009832631452601968
 0.009511948680713572
 0.00939868150103837
 0.009701905465731615
 0.01003127984063032
 0.009863407230321013
 0.009821818352045736
 0.0103420216320464
 0.009919605866939255
 0.01054541482388505
 0.009965602742631278
 0.01054939272922057
 0.01053296372130449
 0.01054186642295324
 0.010913705803014
 0.01108152572463827
 0.01099114162953409
 0.01106555997624948
 0.01079932065551884
 0.01155806770906429
 0.01140341684742644
 0.01154740998958802
 0.01155151853264843
 0.01143351654214291
 0.01161069696454372
 0.01189960282743361
 0.01176633645075383
 0.01170960287393721
 0.01250508371303171
 0.01239638336651628
 0.0117380156530331
 0.01239818860004865
 0.01177848105250136
 0.01181199952768948
 0.01276796170220508
 0.01266566932706705
 0.01215277614096292
 0.01254029022737198
 0.01253049489074114
 0.01325677648748703
 0.01285318831350215
 0.01258521256616767
 0.01280970834159057
 0.01313882440603493
 0.01393484453232362
 0.0134706538965302
 0.01413797371570553
 0.01341644963498018
 0.01250457846547236
 0.01466519994029974
 0.01363777976564139
 0.0127451814380429
 0.01372053578627043
 0.01338749816870747
 0.01413092390642808
 0.0128486688625071
 0.01398352749186186
 0.01352469215786234
 0.01337950739023458
 0.0134144554503919
 0.01190632560400115
 0.01313505682431837
 0.01361974957912342
 0.01296359060134479
 0.0138954902040783
 0.01243366321234215
 0.01249169134310168
 0.01354294266774789
 0.01334659625112543
 0.01299583143005947
 0.0135649132445745
 0.01223610309733879
 0.01294248453030433
 0.01273225603402737
 0.01363032660349096
 0.01324729241267804
 0.01196390192420519
 0.01176926349456126
 0.01312109492817136
 0.01268963550790236
 0.01253169485994276
 0.01347114297344869
 0.01320859336397991
 0.0129030887201511
 0.01305903083391377
 0.01224059750547571
 0.0128465871226533
 0.01142793865392548
 0.01202354758673372
 0.01451087230320799
 0.01144632692145803
 0.01162200797113003
 0.01249760705886053
 0.0116532565274037
 0.01342901517174279
 0.01352032298958767
 0.01286486257623602
 0.01233101151215316
 0.01297436310952643
 0.01357726770928896
 0.01218956376376671
 0.0132930777327754
 0.01160435502558246
 0.01235566763909406
 0.0135759020763811
 0.0125192206353576
 0.0119657242787741
 0.0134718716434506
 0.0120039619235476
 0.01227573364504888
 0.01322054252341568
 0.01228060479285914
 0.01209969157498767
 0.0129124174503246
 0.01241927211986673
 0.01281095881303736
 0.01297303984170106
 0.01212742406780034
 0.01204945087039435
 0.01394679860254667
 0.01344639056610553
 0.01188826812250372
 0.01276099638572166
 0.01187053409306074
 0.01368629130058504
 0.01155348741403133
 0.01305818363911965
 0.01296081595232641
 0.0111265299005955
 0.01338153632655056
 0.01320529714338042
 0.01238886940878507
 0.01304140765783753
 0.01204628972484476
 0.01418851511947513
 0.01280375542709278
 0.01232379987084102
 0.01244806870039426
 0.01147570186889127
 0.01423684285727398
 0.01293635828988019
 0.01123620466252795
 0.01279599447348288
 0.01210150215740145
 0.01364580435168638
 0.01181308671951662
 0.01219444727530892
 0.01311513534006525
 0.01300805530226935
 0.01230430137511635
 0.01230540202205798
 0.0131863536034195
 0.01198286354759174
 0.01289472157461071
 0.01334999451428697
 0.01084574958313782
 0.01379140842037515
 0.01367699489461826
 0.01198123443673835
 0.0139639672504193
 0.01288737206733526
 0.01190969139760203
 0.01324646587135791
 0.01281151115510455
 0.01346641420954168
 0.01280166844783038
 0.01294548622123393
 0.01166041568084734
 0.01341562942045257
 0.01460804292385974
 0.01247564610179539
 0.01317124745224827
 0.01353592872343891
 0.01207015751042354
 0.01344331786779626
 0.01340458128900064
 0.01274274905909612
 0.01242306503940403
 0.01381299498280027
 0.01508232327797143
 0.01186728835169833
 0.01359303996202999
 0.01304102048469708
 0.01168417715188548
 0.01558037394852414
 0.01387650069441809
 0.01269813849082012
 0.01458663483624155
 0.0133217866195018
 0.01398565042765263
 0.01383359326236399
 0.01382433007683476
 0.01338283094849715
 0.01417277525104045
 0.01551615044546291
 0.01387365940420952
 0.01436833274912537
 0.01425499543899777
 0.01308226342785947
 0.01525130061204819
 0.0142720770405954
 0.0139991674151008
 0.01436070868856943
 0.01432315411801211
 0.01565093166146397
 0.01408032130379425
 0.01450099966381729
 0.01388573759709247
 0.01441262745383801
 0.01661414624931557
 0.01522772186014469
 0.01501674577637462
 0.01566427011448614
 0.01450793764294033
 0.01599732746687517
 0.01472228761228003
 0.0138760078015449
 0.01493047673187757
 0.01536848208948345
 0.0157519517810799
 0.01439072517810607
 0.01543330580614345
 0.01437422234982669
 0.01510235074976397
 0.01637803545821316
 0.01428585084796737
 0.01456316128758985
 0.01480435447720927
 0.0146154809380316
 0.01672878961857299
 0.01545893759150786
 0.01350184063425039
 0.01541635982460621
 0.01603027039319871
 0.01657811249580401
 0.01372185465456034
 0.01572491564487043
 0.01383886663419784
 0.01547569095007499
 0.0155885187536546
 0.01373667618609513
 0.01555957806759657
 0.01499736753596901
 0.01366590299447521
 0.01712844559770101
 0.01559197727068279
 0.01535686327441974
 0.01552681178100854
 0.01484979693725198
 0.01593699550682519
 0.01529750692838812
 0.01595785701057604
 0.01406258098061948
 0.01562638645689385
 0.01608302685670887
 0.0147480230399721
 0.01452951142464077
 0.01471717791801831
 0.01415420285941334
 0.01596242352662112
 0.01544204945516558
 0.01446983095134855
 0.01486044906792483
 0.01495699837996953
 0.01727596383193427
 0.01568044424722355
 0.01556033293957022
 0.01473857837575599
 0.01439431600388557
 0.01554850111435718
 0.01407764291000342
 0.01586874359457079
 0.01569894783526348
 0.0141275157022678
 0.01559728956585586
 0.01447347458157447
 0.0154298019264873
 0.01371720977582051
 0.01376588228532877
 0.01586215847672859
 0.01460004344058424
 0.01555787452255972
 0.01422567635277086
 0.01463559268227032
 0.01487565483276278
 0.01384167411020886
 0.01398118181036376
 0.01390373017801845
 0.01443628652112036
 0.01590120748038236
 0.01368676034894027
 0.01463601722150987
 0.01437046499195005
 0.01368782366969206
 0.01567379030050608
 0.01412077100623297
 0.01382901536111969
 0.0136657092850875
 0.01423363765302533
 0.01562983547018401
 0.01297104773780541
 0.01431188187508745
 0.01372388813880175
 0.01405040420636536
 0.01425453505247788
 0.01389135602069694
 0.0153466692909438
 0.01337184110886271
 0.01401567295766104
 0.01516398593347055
 0.01391110462327205
 0.01412695885767474
 0.01489918637785364
 0.0139818579422872
 0.01550361401363815
 0.01352119699242577
 0.01387865575444597
 0.01280259057424223
 0.01395558666680171
 0.01416229082111911
 0.01306057516991923
 0.0144845560617519
 0.01362774496331982
 0.01357521021882149
 0.01363183539396537
 0.01361953928348229
 0.01307321222736324
 0.01306946933174724
 0.01355980528296559
 0.01522494495044518
 0.01365443610393206
 0.01415500728943438
 0.01435439619736653
 0.01373757817870454
