# Created by Octave 4.0.0, Sat Feb 26 14:40:15 2022 EET <li9i@spell>
# name: mean_trajectory_errors_dft_i
# type: matrix
# rows: 1333
# columns: 1
 0.003863166798164429
 0.01053039337937698
 0.009746861760641237
 0.01305514256031511
 0.01231652805436529
 0.01095147306351993
 0.01159387342475065
 0.01101901513654903
 0.01139999386608368
 0.01176792932976876
 0.01160187633422818
 0.01175792539857989
 0.01186093896085295
 0.01251082867994266
 0.01276138259745044
 0.01292540686700227
 0.01297470074514197
 0.01315320359859091
 0.01305575166626117
 0.0129638873999478
 0.01306841270682445
 0.0125844143372575
 0.01273344171570279
 0.01250275739023924
 0.01269875497580379
 0.009511805233267633
 0.01236924143965829
 0.01239137296303298
 0.01102389027505007
 0.01269169116129237
 0.008417303342954166
 0.009198435321924815
 0.009065236297107556
 0.009421830229056804
 0.01011698649915467
 0.009530963818592381
 0.009953438138070645
 0.009661258353497331
 0.00994026125672141
 0.009333154480068918
 0.009440299545925269
 0.009701695212756212
 0.009835630906453389
 0.009825967116503366
 0.009893780902839926
 0.0102119580691993
 0.01000339451637411
 0.01027289741551736
 0.01004177604698036
 0.01032823310173758
 0.01080783696177816
 0.01103395538317657
 0.01069795551148408
 0.01090260367101532
 0.01107302928165021
 0.01107246177821751
 0.01086266853236324
 0.01114293298306938
 0.01151426908370006
 0.01155862010422073
 0.01160863330260114
 0.0120728885653938
 0.01194148564196009
 0.01210138906988103
 0.01233644464245121
 0.01253269413704182
 0.01239613263515965
 0.01235859085366979
 0.01273749485635073
 0.01260160536831212
 0.01277410394487551
 0.01271326975318072
 0.01347653094009633
 0.0128220275246381
 0.01318072874475079
 0.01376928162964019
 0.01291122503666017
 0.0129943731006992
 0.0136800051727895
 0.0133225641203036
 0.01355906505600032
 0.01422830449111336
 0.01404156950272553
 0.01355595888989523
 0.01438917374290992
 0.01460890500396821
 0.01442370899939646
 0.01450083630062698
 0.01388539062450669
 0.01449842592593505
 0.01492140799868362
 0.01325128710893636
 0.01468308007936609
 0.01441140595249477
 0.01412363331636863
 0.01410882743278482
 0.01375879760973151
 0.01395812720418469
 0.01450301377756336
 0.01388704516856033
 0.01214663978719373
 0.01488043341853963
 0.01411991381089504
 0.01370933902815069
 0.01341477591418082
 0.01362495514248374
 0.01398834002559468
 0.01379469138118918
 0.01432307554419453
 0.01438294427913218
 0.01359953287102124
 0.01458244141045347
 0.01476524918623397
 0.01366474788048161
 0.01463797985952532
 0.01295432152529053
 0.01346152074663314
 0.01517268372858981
 0.01255239847454106
 0.01390967440385501
 0.0124959063929633
 0.01369676237310146
 0.0143466649638357
 0.01285719825371742
 0.01343745124415746
 0.01247021460753602
 0.01283434767650874
 0.01396141410658796
 0.01335830218546187
 0.01234045352566982
 0.01391814794655823
 0.01348098930822044
 0.01300153610401929
 0.01429166688038094
 0.01392712559317847
 0.01314785937085802
 0.01413240476901974
 0.01467759878329931
 0.01368159318413912
 0.01215009623920008
 0.01473055774905138
 0.01338592665165187
 0.01355393310333875
 0.01498135164138746
 0.01334253905717177
 0.01428057034729056
 0.01432509267738662
 0.01410920857109256
 0.01347179546755931
 0.01343354086720047
 0.01310973683896902
 0.01427655365253893
 0.01328532342297084
 0.01454973403253899
 0.01402266161315379
 0.01452538696086875
 0.01507092156753926
 0.01491723011236434
 0.0141135406704513
 0.01425841781524666
 0.01403765392682363
 0.01478251737717565
 0.01439847457619469
 0.01439517202829386
 0.01308383246559225
 0.01249831686354527
 0.01299105665403195
 0.01319321327962524
 0.01454465337978071
 0.01455871268094109
 0.0135883686743452
 0.01308463193106139
 0.01427513063981628
 0.01383079186647105
 0.01282390134648042
 0.01441420540801788
 0.01287336600192823
 0.01237506312393289
 0.01390207166197368
 0.01400699743762262
 0.01286717995304634
 0.0137449608770492
 0.01461357029231446
 0.01316857135880127
 0.0140723534540198
 0.01300180449161251
 0.01350165165376465
 0.01469281588586731
 0.01298745392161037
 0.01415099124240982
 0.01315549525641598
 0.01331231298031859
 0.01365058981633258
 0.0142852537136652
 0.01315746262259426
 0.01295065905651254
 0.01351193532058875
 0.01432227431924308
 0.01474684616262803
 0.01292193021180215
 0.01378350582296241
 0.01290037180950275
 0.01333118543645337
 0.01337299764382991
 0.01246080315554917
 0.01439864281765016
 0.01300506530693061
 0.01329646027517718
 0.01532242951072325
 0.0139942411489416
 0.01460339563997088
 0.01417199743155768
 0.01465604710060584
 0.0147980240284107
 0.01437031116772509
 0.0135029470362786
 0.01381869040218376
 0.01444355323448442
 0.01429380979397219
 0.0144384247637113
 0.01455497640134763
 0.01384404997175309
 0.01446791251097116
 0.01482732901538753
 0.01229421063600055
 0.01422779998952146
 0.0146068039197914
 0.01214101519013315
 0.01503158133986459
 0.01509655090077145
 0.01306161470482074
 0.01374038479113039
 0.01448810993257648
 0.01389289547453063
 0.01282219940667096
 0.01468031679060645
 0.01514934191008125
 0.01363945368397805
 0.01366965671284794
 0.01411958457839313
 0.01320476897947974
 0.01462070503292201
 0.01479810597016243
 0.01490683576936698
 0.01492563205413559
 0.01403697541090527
 0.01484157453501739
 0.01597783241122656
 0.01529689589974987
 0.01485045981410854
 0.0148067983819416
 0.01551897098087351
 0.01519019470615597
 0.01501267406294774
 0.01479563275291734
 0.01430833986213673
 0.01503018900048431
 0.01407796186181652
 0.01586769668386383
 0.01466225949538018
 0.01273554447265041
 0.01445863442956183
 0.01424474476128635
 0.01342335966408604
 0.01415952308214558
 0.01391130881658273
 0.0157688148698882
 0.01311371401027538
 0.0139559084045711
 0.0149009052205366
 0.01528496984894593
 0.01564338830554463
 0.01575091991382009
 0.01498694176793771
 0.01556580826641694
 0.01605966382263698
 0.01431724936301899
 0.01629483661412619
 0.01570839533733057
 0.01545001069715571
 0.0154085481541966
 0.0159921834033739
 0.01558666361034328
 0.01582681605910217
 0.01563251718101633
 0.01605474413277014
 0.01497491648717394
 0.01631478975938057
 0.01512309699576321
 0.01547135139634254
 0.01637857382676245
 0.01611692300675056
 0.0163005073012613
 0.01678450701270159
 0.01607843605687533
 0.0167766447739925
 0.01523651465732002
 0.01735353302670743
 0.01741134457849699
 0.01667199404051377
 0.01710936759555421
 0.01711283314247708
 0.0161549656752761
 0.0173347181779004
 0.01711224645453021
 0.01605214922797887
 0.01660751615176893
 0.01664478749876367
 0.01704600477784479
 0.01793716196157356
 0.01550784555025496
 0.01697688195435949
 0.01721542953568229
 0.01492680111587727
 0.01592433585672328
 0.01531934417637758
 0.01648560059890948
 0.01753730242529266
 0.01651791762108428
 0.01734118199214109
 0.01460499384041327
 0.0173026498040834
 0.01639685595469897
 0.01550014295886965
 0.01756820488607617
 0.01374446439144231
 0.01460052373321147
 0.01670828890153953
 0.01583493929149507
 0.01462298094328089
 0.01493459946073605
 0.01516903214606551
 0.01451025579023604
 0.01404612738694515
 0.01451157119283486
 0.01413772034742085
 0.01408771264295353
 0.01407398786010402
 0.01406465062818054
 0.01487468428896754
 0.01415897186905213
 0.0158911675137656
 0.01532381365026031
 0.01477919720274123
 0.01546406021748153
 0.01456094647300965
 0.01440387287866801
 0.01541560984561929
 0.01483956519771133
 0.01427620788951262
 0.01407062894988202
 0.01428539156241198
 0.01402179230812818
 0.01426637800887062
 0.01475021446838118
 0.01346302184274873
 0.0148767616150219
 0.013364863581824
 0.01398210203082
 0.0136325765133865
 0.01348578365765222
 0.01535776440529884
 0.01532716497511165
 0.0133975973606945
 0.01353360756201843
 0.01355282694123728
 0.01436361105941902
 0.01421278108061063
 0.0134086416451023
 0.01412765138708156
 0.0145914332241277
 0.0140210017936684
 0.01489494249533431
 0.01431540893078371
 0.0141995790584719
