# Created by Octave 4.0.0, Sat Feb 26 14:47:08 2022 EET <li9i@spell>
# name: mean_trajectory_errors_amcl_i
# type: matrix
# rows: 1353
# columns: 1
 0.07735316015721599
 0.01277082972644756
 0.01055463983548813
 0.008669477197793089
 0.0136968987357526
 0.01480704287921861
 0.006298314017135305
 0.007119303290037012
 0.007299199541825885
 0.006195643893965109
 0.008497798888660063
 0.009036772470153836
 0.0105017921462243
 0.009361999352364588
 0.01915257310532778
 0.009271416194990729
 0.009084268064149434
 0.009706694238221389
 0.008272212718257779
 0.009733606988587676
 0.008646932378675556
 0.009971903782138932
 0.009906504339623687
 0.01043058762825822
 0.01071059127838259
 0.009753473710571605
 0.01157481807028413
 0.009711226232417072
 0.01228484535738346
 0.01203313791759401
 0.01040434730644794
 0.0114131898335603
 0.01215054435360555
 0.0124580470875853
 0.01274727885397386
 0.01204658445082953
 0.01070621395936016
 0.01027573605190238
 0.009496913537358835
 0.01010542653010519
 0.009635408526881373
 0.009521759932373478
 0.01035701693336692
 0.01011417814875169
 0.009988451505860977
 0.00974670676793667
 0.01014271556671607
 0.01035777586804276
 0.01034121671536929
 0.01053184117897225
 0.01010999535681578
 0.0101209974450534
 0.01025232426824365
 0.01002388364645973
 0.010929820470605
 0.01048737503376368
 0.01072754850354849
 0.0107984916095673
 0.01086322786857916
 0.01114658534067613
 0.01159943539454212
 0.01119677642866023
 0.01141254153645334
 0.01201294778951304
 0.01271955423450845
 0.01358636841762518
 0.01261918743624793
 0.01279511600335705
 0.0124543670788009
 0.01305677434892448
 0.01201542794426504
 0.01269251540157793
 0.01248133671793516
 0.0129602056782419
 0.01268643068715958
 0.01241570752351103
 0.01306277819946051
 0.01291323790231207
 0.01189420141989948
 0.01227929867466065
 0.01266035125762018
 0.01293629684490775
 0.0136583292574711
 0.01312549153025403
 0.01363506145963593
 0.01282731920576616
 0.01293473225161801
 0.0135878747382986
 0.01399246972555738
 0.01404054216972145
 0.01299609692431758
 0.01388426423027504
 0.01361012972223813
 0.01459580443080901
 0.0142156031751998
 0.01216874055219566
 0.01404203509121592
 0.0148413906332575
 0.01340409585428535
 0.013882053849827
 0.01456802588411934
 0.01373092033568661
 0.01396548267136095
 0.01420358672273232
 0.01515972857937808
 0.01212328856590635
 0.01445498334350885
 0.01463273281416788
 0.01459354157537012
 0.01439198499524342
 0.01327629697130844
 0.01458809145563717
 0.01348437624418358
 0.0135568038928359
 0.01367319730046691
 0.01295419418160933
 0.01303040974066412
 0.01414206222316575
 0.01338848141802882
 0.01496780716502547
 0.0126767221080142
 0.01384253613266809
 0.01362183577145441
 0.01255955317255085
 0.01322666905930636
 0.0126885868070342
 0.01306185663196839
 0.01179300549356992
 0.01310038721152585
 0.01143688078547032
 0.01157882659016591
 0.01338931288283544
 0.01295550383534373
 0.01287871475016058
 0.01276316114280237
 0.01141549312816115
 0.01193603532881251
 0.01336444243325033
 0.01284690062067617
 0.01160813019380928
 0.01113106739327733
 0.01138118132344834
 0.01175484753234317
 0.0134487377466335
 0.01131425292662535
 0.01119593186665956
 0.01251423320177032
 0.01081505802201741
 0.01229841588711724
 0.01164172750554086
 0.0122225328715516
 0.0127731053145203
 0.01376438866880624
 0.01201565391097204
 0.01413839461749762
 0.01194648249353172
 0.01188089281763956
 0.013342403687362
 0.01391124088200328
 0.01399839082825274
 0.01297021691220718
 0.01166179415887205
 0.01014903132859434
 0.01180742907468981
 0.01204208533539898
 0.01070685101507322
 0.01378343681325221
 0.01326402020492645
 0.0123696417071367
 0.01354332802978158
 0.01152373069518507
 0.01226276019134231
 0.01169013196498358
 0.01241852314118813
 0.01097629497067499
 0.01344562227822519
 0.01280434006732244
 0.01343444251049917
 0.0126173415731683
 0.01083338707265962
 0.01197199866859652
 0.01255754336028975
 0.01130653672537659
 0.01276156994960461
 0.0130141514080179
 0.01282212318541833
 0.01303933930021768
 0.01384753447863495
 0.01384727297799653
 0.01333188800509123
 0.01384723093999423
 0.01523636384856118
 0.01322801787324218
 0.0145548701935047
 0.01548226356264885
 0.0125461256843504
 0.01194044212245743
 0.01385577156874318
 0.01344196428132989
 0.01379578163962326
 0.01256698732465431
 0.01339225193980739
 0.01345740548110615
 0.01296774531558113
 0.01278102743540367
 0.01292636808545077
 0.01386846570455589
 0.01365274434858107
 0.01340055070227643
 0.01283278902568439
 0.01282434616265634
 0.01297636197025424
 0.01225882800373124
 0.01383404339161385
 0.01334362105879957
 0.01087150684042896
 0.01397240764044729
 0.01307393781666289
 0.01348898758003924
 0.01233220313739171
 0.01243863345371838
 0.01323051663765189
 0.01332130275386567
 0.01404254702289304
 0.01420253462168689
 0.01356888993280615
 0.01407069543203192
 0.01205316002570939
 0.01290729208714618
 0.01499836600290744
 0.01062271539502801
 0.01187268909213635
 0.01443417935785038
 0.01293505827690614
 0.01445464663171975
 0.01299144019253201
 0.01366066393645905
 0.01439550120200142
 0.01378902781924109
 0.01355307590001415
 0.01216519512556863
 0.01467319074014747
 0.01446711666578478
 0.01386086477897398
 0.0161488035695753
 0.01322111382278953
 0.01296491605878107
 0.01428024031464862
 0.01416035251666962
 0.01467722391793033
 0.01377193911047543
 0.01474059546244192
 0.01439967066500899
 0.01445949487532744
 0.01547707953031742
 0.01222688934831361
 0.01451388808803726
 0.01558709962460399
 0.01454122436877735
 0.01572814488562969
 0.01394688229917417
 0.0142760467456288
 0.01458349660313001
 0.01427971412262705
 0.0142392897951713
 0.01349920865762038
 0.01535604776035387
 0.01462745586142425
 0.01495290889599608
 0.01529355315994334
 0.01243323928495953
 0.01533914154530603
 0.01510517820796882
 0.01395331532484111
 0.01406481665703874
 0.01370822658224709
 0.0127022832991371
 0.01397588784898851
 0.01506120289749821
 0.01529556739473736
 0.01341531055714211
 0.01519484457185927
 0.01603627374970791
 0.01390380238783165
 0.01526852977421169
 0.01403009650732288
 0.015177317451805
 0.01542540289193783
 0.0152173893994185
 0.01644845361421113
 0.01589875359443124
 0.0154589006563946
 0.01628487241385202
 0.0162542880567699
 0.01484197564213758
 0.01399372744292726
 0.01695166317266485
 0.01555797029012143
 0.01458877249148644
 0.01494987202918845
 0.01414796529132313
 0.01566690653146246
 0.01560722296991501
 0.01531434425293369
 0.0155206666653098
 0.01419762063797702
 0.01595232599886622
 0.01676690555094813
 0.01717948029117384
 0.01613622396357272
 0.01466310937512649
 0.01670382522871975
 0.01562958950373096
 0.01753608924894383
 0.01694574461977492
 0.01618249211907518
 0.01701089852492565
 0.01603297380812602
 0.01566641211723564
 0.01753623576392681
 0.0152731570446391
 0.01674924631350875
 0.01632881982550136
 0.01747955300812063
 0.01574967778620236
 0.01476193012758518
 0.01521643882149209
 0.01575303812440207
 0.01552955714483058
 0.01606313360835567
 0.01480972146207953
 0.01538231534620739
 0.01403622453535445
 0.01564590456573501
 0.01497511158792547
 0.01635141887404613
 0.01568948718135459
 0.01534621166123138
 0.01488781344788253
 0.0157715684875343
 0.01521946709624065
 0.0158043063239044
 0.01621059882722576
 0.01460618353237683
 0.0161869030752231
 0.01451289747193284
 0.01546432701760301
 0.01569716175915102
 0.01527186697912033
 0.0156961420056457
 0.01478328337505998
 0.01531735737999392
 0.01445828173892248
 0.01507640009058183
 0.01445899254080374
 0.01440103184635229
 0.01526739969861476
 0.01453947039114387
 0.0141830697121749
 0.01439983472904477
 0.01347375141276666
 0.01326784785550208
 0.0144827906785743
 0.01438904180536528
 0.01344925059475648
 0.01389971598324896
 0.01378345547402258
 0.01363680216203595
 0.0139047664245635
 0.01435526630020651
 0.01377401979690539
 0.0149530054421072
 0.01398469074251029
 0.01505119104666225
 0.01498956036266518
