# Created by Octave 4.0.0, Sat Feb 26 14:46:08 2022 EET <li9i@spell>
# name: mean_trajectory_errors_amcl_i
# type: matrix
# rows: 1343
# columns: 1
 0.08733894751562468
 0.02273440194788989
 0.01213691878751476
 0.009013614737080346
 0.01412762926752231
 0.01345349338494228
 0.006611832873812807
 0.006947282012930669
 0.007314092596263227
 0.005222210165604969
 0.006162023859607135
 0.008870207641528776
 0.009089114639931409
 0.01158846010847078
 0.01351478495095279
 0.01143660586134433
 0.009540075006279652
 0.008791079471256485
 0.00863023758289322
 0.009344855795413311
 0.008086336637835694
 0.008650153115363787
 0.009963817256207697
 0.01029310862954803
 0.009682050492093655
 0.01024382393345076
 0.01114471948202363
 0.009935128986134592
 0.009655842295765774
 0.01059234268050248
 0.01070647399566936
 0.01099649966250675
 0.01119133929459344
 0.01121389599824405
 0.01022510069212385
 0.01255000695045532
 0.01166045931620647
 0.01163278288717878
 0.01112112992582981
 0.01088262012738007
 0.01053816229594676
 0.01003701139846386
 0.009484736026098478
 0.009718024292874251
 0.009816802788007301
 0.01089652098870799
 0.01058777784483338
 0.01020045548293888
 0.009776771852172489
 0.01037847386425658
 0.01043553867261501
 0.01066558959426522
 0.010667480975006
 0.010904561038363
 0.01082376262254624
 0.01116765950486193
 0.01095145189617885
 0.01161539141818166
 0.01119968213098184
 0.01131899395479289
 0.0115691792395919
 0.01138667918889972
 0.01144359540490791
 0.01150951834371777
 0.01165581224430079
 0.0122436263391759
 0.01223687123279922
 0.01216049676169921
 0.01203726685022109
 0.01233660830198142
 0.01231836865851596
 0.01237679224125304
 0.01230223172154333
 0.01181918339492088
 0.01237057626393551
 0.01332842119288677
 0.01305776346617134
 0.01211363874796047
 0.01255682572806357
 0.01248006517797483
 0.01250850992536764
 0.0131880028313545
 0.01286472253984104
 0.0128355790373894
 0.0130610181382261
 0.01319355578861427
 0.01372934423986597
 0.01456187216852269
 0.01427203172476068
 0.01373809831188342
 0.01379811684388728
 0.01324954772328227
 0.01396338932161114
 0.01410025412191409
 0.0141895322356087
 0.01386677102541138
 0.01389062414745133
 0.01314557289048191
 0.0143638319359766
 0.0139114152032848
 0.01405876871485581
 0.01392398356220317
 0.01412529929482875
 0.01328335654874264
 0.01398894339427015
 0.01365757353985788
 0.01279889043919823
 0.01305884156500829
 0.01450416263331366
 0.01333793661395333
 0.01381635828127428
 0.01301411637954855
 0.0121626156183152
 0.01411672336880591
 0.01335623972482115
 0.01297687922508121
 0.0129047325735118
 0.01283259058631304
 0.01311765322220211
 0.01323734887368086
 0.01346627859792336
 0.0124902856340524
 0.01289893937052128
 0.01377295503332565
 0.01253276297078005
 0.01338484749725583
 0.01277715986823491
 0.01265905142962448
 0.01266254942643818
 0.01235959267927881
 0.01381133700374378
 0.01344590703568395
 0.01232650769421358
 0.01321053955543766
 0.01294023996890514
 0.01233071602485595
 0.01348161101840906
 0.0126468135224183
 0.01339343387093881
 0.01290679609889957
 0.01230538737888641
 0.01241783401654778
 0.01267007724128215
 0.01283126701222577
 0.01279958097230875
 0.01285549584744043
 0.01296547002421666
 0.01195178493581197
 0.01244423474240306
 0.01175030691767617
 0.01312190453862257
 0.01193201995905458
 0.01258082934691538
 0.01304547328882176
 0.01196145651865946
 0.01204527419529004
 0.01248489309245012
 0.01237208319638789
 0.01315530404051066
 0.01280727340121371
 0.01260487743387908
 0.01170484515137507
 0.01286429605710266
 0.01180779869211748
 0.01306659531718418
 0.0113578715309753
 0.01281661617864761
 0.0117764580093168
 0.01205107658793666
 0.01246994128748381
 0.0132652384971433
 0.01320627047551138
 0.01274865596435432
 0.01306595870765737
 0.01258481891060546
 0.01306220522784235
 0.0125846093238013
 0.01192305182365221
 0.01326325191296806
 0.01356350394724744
 0.01284606370961517
 0.01332140827229157
 0.01321636727871986
 0.01321611806734824
 0.01309844441030541
 0.01217189225888846
 0.01090852186241414
 0.01369777597767931
 0.01350125971137184
 0.01352508711410697
 0.01355665564400684
 0.01276603935979407
 0.01299604101290672
 0.01286805908889704
 0.01277979639542404
 0.01262802389307362
 0.01214306212934349
 0.01263967906959206
 0.01274087029043271
 0.01223575548513967
 0.01345580309493881
 0.01370832763107671
 0.01319038388855101
 0.01359707688583022
 0.01375801482748559
 0.01232939254047277
 0.01405449196731111
 0.01368220211863483
 0.01399498213509637
 0.01346198504806117
 0.01332833636742523
 0.01314348052991942
 0.01437239176958335
 0.01379925028783947
 0.01353529745687575
 0.01366848603689701
 0.01378797765367357
 0.01227586527952764
 0.01320671101128151
 0.01236082235351402
 0.01358281321935413
 0.01475075016549868
 0.01422120045457837
 0.01443370303677335
 0.01458898729864827
 0.013589027379722
 0.01414451652465765
 0.01433559402011495
 0.01411352704852338
 0.01489106462750281
 0.01423656990001394
 0.01345342015362551
 0.01398578835569944
 0.01422801239005315
 0.01381945433727179
 0.01447227346766768
 0.01455184628001539
 0.01441034593703604
 0.01406005589241478
 0.01454568929303208
 0.01363095649024605
 0.01419887432397475
 0.01512996012713087
 0.01435375706202273
 0.01397080914575088
 0.0152323333007444
 0.01487889224940829
 0.0149846515397861
 0.01521478866165655
 0.01481911034215545
 0.01388420873551979
 0.01487556488596154
 0.01481300084513926
 0.01489012947336115
 0.01484596012724105
 0.01515305166318574
 0.01474763129037499
 0.01445023947360226
 0.01496095019448567
 0.01459387248847299
 0.01426785216054681
 0.01466780045326705
 0.01529510592857298
 0.01530760333082227
 0.01577362540934973
 0.01435187242998174
 0.01456250511633499
 0.01555444138888922
 0.0155403199458998
 0.01450686160647308
 0.01441214029239892
 0.01471626548992114
 0.01573145587702141
 0.01504909183812835
 0.01538893733929157
 0.01513574273585811
 0.01540593293892741
 0.01440025704428408
 0.01482236714987951
 0.01606386590858461
 0.01504629258989585
 0.01497494298106834
 0.01583360847442652
 0.01535359904951207
 0.01496403088001556
 0.01504110174979591
 0.01532589393133391
 0.01527735649947956
 0.01581612536519044
 0.0155721813021709
 0.01528407471070742
 0.01578918497551333
 0.01518302382548938
 0.01477203972759054
 0.01596781608379482
 0.01526690452249159
 0.01581195598707184
 0.01601011258490343
 0.01530815566449042
 0.0157883760323975
 0.01551538850765415
 0.01437802369967981
 0.01612775125088496
 0.0158807878533552
 0.01590501206414291
 0.01525032979215098
 0.01545331215140279
 0.01601852736222121
 0.01541997146437686
 0.01557912388512809
 0.01559524342695652
 0.01510718923645239
 0.0154625667980822
 0.01610449126612126
 0.01544513699143416
 0.01404086212716296
 0.01537118222500212
 0.0153878164288144
 0.01405611524923891
 0.01501902602849509
 0.01479676286373745
 0.01436744285900992
 0.01507433868484689
 0.01504829476863652
 0.01537281895119639
 0.01431238763630651
 0.01453198500243396
 0.01486643747686543
 0.01447160445440696
 0.01499449017670339
 0.01558024752408946
 0.01427309649029097
 0.01425987849644336
 0.01494681918272691
 0.01397114086740112
 0.01450485695286477
 0.0155499961712824
 0.01452555211121503
 0.0151933573343888
 0.01599538661934861
 0.01495145351994062
 0.01472756077201858
 0.01550490532172789
 0.01558630019832866
 0.01563283142869248
 0.0158330177969504
 0.01507206087172801
 0.0145920789826908
 0.01498569206381851
 0.01500728958534851
 0.0142779936329148
 0.01488194989425537
 0.01517498984366706
 0.01489489407272595
 0.01482487914962282
 0.01407692186525862
 0.0146537771127619
 0.0142796298417347
 0.01501742821841027
 0.01448427295991256
 0.01484040705378127
 0.01420307054417096
 0.01411676686487755
 0.01412264599479642
 0.01349312807458886
 0.01464195909160679
 0.01411113014557569
 0.01390970168137082
 0.01485677635748697
 0.01489465330077665
 0.01471763273858943
 0.01423836996871269
 0.01520978707715559
 0.01498716084983048
