# Created by Octave 4.0.0, Sat Feb 26 14:37:20 2022 EET <li9i@spell>
# name: mean_trajectory_errors_dft_i
# type: matrix
# rows: 1355
# columns: 1
 0.004584500252272508
 0.01048695143757166
 0.006304573799958131
 0.01281292823322204
 0.007793471304074495
 0.01132386699113635
 0.0111505047434769
 0.01065740060019862
 0.008072252205915387
 0.009281062843407333
 0.009998594222965899
 0.01190929236201729
 0.01237073614926131
 0.009122022179433878
 0.01011735659856942
 0.009012463470126682
 0.009816683593828038
 0.009256185777032949
 0.00899330371258979
 0.01280690279390445
 0.01154298981995086
 0.01232693858007286
 0.01224486676683006
 0.01217939026042479
 0.008982189242712768
 0.008978389995090295
 0.01202946781899333
 0.00924033876569022
 0.01226041834196609
 0.01260654368521319
 0.01255045512659113
 0.01279559096717634
 0.01265798040472295
 0.01273727538549611
 0.01277501895070825
 0.01194104691199694
 0.009101580085553972
 0.009235011363385389
 0.008713020432422475
 0.008849077400685201
 0.00902676108538312
 0.008861214396985445
 0.009099653358342542
 0.009005989253311692
 0.009405215637083015
 0.009233223612765653
 0.009337442404733096
 0.009780236791728833
 0.009579205758145115
 0.009714124540252991
 0.009721241082040451
 0.009878631609074259
 0.01036570223796581
 0.00995181389180981
 0.01043085776636443
 0.01029127678307441
 0.01060143037782489
 0.01037109279401412
 0.01078787266724392
 0.0110950194926541
 0.01113830963732334
 0.01070150041527553
 0.01141974413109539
 0.01178774648461629
 0.01305497331400939
 0.01346628030144824
 0.01320561320183038
 0.01226946131644295
 0.01230079934694922
 0.01336962752853798
 0.01202261960255432
 0.01259039508062424
 0.01253056351718879
 0.0125201673560532
 0.01281429840198523
 0.01309858691751922
 0.0126881417040157
 0.01345708215499506
 0.0127778021285696
 0.01262834744783333
 0.01323347761974876
 0.01327681034508995
 0.01301283236291241
 0.01368668677541911
 0.01319210475042139
 0.01272637787760824
 0.01373684128662568
 0.01303047764385482
 0.01345291423789559
 0.01411305668632768
 0.01348878803588736
 0.01345788206784995
 0.01444048575421454
 0.01341709014012168
 0.01265697909099949
 0.0134762951281337
 0.01338043950812931
 0.01376535262708442
 0.01356977451715233
 0.0138197492087999
 0.01357688288689753
 0.01460278776432712
 0.01409464999459975
 0.01305573931662782
 0.01307773050904474
 0.01414208366177244
 0.01305777648738696
 0.0131087360300354
 0.01261380652914642
 0.01238520595989365
 0.01276319421535226
 0.01236451745205366
 0.01384978511981818
 0.01234607070342447
 0.01207128573676259
 0.01263750313869829
 0.01230206813639786
 0.01188445356509442
 0.01393267511655167
 0.01286665011825269
 0.01086191649302071
 0.01387500203057168
 0.01221085842837635
 0.01126663859198589
 0.0120510621455664
 0.01075700723571056
 0.01096177726659122
 0.01080650851597268
 0.01173751589148806
 0.01015001364709719
 0.009109217688085461
 0.01106178741841279
 0.01120452332456336
 0.01074849808349502
 0.01267305978329493
 0.01156132888921794
 0.01108364695954662
 0.01218776481018355
 0.01118292500346986
 0.009760769080503884
 0.0112374137458687
 0.009424548976875833
 0.01166024313490193
 0.01177074985477974
 0.010760906154745
 0.01039130035416459
 0.009934088516592068
 0.01101386948379459
 0.009298587816702286
 0.01058105074602544
 0.01115357349382537
 0.01096045374960466
 0.009747460496603846
 0.01059035398247457
 0.01152827766820463
 0.008813090719149526
 0.01172455283239178
 0.01138549884160668
 0.01129875271509177
 0.01134858302537005
 0.01142125888818673
 0.01161803576200055
 0.009193827696945715
 0.01303973009995192
 0.01167764555837535
 0.01152722196529878
 0.01118426948291442
 0.01107931325017592
 0.0111565500834776
 0.01217117582857192
 0.01056026510416734
 0.009399753474058994
 0.01079115568727852
 0.01159954926312396
 0.01097018647779146
 0.01275575999285557
 0.01151651810569265
 0.01236851695152362
 0.01225372414324154
 0.01202894680887078
 0.01145012204996155
 0.01132354027507058
 0.01115580776761535
 0.01068462223217118
 0.01199528808861321
 0.01302310122802256
 0.01024835776388939
 0.01183844464861804
 0.01125389214219501
 0.01096103150781097
 0.01376634840929279
 0.01017017021332953
 0.01086110307204097
 0.01288018327855865
 0.01221448408162475
 0.0110401728250942
 0.01106319280103646
 0.0110552102569681
 0.01069778936701341
 0.0122448873625354
 0.01250421092525819
 0.009934697870004911
 0.01213662518921243
 0.01300365783788247
 0.009683268757191013
 0.01220359521425078
 0.01111900614419389
 0.01124419355430376
 0.01045736879137784
 0.01105177864337177
 0.01126625649910397
 0.0109276790633236
 0.01231029118905946
 0.01086489292639612
 0.01000059691430997
 0.01290313930222237
 0.01174498089705715
 0.01187353712805089
 0.01142678758572131
 0.01283993775775737
 0.01306656207011441
 0.01280300655070709
 0.0127791801071171
 0.01156438241730852
 0.01280325210262664
 0.01188627396858541
 0.009923377569253142
 0.01055907829770665
 0.0129168793134259
 0.01223144525155177
 0.01208781215372481
 0.0125747201020207
 0.01130798048773971
 0.01108241143857879
 0.01272462650156243
 0.01317932525511883
 0.01159679462393022
 0.009709886876600085
 0.01286925338684764
 0.01309201977874979
 0.01314228615445881
 0.0145758919501093
 0.01196104588330183
 0.01326675328232083
 0.01396311207749308
 0.01270235376125405
 0.01311388026112703
 0.01363480595915606
 0.01305900993288344
 0.01412630833897444
 0.01296699949518823
 0.01264471067563914
 0.01392380652938487
 0.01420666059817733
 0.01260872821331386
 0.01480786855126712
 0.01351366661206109
 0.01322920202247207
 0.0140258696393118
 0.01366243318879823
 0.01334546846858001
 0.01322571740605164
 0.01342771225232334
 0.01241108318346784
 0.01300998130286672
 0.01300431265310395
 0.01345037597921691
 0.01421182682055745
 0.01383391343615698
 0.01196757650142589
 0.01468580220974415
 0.01355151963835423
 0.01197548691651341
 0.01424119365185172
 0.01270370708643785
 0.01408620019728985
 0.0142087319689157
 0.01292818360931325
 0.01328949118406974
 0.0138952917406396
 0.01387515257821829
 0.01414374061450382
 0.01456983255917496
 0.0140123985597759
 0.01448275772921151
 0.01353872564643537
 0.01348204917579856
 0.01384325833937598
 0.01469984950961066
 0.01158190032970914
 0.0146636685008217
 0.01426309982893368
 0.01310456226709907
 0.01457766467841823
 0.0136190506081496
 0.01285130728739126
 0.0144614615015188
 0.01277149474748102
 0.01257383274788052
 0.01324614101637476
 0.01342903670788945
 0.01411255963969492
 0.01412507517127701
 0.01341079208426804
 0.01277006583388423
 0.01510431535607749
 0.01301764394722685
 0.0136734439943295
 0.01468322653443254
 0.01363527939675294
 0.01458462139978373
 0.01469555380948634
 0.01449463014697379
 0.01463379307427762
 0.01484798083527607
 0.01497792468470935
 0.01459055695669084
 0.01307950134425058
 0.01439724789957072
 0.01406694015905468
 0.01485662696191198
 0.01427968012439034
 0.0154156867110157
 0.01405428386442425
 0.01467767633192458
 0.015584361117802
 0.01472578710816845
 0.01444214167620263
 0.01449691193454535
 0.01410006205657595
 0.01510857653566625
 0.01399597554552765
 0.01412408066010689
 0.01426794004142623
 0.01428692941988382
 0.013912392866351
 0.01441026987092996
 0.01406815281286664
 0.01436989180179681
 0.013978261983828
 0.01434621903441139
 0.01436256550740874
 0.01377559614488812
 0.01478656389959041
 0.01343792779439318
 0.0131968028431554
 0.01358225701308664
 0.01404289408911382
 0.0120203047647094
 0.01356658062778777
 0.01364162654626372
 0.01420200890119024
 0.01285671466516435
 0.01354478148126048
 0.01329861876001397
 0.01283887508172398
 0.01291591115082063
 0.01272482999515807
 0.01298490089193322
 0.01360705282182395
 0.01290609615226653
 0.01241364495911192
 0.01293757636535042
 0.01289717838424521
 0.01325228629072989
 0.01366572200961541
 0.0140299127355929
 0.01302046451795669
 0.01360882453277682
 0.01379833997628964
 0.01401314417217496
 0.01385203161859802
 0.01430619757057209
