# Created by Octave 4.0.0, Sat Feb 26 14:42:13 2022 EET <li9i@spell>
# name: mean_trajectory_errors_dft_i
# type: matrix
# rows: 1317
# columns: 1
 0.004416031706734465
 0.009951137063160021
 0.009173004545628872
 0.01240509693687246
 0.01277025107515507
 0.01201505192256218
 0.01001983732077905
 0.01041798803695983
 0.007645745905987275
 0.01086477637782538
 0.01088950091325199
 0.01086044933584458
 0.01159069517017293
 0.01223093043733767
 0.01196737298495484
 0.01249274588083084
 0.0125366347566818
 0.01272142860532048
 0.009543718038309557
 0.01310896541263871
 0.01196999623453335
 0.01293795907153693
 0.01264394901165925
 0.0108783550008229
 0.01263071542817125
 0.01163384230152189
 0.01054154958923068
 0.008896252135626451
 0.0116501233222747
 0.01276316713458874
 0.008488788282923709
 0.009489943465511262
 0.008899863292307728
 0.009557862817441289
 0.009985472487335108
 0.009777149844670442
 0.009244187361048803
 0.009375362686802679
 0.008875932314482117
 0.009051974839949073
 0.008910281580691275
 0.008686025186989244
 0.008952600716355098
 0.009404164015889512
 0.009241592619408252
 0.00954582517408022
 0.009484781107829202
 0.009817312633543832
 0.009658229437743854
 0.009854037884038798
 0.009751079094754618
 0.009788571337981115
 0.01027040545321557
 0.01026908255855433
 0.01007604756133389
 0.01049769136464656
 0.01004668755439108
 0.0103722565651132
 0.01038622161867861
 0.01098068371571796
 0.01098100673109704
 0.01154283073030311
 0.01171365094432263
 0.01143303604645027
 0.01158754718049101
 0.01190339615391124
 0.01200898214169186
 0.01238795334479551
 0.01211358495694036
 0.01211394832954674
 0.01238625184682499
 0.01198675447503198
 0.01178218982477966
 0.01260671327984101
 0.01286463416321392
 0.01290637330610655
 0.01190338558287354
 0.01275019359961846
 0.01244989558338126
 0.01290690096545232
 0.01308481360844077
 0.01294558255677502
 0.01318010337176454
 0.01312993984943868
 0.01324078949042913
 0.01389309799365886
 0.01354910765023061
 0.01294147693945537
 0.01405842783930332
 0.01427124151037555
 0.01325861716404041
 0.01402511471351188
 0.01372205668314496
 0.01399398713520911
 0.01433833255945648
 0.01436059142752707
 0.013474745863282
 0.01391573505472343
 0.0146722902691586
 0.01449339751735198
 0.01441662036090723
 0.01428266745355538
 0.01361173633120863
 0.01462561188717594
 0.01419311518474247
 0.01384817701166305
 0.01454045692910256
 0.01403611624732302
 0.01355619531934658
 0.01369847478974878
 0.01451321628569221
 0.01368427473558178
 0.01447751946155196
 0.0143417328554202
 0.01409388234645884
 0.01343431453328899
 0.0143067173809283
 0.01470703825031911
 0.01391819925887368
 0.01334476651142493
 0.01418394624883145
 0.0141513134157434
 0.01413093735665472
 0.01433882803385976
 0.01417376832258192
 0.01229158340130639
 0.0145435966988918
 0.01313918656047981
 0.01226768818133999
 0.01263975850090889
 0.01171282132705309
 0.01237562693244838
 0.01284134491503086
 0.01094364024225486
 0.01218539052702395
 0.01151170240757851
 0.009976588423585574
 0.01142423193771042
 0.0116007600236984
 0.01070966343438575
 0.01066902862221363
 0.01130019038967915
 0.01145184919450902
 0.009533420561360417
 0.01100806680285095
 0.01091278184290496
 0.008973526922070089
 0.01242319188347973
 0.01149344798934984
 0.009373029513548166
 0.01265950603995459
 0.01272918771672176
 0.01318434079323992
 0.01225428612502757
 0.01370850008629517
 0.01234568870016393
 0.01319026421568781
 0.01417005355147956
 0.01378246852555369
 0.01401071335926349
 0.0112205750919649
 0.01184235928535373
 0.0123334877153804
 0.01130455129756384
 0.01113018252555225
 0.01064118132913812
 0.01070737842357181
 0.01194970619722775
 0.01008758307365924
 0.01126566553500238
 0.01274354356514791
 0.01143105303342958
 0.01034659768962953
 0.01223123931326615
 0.01171799334472373
 0.01194116238029649
 0.01299681589813726
 0.01248429719625741
 0.0120885046873281
 0.01158231774324886
 0.01321329348532203
 0.01372596691271293
 0.0137148763359233
 0.01489640929741948
 0.0125521445973658
 0.01521376369373915
 0.01472718366659227
 0.01288466370563428
 0.01391583867749993
 0.01325519600491191
 0.01426732260598465
 0.01431578115401348
 0.01441537978855874
 0.01401183528174602
 0.0142778758356311
 0.01475233314256324
 0.01426162887526451
 0.01403854270420192
 0.01479425886786141
 0.01248362763837507
 0.01319888300202868
 0.01449394785023119
 0.0137004006106325
 0.01338546595852578
 0.01454703312162301
 0.01487537731172131
 0.0138078199176929
 0.01421190126816405
 0.013585073359198
 0.01474503198898336
 0.01404435629927242
 0.01413953019839964
 0.01459372489254207
 0.01385934567065852
 0.01544438192836026
 0.01378539242532741
 0.01406187297238856
 0.01413484175267892
 0.01545909130545722
 0.01426760706312094
 0.01373714786386443
 0.01444721183286571
 0.01478049612556343
 0.01423257057472306
 0.01463818100444074
 0.01338301408674128
 0.01337801174851069
 0.01228065220954925
 0.01442544843524184
 0.01178979596480769
 0.01406826730384563
 0.01304847154862365
 0.01269163106517111
 0.01308583368310094
 0.01303191322652428
 0.01405143362624522
 0.01484079212990845
 0.01459632203516992
 0.01603071591798689
 0.01428842655106727
 0.01455606389767879
 0.01504193641997447
 0.01398969734265586
 0.01507347167662714
 0.01503959575765234
 0.01347473640983433
 0.01472398259536085
 0.01582892454583115
 0.01395095066382099
 0.01397929018152309
 0.01567756704029123
 0.01470300851201578
 0.01443104173822637
 0.01621559591963776
 0.01524750628427169
 0.01310659912472907
 0.01541197338681219
 0.01529562838527382
 0.01415745368560627
 0.01471523283561748
 0.01342664352653582
 0.01421170374047053
 0.01400661474010228
 0.01304261858344466
 0.01330454325748406
 0.01421772611183439
 0.01362519458011514
 0.01362450783226042
 0.01442494406377532
 0.01166628201580554
 0.01363475086336139
 0.0137313787294135
 0.01100261709278297
 0.0141841376545766
 0.0134505795583793
 0.01257302838681081
 0.01353254288523368
 0.01458460723921169
 0.01276210523254866
 0.0144176399530182
 0.01542819335722441
 0.01469562306590964
 0.01529156929483661
 0.01517078122539771
 0.01487889372665572
 0.01506656997625121
 0.01619452883230998
 0.01641385068993955
 0.01708702937486566
 0.01646472725577888
 0.01648827060417095
 0.01692637107129431
 0.01737245073707001
 0.0151924564931871
 0.01683183828696671
 0.017557257099908
 0.01659635835480844
 0.01670525166700281
 0.01704346300078608
 0.01541294938836459
 0.01646314129701827
 0.01713403959885877
 0.01657320803276255
 0.01531654380214237
 0.01727236340413874
 0.0165088395574692
 0.01746218248359989
 0.01665605023105775
 0.01643983573700562
 0.01645646797986644
 0.01654793304214679
 0.01734642474867064
 0.01661375165788816
 0.01633749001286026
 0.01731003411351083
 0.01688994497375288
 0.01576085169977591
 0.01748532563305421
 0.01721778518914261
 0.0167098206454983
 0.01776106779809101
 0.01668034655584817
 0.01662128539568406
 0.0157396653857514
 0.01690820883692183
 0.01547279412264348
 0.01508864730922916
 0.01645452308204581
 0.01663227164902372
 0.01505487153555794
 0.01410671457501047
 0.01661806447953256
 0.0146220823949248
 0.014132641636608
 0.01551517759243265
 0.01414509268642787
 0.01450659388397317
 0.01470236303460577
 0.01413414462569448
 0.01415771764503131
 0.01516080171443643
 0.01505153383638838
 0.01463719166112856
 0.01493062262092882
 0.01448000019524642
 0.01522073921317591
 0.01472732091403981
 0.01526759107643856
 0.01458825026257891
 0.01455671273326203
 0.01550949220565136
 0.01427143870455338
 0.01523516079128893
 0.01519253623567872
 0.01517496548162015
 0.01372391356742803
 0.01375973621884653
 0.01468704720398525
 0.01336202382864873
 0.01363604438116496
 0.01322816319740109
 0.01385153563385676
 0.01420131255625004
 0.01361785841870055
 0.01367857300507313
 0.01264630826335053
 0.01315776771136598
 0.01337571482678811
 0.01326374888531876
 0.01325437454905496
 0.01385264480711554
 0.01328268027550371
 0.01367445748639715
 0.01424766437452407
