# Created by Octave 4.0.0, Sat Feb 26 14:27:30 2022 EET <li9i@spell>
# name: mean_trajectory_errors_dft_i
# type: matrix
# rows: 2029
# columns: 1
 0.008480154575691802
 0.00317937735961183
 0.005594818336805263
 0.007634856688739918
 0.008103715405609828
 0.009022426371268247
 0.006220818342386797
 0.007463783982115347
 0.007707337726356907
 0.00788971761640617
 0.005587043382801763
 0.006650298397632315
 0.00724003030322691
 0.007107872233218381
 0.00604623447535171
 0.006200377568919401
 0.006764426602908633
 0.007449539770456576
 0.005820628636880319
 0.005888234880117731
 0.00687030387017562
 0.007121454831124979
 0.005434502287053652
 0.006583483969269343
 0.007013002487464382
 0.007652583077888673
 0.006387559641260887
 0.00692455325119197
 0.008058414635240447
 0.007289860569698143
 0.00632196624796188
 0.00780930897970116
 0.008085666145855555
 0.007713217967340808
 0.007060131223424578
 0.008303178447133908
 0.008437736041994208
 0.008143053668617842
 0.007593132318173341
 0.008131216013082677
 0.008424718037208543
 0.008790497632670912
 0.008229887302708024
 0.008466848216748847
 0.008814647049896051
 0.008521830114400037
 0.00730840707681343
 0.008478635529187296
 0.008560316949742693
 0.008738057496601417
 0.007950177253045062
 0.008693532691634857
 0.008628867386186947
 0.008508291454022886
 0.007773356070072607
 0.00878353820909273
 0.008908157106993036
 0.008431623675116661
 0.008173004476480191
 0.008732508499099699
 0.009230075677030075
 0.008009736834991024
 0.008093082293874796
 0.00905732346796741
 0.009144945585444767
 0.008686684451854842
 0.008820450561926253
 0.009292337116426956
 0.009413694462319938
 0.009372580884025041
 0.008652680930579448
 0.009255593160689591
 0.009381871611723859
 0.008872565594196014
 0.008735854595804556
 0.00870073522538237
 0.009199315925584442
 0.008946875616318073
 0.008456817505749442
 0.008935716067575077
 0.008944860047744706
 0.008694976833850421
 0.008216580203128557
 0.008622986722451455
 0.008845604889220862
 0.008514148451711539
 0.00842606083629833
 0.008832609164046025
 0.008745142036854609
 0.008594793307553628
 0.008177766404692366
 0.008845101666476594
 0.008790640841253913
 0.008554416573431447
 0.008290887545540852
 0.00864447625246674
 0.008703464766048746
 0.008492289022022911
 0.008423187359503828
 0.008874677715261018
 0.009007608434243575
 0.0083922168468871
 0.008623911014219127
 0.008597802197226313
 0.009080377533991022
 0.008702233329089731
 0.008671801178670259
 0.008895044619780754
 0.009009190682230562
 0.009086996841551389
 0.008915923545354618
 0.008606312708715239
 0.0090773609493834
 0.008955474844179712
 0.008897434063431606
 0.009038124044405512
 0.009335747899770638
 0.009166739329657359
 0.009165305674660052
 0.009160866623608807
 0.009425039646759004
 0.009063155452692099
 0.009249485978713093
 0.009323622127882531
 0.009535568634306013
 0.009456763318215738
 0.00931035252681741
 0.01022455544517466
 0.01001430229016527
 0.01016000033383647
 0.0094762094669819
 0.01004113392938632
 0.009848993282096277
 0.01002192872178308
 0.009655527671938259
 0.009792598823852333
 0.01005061817676656
 0.01022681598266014
 0.009678334527320268
 0.01005778462069095
 0.009910336990989744
 0.01021949446203125
 0.009889580957764564
 0.01058722725526036
 0.00998162222006815
 0.01039313906096002
 0.009830491121681127
 0.01035326963224428
 0.009575317838723004
 0.009913185014736
 0.009824997405689644
 0.009805644213373699
 0.009322374514071485
 0.01003617940789886
 0.009700131162421969
 0.009632650544784214
 0.009567519581052201
 0.009986199595120791
 0.009931059498047415
 0.01007402732028338
 0.009766492830322691
 0.009853824380814655
 0.0101515184338291
 0.01004160216449441
 0.009838649782410894
 0.0101356215731638
 0.01002566751641349
 0.01050625959354507
 0.01004983259380546
 0.01024788614939693
 0.01058186220607126
 0.01066675152398464
 0.01018581893111073
 0.01086580843359236
 0.01110203431892791
 0.01079129015946481
 0.01078032229578871
 0.01117928014598673
 0.01135953680279124
 0.01154243853506944
 0.0106880243733529
 0.0115522210501223
 0.01159055315354197
 0.01171043489934311
 0.01159541309161881
 0.01146434724644021
 0.01167269520188531
 0.01204065904937099
 0.01134173414770139
 0.01176074505134264
 0.01170278687493906
 0.01218076509012283
 0.01154952896797461
 0.01184612592411123
 0.01236154166270035
 0.01230733398152154
 0.01181704455974271
 0.01221452620037638
 0.01216663754782205
 0.01286350543818901
 0.01196737942773937
 0.01190000150924726
 0.01258387125169125
 0.01325200745153475
 0.01167181023114479
 0.01187677081823973
 0.01260821038495486
 0.01238816024307564
 0.01141185872489337
 0.01237592386811315
 0.01334188385225406
 0.01276967561936795
 0.01200619886130514
 0.01224398942917101
 0.01256498042648064
 0.01318053775929001
 0.01190254353412155
 0.01235104401989295
 0.01327892752704242
 0.0135982542535501
 0.01213512056949554
 0.01222497488286523
 0.01298644329157365
 0.01302901747835603
 0.0125377411929732
 0.01276153120111318
 0.01316500359152351
 0.01247118020931152
 0.01236715092209711
 0.01245914430976541
 0.01309088087351059
 0.01269222931632924
 0.01215938162804568
 0.01209797982697144
 0.01306767108425305
 0.01295232023009235
 0.01242851271083472
 0.01237707803622036
 0.01400603187355783
 0.01255632730200016
 0.01162452126760418
 0.01213782549523914
 0.0133433062937984
 0.01299180414767864
 0.01149160046886133
 0.01224033633198289
 0.01287290440460368
 0.012613851703889
 0.01217728099097646
 0.01255874640386178
 0.01296069027685881
 0.01250904597943062
 0.01235210965603572
 0.0125636949265192
 0.01234481840854573
 0.01241008976199381
 0.01226567014512841
 0.01122655784596754
 0.01144090353274607
 0.01125786255047035
 0.01197152295073592
 0.01222809130357294
 0.01021709377843098
 0.01041343867313108
 0.01177103185573494
 0.01228651972614481
 0.01062668321534253
 0.01118338633649041
 0.01114785170147125
 0.01160615700496762
 0.01116519268607101
 0.01075837650314934
 0.0107877105996353
 0.01150941209480927
 0.01080808024897516
 0.01106603191597152
 0.01086045542696019
 0.01142843867604564
 0.01124813930481189
 0.01034346490379094
 0.01159364727263125
 0.01152111184418167
 0.01100466093681979
 0.01043952929381546
 0.01194637127281198
 0.01248360701422237
 0.01101111790103399
 0.01067095363881643
 0.01069735534282597
 0.01173771286358788
 0.01057748019387212
 0.01000587161805175
 0.01130886642088166
 0.01089329430510623
 0.01138986368073828
 0.01149119572620051
 0.01095034340292508
 0.01048062571270747
 0.01173324811577731
 0.01193384383297102
 0.0116493048980866
 0.01045997807336894
 0.01142891162310699
 0.01108383122801213
 0.01096104248516703
 0.01063572612519103
 0.01169990374554061
 0.01134122981598869
 0.01014461245295288
 0.01036486173777477
 0.01159511215856455
 0.01184221311705393
 0.01078856865144409
 0.01069525163352339
 0.01181253777020452
 0.0113941103252165
 0.01098379968151866
 0.01137995252866266
 0.01078096971462317
 0.011893300363161
 0.01074983824919792
 0.01032850631904443
 0.01057940870432406
 0.01207940418265189
 0.009976325381120112
 0.009982044344780621
 0.01008372653594445
 0.01133324724768987
 0.01114414356139956
 0.01129457164711018
 0.01138802535741242
 0.01194214118462534
 0.01080518814950991
 0.01081873646844775
 0.01020528268528417
 0.01200326362942017
 0.01122007746434422
 0.009364878637943936
 0.01071974320931812
 0.01131293510929526
 0.01252985872005229
 0.009680188584484373
 0.01189403354892487
 0.01059254767252811
 0.01174091968944326
 0.009901926023929843
 0.01141033576632176
 0.01046849115976824
 0.0118149348405103
 0.01052515036567141
 0.01164163907555167
 0.01028908828610789
 0.01109105893881119
 0.01157307667488671
 0.01119266877764778
 0.0106732756615725
 0.01073261631142618
 0.01194966135425644
 0.01101729447780402
 0.01090870953213565
 0.009913233928765636
 0.01156089900534316
 0.01100712035397197
 0.01037284188316568
 0.01167705834250819
 0.0130799813339743
 0.01104086685148185
 0.01087914373770527
