# Created by Octave 4.0.0, Sat Feb 26 14:44:10 2022 EET <li9i@spell>
# name: mean_trajectory_errors_dft_i
# type: matrix
# rows: 1339
# columns: 1
 0.004265800671168711
 0.01175502758384186
 0.007285648949730746
 0.0129668504211632
 0.01111933341510481
 0.006547123908375965
 0.006890093227242862
 0.005945121987578247
 0.00605615377270282
 0.006225194883920811
 0.008500119692704405
 0.008248825698400113
 0.009598205315989591
 0.008764555209574009
 0.008670885679905579
 0.006870124479987178
 0.007899091521245264
 0.008419251613240471
 0.008943045780495592
 0.008570253664629282
 0.008793510140567066
 0.008627697620839193
 0.008332302099846076
 0.008663794973541184
 0.008492997743185085
 0.008410850591988145
 0.00897610752586148
 0.008748013910063121
 0.008869119680768801
 0.008732635946388968
 0.00913670893514717
 0.009571917207403857
 0.01001066350561196
 0.01055321874970954
 0.01064090357707514
 0.01142738014357624
 0.01015149848263228
 0.01236734954650339
 0.01036480642186517
 0.009846608624587243
 0.009979812808362333
 0.009512009165388052
 0.009368441313384521
 0.009718268584002869
 0.009736330994499632
 0.0102052948321318
 0.01052301456488368
 0.01056967865504464
 0.01061130999008608
 0.01072336203251745
 0.01085161062891894
 0.01054607532155038
 0.0108825390741295
 0.01100171045043359
 0.01109658892953698
 0.01107495830505985
 0.01118212230579712
 0.01163420684119253
 0.01165701694561938
 0.01174673343410319
 0.01183120387544132
 0.01169363930240619
 0.01234348032399183
 0.01199840429494357
 0.01235095846979504
 0.0125415818302588
 0.01248591514652448
 0.0128835349153735
 0.01311444079316072
 0.01281412009612824
 0.01282955300760387
 0.01285199243207831
 0.01278084149355987
 0.01267873985343617
 0.01304914286059881
 0.01333459541320346
 0.01280155095868674
 0.01378045561248128
 0.01337288403785847
 0.013447044618588
 0.01351514475283627
 0.01325630971189707
 0.01391063200750317
 0.01365285468684546
 0.01230372299552343
 0.01408817712149816
 0.01432332669620064
 0.01323325303507345
 0.01443842192566292
 0.01442124759066248
 0.01376921362446436
 0.01362245488521185
 0.01442820789450145
 0.01290341734818637
 0.01488302545113205
 0.01468351846366199
 0.01265016570844658
 0.01323937247466164
 0.01366868410990465
 0.0123425054820576
 0.01427263985596343
 0.01315502838740421
 0.01286991313825091
 0.01420642732919183
 0.01387331693104723
 0.0128396916998189
 0.01326048903063063
 0.01340139791271349
 0.01237245610437607
 0.01281196061321855
 0.01379039738289472
 0.01236823199794672
 0.01357236886521686
 0.01231759278726648
 0.01093762792380767
 0.01378412961035936
 0.01154886210391537
 0.01206400540049792
 0.0124022729964841
 0.01256443256970563
 0.01056016343349269
 0.01169111771611269
 0.01239496986159285
 0.01217311880597486
 0.01108963816617327
 0.01140269656995376
 0.01118935266157583
 0.01320305099878772
 0.01128402392431706
 0.01051167291377689
 0.01128703715216009
 0.012342248314031
 0.01173778604949084
 0.01125674869904706
 0.01156064581189115
 0.01141941207275915
 0.01157615322766013
 0.01159689793941474
 0.01203397592894178
 0.01093219426089562
 0.01110569428396495
 0.01060453737161835
 0.0119155359679526
 0.01106795273067919
 0.009820665622996955
 0.01262484033460114
 0.01136685054381114
 0.0103239060708756
 0.01218222095023077
 0.01053773285900167
 0.01170975856304171
 0.01160392988908782
 0.01183437156484583
 0.01221512015731434
 0.01317637489406206
 0.01115331773332125
 0.01166334331815848
 0.01154584480601269
 0.01292290160185892
 0.01165268561694081
 0.01308065740472582
 0.01256495586249764
 0.01057117644885809
 0.01152580695557198
 0.01242258109302311
 0.01071797866202396
 0.01074026913374283
 0.01179487493708151
 0.01157495586164773
 0.01309818484701688
 0.01029016463863454
 0.01320848528114248
 0.01194127345008798
 0.0126789390777399
 0.01141431633162935
 0.01029792710050921
 0.01082154626008548
 0.01113923420267389
 0.0114811219667497
 0.01033765384499849
 0.01135166778450951
 0.01155728553507145
 0.01224848482898129
 0.01128761242769348
 0.01202770690362284
 0.009612573387726198
 0.01271008427143593
 0.01142919270087121
 0.01110646999460212
 0.01159260108557027
 0.01078201476943938
 0.01063542437818989
 0.01150822220921426
 0.01050181683257252
 0.01057670610111767
 0.01176411472131339
 0.01150162560265382
 0.01137920837398597
 0.01159698698590108
 0.009903004977685341
 0.01142505603446633
 0.01122729915635954
 0.009900785408044985
 0.01079956687122113
 0.01061382318708971
 0.01126996138728894
 0.01254585973829304
 0.01057210256921017
 0.01189554061266737
 0.01060552697604522
 0.01137253856538675
 0.01241543968605211
 0.0104276946905335
 0.01064948073447398
 0.01291868585066327
 0.01158207183076398
 0.01219249742448798
 0.01358116062831215
 0.01137281390734089
 0.01222196029432283
 0.01294222380210178
 0.01182080885344701
 0.01192941679511881
 0.0121222870607091
 0.01326299536822962
 0.01112241569004156
 0.01351279277971367
 0.01282969620017172
 0.01087207659382172
 0.01099485496636155
 0.01301110281910219
 0.01214454775622164
 0.01255403571500033
 0.01414070826652932
 0.01205166373214261
 0.01241845187487117
 0.01203266397199399
 0.0115776272511291
 0.01238239588609327
 0.01355004203153558
 0.01140024690677406
 0.01058669314258326
 0.01312644389351327
 0.01142409004702711
 0.01271011079234859
 0.01260553133244287
 0.01204195183051271
 0.0135992660720329
 0.01251851741375688
 0.01231040244925755
 0.01318270728466487
 0.01335933625962556
 0.01450850465154491
 0.01472974285460009
 0.01304830512491108
 0.0127636933678068
 0.01341003260982375
 0.0106121555791042
 0.01350742330194883
 0.01295702818803575
 0.01268589317423124
 0.01305344368895599
 0.01384063654532293
 0.01303418722703281
 0.01280000773488579
 0.01379788902891526
 0.01161819128256776
 0.01160347857370011
 0.01313392612519148
 0.01312012654837378
 0.01318315516700073
 0.01407532396835755
 0.01397612470424489
 0.01353819357688519
 0.01507374465374629
 0.01293414294461839
 0.014373809330089
 0.0142735138151936
 0.01210981513782471
 0.01428674727260375
 0.01580648457134043
 0.01386333342362969
 0.01344660511991128
 0.01447122848122736
 0.01402426959206334
 0.01325571707638247
 0.01559664968087046
 0.01510074183613159
 0.01386176892043021
 0.01453711929901389
 0.01319609621627692
 0.01391503067652822
 0.01431396823733885
 0.01372252352777685
 0.01310143942767235
 0.01357246157914307
 0.01348496503404541
 0.0133331935878624
 0.014013178932526
 0.01422050668670854
 0.01417036764473824
 0.01477403770376082
 0.01505416742259254
 0.01463280742547254
 0.01615478470771366
 0.01479360201006987
 0.01466575771988321
 0.01540833501110146
 0.01525704850966023
 0.01425280414094094
 0.0131967841489328
 0.01388722491400366
 0.01516214442344685
 0.01357975562538229
 0.01450390170328609
 0.01439653879463874
 0.01423048023655183
 0.01444537134850082
 0.014919786077444
 0.01519024834167217
 0.01406513101625073
 0.01448596350484557
 0.01508942691687771
 0.01415998058774265
 0.01431194858603104
 0.01375681651871173
 0.01387145851572522
 0.01343790185668702
 0.01508727682908799
 0.01409295639683072
 0.01455912668352927
 0.01267249730747344
 0.01367962216878108
 0.01356396867475306
 0.01319365856847344
 0.01427741900379144
 0.01318542096545692
 0.01455958872021023
 0.01328954684213155
 0.01350460757967308
 0.0144225911111252
 0.01355686608781315
 0.01498364336107437
 0.01620545278993371
 0.01508154854991494
 0.01371679302656226
 0.01649347615659945
 0.01620058851584771
 0.01360265785706805
 0.01566097637924688
 0.01397354438819699
 0.01383952418810074
 0.01517361727041206
 0.01320687309215379
 0.0148343124877596
 0.01344862809205279
 0.01374485089361283
 0.015241191519551
 0.01307334208409988
 0.01343944254266561
 0.01384392210157731
 0.01317829763740362
 0.01310768862823266
 0.01313976756514965
 0.0132328097390058
 0.0135960546684487
 0.01371939058656492
 0.01361383052543333
 0.01437734750176547
 0.0144124973231454
 0.01427048075109076
 0.01428005616584316
 0.01458060058613331
 0.01399581089985361
