# Created by Octave 4.0.0, Sat Feb 26 14:43:11 2022 EET <li9i@spell>
# name: mean_trajectory_errors_dft_i
# type: matrix
# rows: 1333
# columns: 1
 0.004327924561541227
 0.009484129648393427
 0.009459033468527885
 0.01298526802621498
 0.01333391441088852
 0.01152015755746314
 0.01128660150587056
 0.01010345562186571
 0.01085133076300839
 0.0108174284898474
 0.01116782258856637
 0.01184854764731221
 0.01192117961476381
 0.0121691172486714
 0.01273062942754524
 0.01277006752836982
 0.0126374553859379
 0.01271605063838058
 0.01291546717565103
 0.01286422852374908
 0.01131416059869334
 0.01283410464207056
 0.0127207698099448
 0.01232993706218792
 0.01245074560489183
 0.009465674549416639
 0.01153839551684572
 0.0102906625354094
 0.01247857260117425
 0.01202057642067544
 0.009301275976654028
 0.009070746883038206
 0.00955200112666435
 0.008997555696428862
 0.009444950835478135
 0.009756145717216296
 0.009135031251386601
 0.009985879940879076
 0.01019226269887985
 0.0100017242885731
 0.009697033200941368
 0.009889063876700859
 0.00965567024705876
 0.009770648974409261
 0.009830825064330945
 0.01028666294427849
 0.01021948238703544
 0.01069834376099971
 0.01032341867665453
 0.01066335267466062
 0.01074116432951287
 0.01080449536192835
 0.01103514381858067
 0.01124019567335678
 0.01141576388816764
 0.01150107907481708
 0.01133534132775612
 0.01133722388164181
 0.01166422430017782
 0.01198057509939793
 0.01164874358171918
 0.01161943296083364
 0.01243128500425963
 0.0122230064741303
 0.01256327304740913
 0.01251223590274291
 0.01255601789473418
 0.01276833117595825
 0.01275118584107037
 0.01261844731886463
 0.01257314594025126
 0.01309442107138871
 0.01314866413420932
 0.01314143254497392
 0.01296407026437706
 0.01332511866293557
 0.01291593868474466
 0.01389031143717136
 0.01353075165907284
 0.01342082564133015
 0.01391386050649525
 0.01332083888650392
 0.01405617800701256
 0.01381241472109878
 0.01366715628366524
 0.01385528352498173
 0.01446550026131238
 0.01433438716599974
 0.01463030329686852
 0.01414266812551647
 0.01307178061445222
 0.01364663283319245
 0.01362938681624951
 0.0144021654709469
 0.01415699241452084
 0.0137851113208965
 0.01345183570826409
 0.01443954254447614
 0.0146837240642016
 0.0140240480585606
 0.01359317525717814
 0.01316681276082264
 0.0139340482535123
 0.01359585085741111
 0.01428643596780726
 0.01336009636475797
 0.01379559449532897
 0.01345913327386786
 0.01412336247784196
 0.0128933139729495
 0.01404619918802824
 0.01455489987008903
 0.01470826132154377
 0.0138669136893997
 0.01425447495394974
 0.01455208974119726
 0.01526844005657417
 0.01479424127486444
 0.01311319142303593
 0.01474421023262659
 0.01229397301322529
 0.01298637403260178
 0.01338941714411021
 0.01144035861576419
 0.0136109687560559
 0.01216673231251321
 0.01380099905323288
 0.01464283236197028
 0.01278298486013303
 0.01301348848273656
 0.01294521098640903
 0.0140495077450366
 0.01282248875819821
 0.01466718919763174
 0.01277411442034635
 0.0130781490578689
 0.01316397552117136
 0.01235812175661978
 0.01370211211017781
 0.01271186122234252
 0.01312219172617739
 0.01406922350975635
 0.01347983834138179
 0.014647196698875
 0.01474996832494325
 0.0137182802904783
 0.01417838849302682
 0.01456548075087777
 0.0136189168073078
 0.01367478721826834
 0.0146815065336244
 0.01439301604527284
 0.01381969072030867
 0.01486356996226035
 0.01420968986077898
 0.01375169041288263
 0.01390265343558599
 0.01490153473017907
 0.01426984648246169
 0.0140216319210407
 0.01472512811533132
 0.01475171856678777
 0.01369499778358311
 0.01364526984966807
 0.01372673505087905
 0.01371587153882172
 0.01372811176403409
 0.01440468268077058
 0.01522381896132246
 0.01460161053151473
 0.0131885517599396
 0.01385380984055733
 0.01445890262174667
 0.01461774223502376
 0.01387330915768989
 0.01418316494676776
 0.01474088535944425
 0.013665023045385
 0.01384341357969995
 0.01406975479978244
 0.01346846386703997
 0.01440776674073176
 0.01497450871234254
 0.01290206865370205
 0.01329750282123422
 0.01494737374789997
 0.01212691034468458
 0.01437016211624058
 0.01489056779383086
 0.01355320591786182
 0.01398121635849415
 0.01439379629335526
 0.01421070019906651
 0.01473195875286902
 0.01326330940411566
 0.0126025202416748
 0.01452021690551934
 0.01327203303470887
 0.01384050804982743
 0.013231794491738
 0.01364769606146646
 0.01276961533125555
 0.01280365848777164
 0.01418442370324186
 0.01309677729984334
 0.01225287455402564
 0.01380818443903605
 0.01313330799453632
 0.01287815680680177
 0.01410431118818217
 0.01352951162153149
 0.0139783708420016
 0.01550865452454987
 0.01299542063143762
 0.01475737591341283
 0.01405318242331255
 0.01323762604226661
 0.01445661655065267
 0.01457643371217395
 0.01407658676755907
 0.01255909291165734
 0.01496915966108593
 0.01261743409556722
 0.0136320681266892
 0.01373157252409649
 0.01260740599788705
 0.01547444778096774
 0.01352295345900507
 0.01304400541458763
 0.01425985014360397
 0.01429326122982019
 0.01313736354643523
 0.01364548393070264
 0.01382211201320966
 0.01267791703105849
 0.01452748247410994
 0.0140248483020673
 0.01252701052536303
 0.01483064714289081
 0.01341131612470397
 0.0138017281478544
 0.01538378897553206
 0.01531733233647187
 0.01515214943012065
 0.01536232888630825
 0.01355402709801961
 0.01565901396092023
 0.01595640390939301
 0.01477896786969612
 0.01533432253781296
 0.01424291602655831
 0.01520664388976802
 0.01356256113247454
 0.01570268172670793
 0.01473581950165655
 0.01215683043833767
 0.01510120161865813
 0.01572794470376802
 0.01448361352351138
 0.01389708145648131
 0.01423975726477707
 0.01392884641636826
 0.01481144575691438
 0.01406513718395014
 0.01287827791510958
 0.01498713422837964
 0.01485945355902338
 0.01383000613035889
 0.01535705014039339
 0.01510010301873258
 0.01466207213261191
 0.0150635634282892
 0.01528293230691989
 0.01587209740504524
 0.01582617940554781
 0.01531875989226943
 0.01688475672426464
 0.01628951215656105
 0.01687171122364537
 0.01635314091275329
 0.01484838762249864
 0.01690829128523296
 0.01476960338386975
 0.01522492815576436
 0.01573581131629329
 0.01448010848394846
 0.01524969569173875
 0.01523058489152591
 0.01483521930385352
 0.01501665948301914
 0.01592493909964764
 0.01561190781970396
 0.01509196178639919
 0.01680265523309396
 0.01430488791503384
 0.01574693045019632
 0.01660431951023441
 0.01708150913561226
 0.0157996401483109
 0.01686916512979526
 0.01715118496493883
 0.01627643151725855
 0.01770505497020133
 0.01696506013278866
 0.01559676855496196
 0.01731586994466704
 0.01603578459923963
 0.01656722256535744
 0.01683731986477581
 0.01725977014004526
 0.01737957556795677
 0.01700829045365651
 0.01551527456319181
 0.01689921796266485
 0.01738389545667118
 0.01576371127714077
 0.01719481955822694
 0.01652234311622253
 0.01691794689669651
 0.01621967441248897
 0.01670602553925748
 0.01705852815938818
 0.0168739672940118
 0.01752072063475584
 0.01578446608472783
 0.01444702914871784
 0.01515035225939924
 0.01535973194746042
 0.01485688111713261
 0.01351264936923803
 0.01525165720084086
 0.01508524033406457
 0.01398036495784644
 0.01508778313129792
 0.01437741053363847
 0.01442193805537174
 0.01502850160462761
 0.01477127949453188
 0.01482187835418575
 0.01554991760362843
 0.01613101544728332
 0.01463568704354219
 0.0165405995429024
 0.01627654824924282
 0.01545323484655601
 0.01496739948934558
 0.01529015502205371
 0.01601226641969047
 0.0144766398057233
 0.01472580224268745
 0.01433097435256846
 0.0151733543569022
 0.0151295849166874
 0.0142179745832153
 0.01396610359854814
 0.01407294520138977
 0.01307532377315605
 0.0138358136200708
 0.01388508076000595
 0.01269335448895864
 0.01361677249836233
 0.01377958089753741
 0.01394417082913145
 0.01399726247287882
 0.01300704651537352
 0.01379088218324014
 0.01453059555935271
 0.01374812865073187
 0.01388922269076039
 0.01398864524361042
 0.01436241237928642
 0.01432619564657669
 0.01445795780173735
 0.0155705166708643
 0.01391220169838199
