# Created by Octave 4.0.0, Sat Feb 26 14:41:14 2022 EET <li9i@spell>
# name: mean_trajectory_errors_amcl_i
# type: matrix
# rows: 1340
# columns: 1
 0.08154203763671147
 0.08640985098748355
 0.08552283907123287
 0.08374550148839116
 0.03961982697511648
 0.06616000698223809
 0.06527124659299113
 0.06170434552276129
 0.0611801132589769
 0.05774920477925949
 0.07730204835137515
 0.0777965714867581
 0.07747990815518634
 0.07839008142899431
 0.05431235949828923
 0.07994622354065507
 0.07991640709828078
 0.07872853215702272
 0.07911497227923882
 0.05900193329823302
 0.07730285950967111
 0.07584803547958689
 0.07580924714953072
 0.07366529821987225
 0.06610339956197452
 0.06598047166192259
 0.06495639237862166
 0.06382492864513745
 0.06309155699430802
 0.06581810680748744
 0.05768405159052283
 0.05668240875045252
 0.0558524581826206
 0.05548513197437565
 0.06495680179319183
 0.05013444836341354
 0.04993325988960186
 0.04999411249675248
 0.04999307655525204
 0.06018986864423726
 0.04864579971844732
 0.04787342871788996
 0.04741147088584823
 0.04753319660605777
 0.05890100576265009
 0.04417564141037954
 0.04394366104203435
 0.04540075746610435
 0.04353822657828833
 0.05603755411252501
 0.04381159069643119
 0.04245801948808311
 0.04087729021551494
 0.04194974050247237
 0.05409002101932572
 0.03897948982955565
 0.03965305526621761
 0.03845743392889873
 0.03738143583886896
 0.04980019289090077
 0.03669540599644236
 0.03488239187405409
 0.03724601984049449
 0.03562532025834222
 0.04792109149548323
 0.03329842536578754
 0.03457445722680835
 0.03199577103916826
 0.0347085265856721
 0.04505146723287677
 0.02970125695068878
 0.03100000589692132
 0.030686906148542
 0.02945904963149108
 0.04076504924789155
 0.02973993724627532
 0.02885313440354777
 0.03005762278052757
 0.02803859163222219
 0.03891290187037298
 0.0298855177943492
 0.0284968425729256
 0.02697988955725988
 0.02862116712660833
 0.03849622228073718
 0.02648749464653259
 0.02727946880375087
 0.02634454549954345
 0.02549509064165009
 0.0377580349867612
 0.02564762570415371
 0.02452836237377864
 0.02542763753991181
 0.02605211010132596
 0.0366661773781229
 0.02511975177498852
 0.02514820073816176
 0.02462546765317432
 0.02493392144128206
 0.03451216660790642
 0.02467357604441146
 0.02315558442943772
 0.024598682405
 0.02315906312820436
 0.03328430853772408
 0.02312733587275019
 0.02264085901854219
 0.02307741190292831
 0.02213945765706942
 0.03126193796784648
 0.02178167647394971
 0.0210195076931658
 0.0219440866152473
 0.02054214591548392
 0.03067768885214406
 0.02060814142656683
 0.02104352196454143
 0.02036126179300598
 0.02062586183537716
 0.0302098995382773
 0.0209533564914909
 0.01995372295817298
 0.01984471771002801
 0.01997228155525184
 0.02818982621120619
 0.0191076689570245
 0.01893443187733319
 0.01909442452392629
 0.01841863772080459
 0.02790142097657178
 0.01829446980033351
 0.01880382671875156
 0.01811964673882894
 0.01786179388005651
 0.02640570298230378
 0.0179075880547956
 0.01721671449107339
 0.01771949172047345
 0.01694985505798963
 0.02589212067092111
 0.01740346504142246
 0.01677614472923809
 0.01674150300992807
 0.01701729730927055
 0.02520731515584292
 0.01683030279448769
 0.01669180492479977
 0.01704606954159531
 0.01522126111935264
 0.02403097717411779
 0.01470312572094458
 0.01566204949729446
 0.01539805832923675
 0.01491188489297992
 0.02283321275747651
 0.01456252872702393
 0.01426965904244852
 0.01466813368707162
 0.01434120496118259
 0.02244121558540597
 0.01425354190668473
 0.01343076896679127
 0.01437978556124101
 0.01368028363227148
 0.02130281934125021
 0.01460629184939098
 0.01346812329488794
 0.01397038859273261
 0.01344005798186033
 0.02134902253031966
 0.01378115031441671
 0.01371459711355287
 0.01374048571686898
 0.01315873339886752
 0.0212129340853903
 0.01344335809243901
 0.01243354867900006
 0.01299438564945713
 0.01312725535510879
 0.01948023829817284
 0.01386321523816377
 0.01363592767074729
 0.01318770419048106
 0.01284346347486243
 0.01898610610525102
 0.01225903168303951
 0.01341473670973621
 0.01356543104370042
 0.01256488979547049
 0.01879508539367294
 0.01314500383096787
 0.01207933938951861
 0.01257117748250873
 0.01268415923783401
 0.01808656607830537
 0.01257266858399177
 0.0124078138114067
 0.01231270025513749
 0.01199614507231951
 0.01676029903440995
 0.01161841151677971
 0.01250836579258769
 0.01177961189035825
 0.01220555704451441
 0.01726806999992839
 0.01081628456641304
 0.01197131140915818
 0.01141580512443299
 0.01225131368238861
 0.01522896043726144
 0.01195640985895998
 0.01144532770921178
 0.01131655961357747
 0.01122400619643759
 0.01636367995316431
 0.01165590168569766
 0.01070460067017309
 0.01105977137743701
 0.01117636850362856
 0.01619235882903878
 0.0117034301068797
 0.01107426420809586
 0.01147842314264288
 0.01149992431992706
 0.01535171793669148
 0.0112436210190871
 0.01195143833624222
 0.01083973466233642
 0.01120970994746936
 0.015434931238618
 0.01187561165917092
 0.0109583105379934
 0.01121916471823577
 0.0109055323386056
 0.01522905831426951
 0.01072429980480809
 0.01048633324534613
 0.01069664780395687
 0.01153304858332864
 0.01479464151283804
 0.01160736199522691
 0.01156848882201604
 0.01117377623604864
 0.01055528823352658
 0.01469769899073477
 0.01227857750900242
 0.0118267876292753
 0.01160009664673963
 0.01252817360178596
 0.01472869629508482
 0.0116700487433423
 0.01214881212139312
 0.01145171594431783
 0.01174462121523865
 0.01418734051865587
 0.01160969163786102
 0.0111145224727336
 0.01201250246934767
 0.0118307723404275
 0.01441463311722685
 0.01107233650766664
 0.0116307931473283
 0.01143640486614952
 0.01162820091927159
 0.01319244704515943
 0.0110115420533592
 0.01098758999981008
 0.01110272334742098
 0.01080785091609941
 0.01424932297719312
 0.01047030416655232
 0.01144355495161584
 0.01130752345936336
 0.01103937503471596
 0.01459705543240314
 0.0111904755910289
 0.01072865830825931
 0.01207177346932164
 0.01144172590231703
 0.01348732550698222
 0.01183791503236039
 0.01149555053709597
 0.01167252596374676
 0.01226149971240508
 0.01278244546289566
 0.01182702229004401
 0.01192040517522214
 0.01121483727677194
 0.01167305170502084
 0.0133952484175058
 0.0117604464025708
 0.01171206725057184
 0.01190189469951544
 0.01171739369277331
 0.01332834160478734
 0.01200103602296975
 0.01256488858512844
 0.01221501756017119
 0.01203075073286571
 0.01381657923914342
 0.01207665617323098
 0.01160402515452335
 0.01235790254730128
 0.01278628848741882
 0.01383001645000009
 0.01256198206754919
 0.01304100805728633
 0.01243291526872274
 0.01252533641403137
 0.01405512540872808
 0.01213222512281193
 0.01229426798964165
 0.01206799595496588
 0.01191179676065673
 0.01433167711452473
 0.01302149212174929
 0.01178766051183265
 0.01243278143350417
 0.01179011512377779
 0.01397508621263841
 0.01247392632765017
 0.01220140068757091
 0.01192618305741506
 0.0119444970235309
 0.01354256454038733
 0.01238499326318629
 0.01170405208756576
 0.01312901250648664
 0.01190235194560639
 0.01443858913485981
 0.01304556908710371
 0.01241224153057969
 0.012642883470347
 0.01256718200951859
 0.01263441256438717
 0.01170934559513771
 0.01222749914895584
 0.01236749667871069
 0.01236264035730961
 0.01458791739143847
 0.01292390888478757
 0.01160846205463456
 0.01234704104502427
 0.01268773891653268
 0.01541223917171078
 0.01245321228940086
 0.01241460124756069
 0.0125975892532521
 0.01249165518599343
 0.01385438487930925
 0.01167529902552819
 0.01261347182054804
 0.01230786553010316
 0.01273293279625707
 0.0153577201683792
 0.01224241587458912
 0.01206873653325929
 0.01317126521046638
 0.01249179840139037
 0.01405995049025147
 0.01311901632786793
 0.01207939180715042
 0.01234005337373599
 0.01335611000250888
 0.01353158365524519
 0.01276258485263559
 0.01244737932977564
 0.01282897535930541
 0.01300460392675975
 0.01372044200314373
 0.01333500775207808
 0.01266932974560094
 0.01307154339652997
 0.01320018457692602
 0.01502245207904046
