# Created by Octave 4.0.0, Sat Feb 26 14:38:17 2022 EET <li9i@spell>
# name: mean_trajectory_errors_amcl_i
# type: matrix
# rows: 1343
# columns: 1
 0.03996728764100257
 0.005750171905840908
 0.009394354129957863
 0.005982992306194328
 0.01237387654184604
 0.01089614719168758
 0.01147298092934429
 0.01126724929306454
 0.01073802243943387
 0.01109956565189174
 0.01164379406637906
 0.01130709013841555
 0.01087323271715398
 0.01244093095889415
 0.01258762934333608
 0.01227279595914188
 0.01236176330679042
 0.01264765300364316
 0.01247517307824517
 0.01207084579202587
 0.01284241046029035
 0.01233654910604964
 0.01239373422513002
 0.01198463663926295
 0.01243286708734083
 0.01234203664151593
 0.01238378639646371
 0.01182109220166447
 0.0120271991418034
 0.012347373627483
 0.01207847129912199
 0.01281652760362823
 0.01283002162661112
 0.01280737516178131
 0.01361507084541601
 0.01332479552175225
 0.0129589186653541
 0.01228032836873006
 0.01210169583217088
 0.01110110189333562
 0.009872179809587742
 0.009886345470079794
 0.01001569910802708
 0.009861653002228713
 0.01029070402817772
 0.0102542142095905
 0.01020363963478368
 0.01006179568192788
 0.01083396621152339
 0.01069377551563773
 0.01054466123108163
 0.01092131111030631
 0.01087982055912242
 0.01132969926109623
 0.01123250292138687
 0.01124738502268831
 0.01130391343572342
 0.01173677189343846
 0.01142647608331487
 0.01171875593024056
 0.01167201206832384
 0.01202854853205083
 0.01198952172465753
 0.01213076324432844
 0.01201900419092154
 0.01213890310965952
 0.0125292121705782
 0.01235312763935234
 0.01285309063163897
 0.01272123072895311
 0.01281555280069308
 0.01237952396979311
 0.01303593419964323
 0.01314619829841137
 0.01291418104556297
 0.01283096837402706
 0.01297581304879835
 0.01282262564987739
 0.01309203891788003
 0.01303697838566763
 0.013337609838687
 0.01292290526038036
 0.01367629456433785
 0.01287241398868728
 0.01399827822146298
 0.01436474871401785
 0.01355003988462526
 0.01353604010643132
 0.01357336236115906
 0.01351959527732519
 0.01391850252544038
 0.01431523550629001
 0.01355404439135216
 0.01428446203082818
 0.01362522413029411
 0.01391281038319117
 0.01353950729994933
 0.01320796489709508
 0.01341599759501866
 0.01351227044678064
 0.01426493903838326
 0.01408015378104434
 0.01361195492892533
 0.01439332205660723
 0.01225889464496309
 0.01340108760304417
 0.01481599926996382
 0.01422910967514086
 0.01145350833026776
 0.01214891502762866
 0.01438814827091624
 0.01136441392432368
 0.01265026007389931
 0.01373370615462028
 0.01259895558979628
 0.01355307471000557
 0.0148633850178581
 0.0127929447305891
 0.01173635973994974
 0.01369008392359586
 0.01355419920862127
 0.01247440275157514
 0.01195475579487298
 0.01354565191555294
 0.01302658609975571
 0.01200065300342742
 0.01313455756121006
 0.01302793835074493
 0.009869255577458356
 0.01192864840923486
 0.01399502533537824
 0.01097551859929811
 0.01127874138412273
 0.01216291076971385
 0.01263495069491613
 0.01231992298979087
 0.01155331983363222
 0.01174465906947553
 0.01121353040575488
 0.01181366172873831
 0.01042826843072707
 0.01250206742999193
 0.01183875873177032
 0.01268124706217275
 0.01324995223579466
 0.01003304928072073
 0.01364580558541734
 0.01368396353734391
 0.01271558769733305
 0.01202918946883694
 0.01260883974529454
 0.01294940060967657
 0.01274538037799917
 0.0125723540210911
 0.01244203612800076
 0.01314907862070769
 0.01355466252526982
 0.013292485406072
 0.01096826374575893
 0.01287964264462995
 0.01085933510180432
 0.01346958092341563
 0.0136405262287512
 0.01082804396804072
 0.01302279847538065
 0.01259332551617688
 0.01137533305171251
 0.01254916188724713
 0.01225708851670201
 0.01037528894377309
 0.01342430784374681
 0.01343857092927776
 0.01350272782681871
 0.01201283485356443
 0.01343237298841902
 0.0102910717564992
 0.0119756404519499
 0.01245171922134354
 0.01139990676020481
 0.01297393525813443
 0.01146950711297729
 0.0114389012092291
 0.01221690500378666
 0.01305277525080984
 0.01046488818937769
 0.01321580918425254
 0.01266785035906951
 0.01183626500694044
 0.01146736355300247
 0.01137390390035584
 0.0138025017869483
 0.01294046332589186
 0.01253208012739607
 0.01418339184517019
 0.01191011722764774
 0.01270374634885273
 0.01302451606107017
 0.01283163322719098
 0.01200927967041032
 0.01264085229533747
 0.01219017628150762
 0.01120628074855794
 0.01331461789434598
 0.01248300333359715
 0.0136857069596318
 0.01320721645651409
 0.01112659233861464
 0.01318719458296825
 0.0138257965925635
 0.01237860225275015
 0.01437653016224659
 0.01453338663042293
 0.0132113813763703
 0.01371556763261489
 0.01301985556276322
 0.01195264308896835
 0.01319499992645505
 0.01468696849116096
 0.01323399839758111
 0.01324131998664486
 0.01422192021367301
 0.01256793049268504
 0.01208821953574528
 0.0147848539755878
 0.01317039088579343
 0.01507917216410017
 0.01334256988431431
 0.0132948985948981
 0.01514324071018976
 0.01204550433011463
 0.01324826235797802
 0.01401137294907348
 0.0120954292742176
 0.01458130347685643
 0.01488372423184884
 0.01264620143926636
 0.01301950931106613
 0.01272751625122547
 0.01393022047524466
 0.01457472634263332
 0.01455727658066953
 0.01510768550965695
 0.01403361397259839
 0.01391594102394235
 0.0146823325071565
 0.01410740382905749
 0.01399500558289745
 0.01393552417112315
 0.01376045532157498
 0.01451274749388836
 0.0152344553089176
 0.0125391537207667
 0.0151031138508214
 0.01530509651945848
 0.01455714409622425
 0.01482697239831629
 0.01536451866082223
 0.01370123885028483
 0.01628620353352724
 0.01495796478742359
 0.01395948356846519
 0.01533312966680251
 0.01558443086264677
 0.01558375917238331
 0.01579393168596074
 0.01637160087982693
 0.01397814513170567
 0.01610199081664222
 0.01594998426692395
 0.01449753798538956
 0.01559947935614311
 0.01605550865439707
 0.01360684678872974
 0.01567151417690962
 0.01608788620133004
 0.01422616477693394
 0.01656070449032605
 0.01737116602931103
 0.01376814560141127
 0.01544879462827729
 0.01584679408331684
 0.01629558421803857
 0.01535688098079123
 0.01608866326696366
 0.01508096834148027
 0.01594219525811064
 0.01605654752625293
 0.01538218164583788
 0.01671990803948413
 0.01622705229540893
 0.01666745182797499
 0.01617282288178541
 0.01632977163056478
 0.01653629351087419
 0.01720376165403352
 0.01644946983752217
 0.0165832116041117
 0.01551150319067794
 0.01677100510504754
 0.01762014287896627
 0.01516931419151663
 0.01490553791423608
 0.01605861070828008
 0.0161942146677892
 0.01688457632935515
 0.01584194811634579
 0.01365739372916455
 0.01681763477266393
 0.01566130607068561
 0.01520118824365287
 0.01604806998090619
 0.01665113911515789
 0.013506028250274
 0.01584501835242663
 0.01509409669070657
 0.01540855863771503
 0.01620177292674887
 0.01447268094182869
 0.01487537695153237
 0.01561710356347275
 0.01436904711955636
 0.0164905372506923
 0.01545623497007596
 0.01321979298798734
 0.0167910602317964
 0.01399466641858818
 0.01343185007321521
 0.01680509430874763
 0.01473966192200661
 0.01510002300953326
 0.01624140037341277
 0.01586584039800457
 0.0137028209588856
 0.01434489660318338
 0.01496766577113293
 0.01443702024145493
 0.0146280098087035
 0.01367072442081188
 0.014470568347294
 0.01377857194375613
 0.0145068066588594
 0.01439273726251952
 0.0134540300807855
 0.01404535748814501
 0.0143660760370861
 0.01386033164318398
 0.01506891772948157
 0.01426953977897367
 0.01341269736456453
 0.01429624813438348
 0.01354869621972729
 0.01395364753029408
 0.01496167969482488
 0.01355233457806312
 0.0150819953807613
 0.01273803895595287
 0.01279066600034166
 0.01477103634744805
 0.01336987782482017
 0.01308980275791131
 0.01340200242268281
 0.01288476500654143
 0.0138361304770318
 0.01472260232725782
 0.01387237494387098
 0.01518258820634715
 0.01421520551101534
 0.01299271771891953
 0.01529316818843915
 0.01407851661337531
 0.01480106531851808
 0.01494898826609189
 0.01485596539451954
 0.0137968757599511
 0.0155045412507197
