# Created by Octave 4.0.0, Sat Feb 26 14:33:25 2022 EET <li9i@spell>
# name: mean_trajectory_errors_amcl_i
# type: matrix
# rows: 2046
# columns: 1
 0.0400099191885077
 0.05904189011396303
 0.01368144360296732
 0.04007529716026789
 0.04046657287856453
 0.04191660764567145
 0.01209075130146785
 0.005670750998281175
 0.03804621328801567
 0.02301751762156976
 0.01680834583571938
 0.02291320172855144
 0.007634186654900045
 0.0141365261513251
 0.006539509767187599
 0.009936654190237166
 0.01173826862684093
 0.00653494064838588
 0.01030918752550912
 0.005908432849361718
 0.008852359317264724
 0.0134570278512324
 0.007300206384392935
 0.006504234517582861
 0.01123658941188174
 0.006799925743239611
 0.00929283707178015
 0.006125564292483271
 0.008035782639622891
 0.01026863828760901
 0.003903178315414452
 0.007607765754445482
 0.005357123674369732
 0.006758527503558895
 0.005647996563853742
 0.007877526265589675
 0.004610745548388551
 0.004708475209310456
 0.003574680944861817
 0.00575756808447446
 0.006104405375407401
 0.006624340768981399
 0.006711459315631374
 0.003439908931267737
 0.004255587385469058
 0.00273055454490232
 0.005530551016171338
 0.005663898265279538
 0.00482769127135608
 0.005650430648835953
 0.004205535750813535
 0.004942836634592937
 0.006959977224083157
 0.005517370498896267
 0.005329598808368122
 0.005901785687789389
 0.005581451580896986
 0.005633998707393214
 0.00508385010954319
 0.006311751241070309
 0.006934132745026429
 0.006245043412145988
 0.007513639731610583
 0.008013688856143921
 0.005773830520736208
 0.007670708677247898
 0.008067741378893217
 0.005841582720223353
 0.007982818219592191
 0.007182204328674118
 0.006776894800523812
 0.007776585609516246
 0.006874330480828415
 0.006786459424253786
 0.008151173973652434
 0.005825469453110193
 0.007856731772016186
 0.007451687333183868
 0.007285872115901777
 0.007410043250500204
 0.007958211368354635
 0.007861103785090896
 0.008421409469505491
 0.006813793791369519
 0.008241669995728521
 0.008504495880734063
 0.006441097626933638
 0.006547993604491064
 0.007260387968177372
 0.008151093846221081
 0.007692821163607378
 0.005940356000149525
 0.006679761743214472
 0.007903667674464855
 0.007083536860465801
 0.006519496596230808
 0.007366235780199156
 0.007259607236845171
 0.007756090716382152
 0.008016909477889519
 0.009229012574478744
 0.008464469610884918
 0.006999549625126873
 0.007799843721401057
 0.008794954696860171
 0.008803337806212324
 0.008768101226247544
 0.008606463740795066
 0.009691353057611004
 0.008890180102019333
 0.008201662911328497
 0.00864309529344998
 0.008113945635337648
 0.00828613247187631
 0.008797702418110218
 0.008565408842337027
 0.008303848526077993
 0.008490412371253302
 0.01007514343964427
 0.009467896709126039
 0.009011454965352743
 0.008811567359307127
 0.01006204814260808
 0.009077651196684794
 0.009927785119137082
 0.0079705987128924
 0.009389491165834487
 0.009714975997336658
 0.01048619497391499
 0.009629251077465303
 0.0105607458687022
 0.009393199419778056
 0.009324729076543853
 0.009959228550986925
 0.009678241807142249
 0.009326381383757373
 0.01034094504693203
 0.009893943794688999
 0.01011091923543054
 0.01061924437583231
 0.01050542214666245
 0.01100972872944589
 0.01008917546046592
 0.01033500714002531
 0.01104148360551373
 0.01064180886836763
 0.009456036242147706
 0.009566324583759916
 0.01030831050267993
 0.009753331883227929
 0.00969434267429534
 0.009684364093092474
 0.00936958290613641
 0.009625676962279952
 0.009553267254990651
 0.01089642687802315
 0.009085142192166128
 0.009149532473913254
 0.008720128129710713
 0.008773866497035664
 0.009508136820084896
 0.009736348402482111
 0.009850018351623135
 0.009659547905465773
 0.008948294001572946
 0.01051159689923104
 0.01007847755277179
 0.01059195008798431
 0.008536458604797865
 0.009327181912273056
 0.00926439493352017
 0.009245907615558761
 0.009817515300358773
 0.01007902327211651
 0.008922586534099233
 0.008418791629685413
 0.009257401727698051
 0.01048013815338763
 0.009845546402427215
 0.009492659326139751
 0.009836857670996377
 0.009611368241815004
 0.00952090716752957
 0.009718657713541383
 0.009005455634895888
 0.009605601238030167
 0.009490016984284411
 0.01146163608636718
 0.009933274257694989
 0.01052138962201779
 0.009900816421977963
 0.01000567034195216
 0.009993934785462486
 0.01040373074413847
 0.009690754759992593
 0.00971936607924578
 0.009760893755404496
 0.01131604873864682
 0.008975293072639192
 0.01021808205002921
 0.01042718832187122
 0.01069045962198089
 0.01010023395116051
 0.01104983579189402
 0.01194883750422913
 0.009830442773299645
 0.01051409861746671
 0.01047784662238184
 0.01032669583778818
 0.01012367744078019
 0.01012280475326285
 0.01070161671783805
 0.01156489497993445
 0.01013741993009246
 0.01041895553076467
 0.01130935712562188
 0.01021594709864459
 0.0107066537597818
 0.01102392091422752
 0.01128960814135899
 0.01088430558422853
 0.01010336652890892
 0.01047848608285917
 0.01042654658802218
 0.009591173042392098
 0.009315886411152285
 0.009799347823283257
 0.01086393198547408
 0.01043774757411966
 0.009951639447769209
 0.01038649022877174
 0.009539730687555885
 0.0112804355424566
 0.01070365553347541
 0.01107633735293909
 0.01150357113220249
 0.01078433874863146
 0.01041679829646036
 0.01072169502712461
 0.011014925590945
 0.01038813658094336
 0.009974088441692935
 0.01003223476161397
 0.01062817368225532
 0.01108570665142571
 0.009923002186181029
 0.0101935267651943
 0.01165688784915081
 0.009889824343614911
 0.01024405952531819
 0.0111359349739347
 0.01037338968548445
 0.01021578736342908
 0.01052339021122357
 0.01061402806186111
 0.0103342789465946
 0.009907557169167514
 0.009428019741682534
 0.01174548665031959
 0.01023564199181303
 0.007938362404241402
 0.008375566581042628
 0.008053815297354164
 0.009154152695455621
 0.009855585362346255
 0.007934541281251203
 0.007900488311517755
 0.008665569069599508
 0.009181782197199088
 0.008378757448056743
 0.009141571106842553
 0.007511971456741252
 0.009424317429983342
 0.00791864992494426
 0.008935997504473022
 0.01055687792006594
 0.009000582437110556
 0.009185584862019419
 0.008771786659856159
 0.008182792726868785
 0.00977454510848726
 0.00825345696818937
 0.007101307795792017
 0.008840760629062252
 0.009063703591237695
 0.008095965000788748
 0.008025899495823382
 0.00918959425552409
 0.008903446962701586
 0.00839016883755957
 0.007741064937371821
 0.009737493620788898
 0.01013306518557564
 0.008255119237136222
 0.008666350347691622
 0.008677442525954256
 0.009652160029186493
 0.008499640321046383
 0.008095480226675385
 0.00773093758062046
 0.009741346089695208
 0.007689104301698169
 0.009142798041248061
 0.009192918696829408
 0.009667912750369058
 0.008832869977098238
 0.008018122599631146
 0.008172478677656209
 0.009011290798229269
 0.007887090024977105
 0.007296883900843674
 0.00752539778645831
 0.00874731694703065
 0.009731434213067863
 0.008323269868175612
 0.008906536431004952
 0.008279936477345831
 0.008459419350456417
 0.007437861029841522
 0.009167614904402648
 0.00905933703555338
 0.009230531291307558
 0.009355409072846682
 0.008744933997056161
 0.00797540729679087
 0.00966925285053369
 0.008478213235738118
 0.009057741401094666
 0.007658227689659744
 0.008609103870357933
 0.00828618695919987
 0.008341926026551217
 0.008719708814015563
 0.008416958371261385
 0.009329065598894831
 0.009206462268676651
 0.008938580857640089
 0.008269627464807529
 0.007791812631802843
 0.00928719902338411
 0.009648106789314086
 0.00845784923685807
 0.00874467097737508
 0.00934064740745605
 0.009204501535381146
 0.008646196095843762
 0.007999521151413063
 0.008349345181746053
 0.008684064824529231
 0.009002343227863183
 0.008201804883072022
 0.008763841640860408
 0.00874102687738151
 0.00970171453203084
 0.008476835256722803
 0.009498279622298347
 0.008856704730371737
 0.009110327436751308
 0.00794498830287374
 0.00846795023976646
 0.008448686198796558
 0.009827266501739543
 0.008291278819343387
