# Created by Octave 4.0.0, Sat Feb 26 14:30:27 2022 EET <li9i@spell>
# name: mean_trajectory_errors_amcl_i
# type: matrix
# rows: 2039
# columns: 1
 0.08725115172473359
 0.08650722384371229
 0.04312239966574046
 0.03569045173832748
 0.04707134317525068
 0.02090944180147409
 0.009561396865898082
 0.01802856793322543
 0.006860455424578038
 0.01488898629053143
 0.01341479659846211
 0.03762881972358911
 0.01616041686195864
 0.007061895053724955
 0.01227176930965522
 0.008973764174033141
 0.009294744790568051
 0.006128522400803338
 0.005669857948585148
 0.01310076423739556
 0.01100448791914876
 0.01464096999255876
 0.008556559743226833
 0.006505636355632324
 0.006791837527478923
 0.01070748202412154
 0.007663806554861908
 0.005674702197352025
 0.006372954429632613
 0.007085798286652535
 0.0058660421352067
 0.006596241039999602
 0.005591133997117107
 0.00390590615250885
 0.005145724589056802
 0.0055275598327141
 0.006083294297886808
 0.005578338125336124
 0.005314484154850202
 0.005914215902616998
 0.007308003474728606
 0.006139918822574406
 0.005325075162444083
 0.009770034599411091
 0.005989470626448444
 0.006115338161778313
 0.005629466491942478
 0.006461235044290063
 0.006242217608800377
 0.004122718581356164
 0.005540611941500394
 0.006929610089338313
 0.005557346263307896
 0.006876339361886651
 0.004801801494079589
 0.005715649176066437
 0.00565554176445943
 0.005396052140789206
 0.005982085498077173
 0.005308415418967218
 0.007950892565936545
 0.005326972738200179
 0.008274618156172878
 0.006009555639748806
 0.005819339686011442
 0.007565587826571168
 0.006529242047124961
 0.006718269962013875
 0.006429647111313315
 0.006348417519142045
 0.006722105287332933
 0.006182349835291787
 0.008709924581826786
 0.007814640392532168
 0.007029326450886335
 0.006433139515011361
 0.006383575243773407
 0.005943601334408074
 0.007384402806347069
 0.006723474166251816
 0.007059327075131153
 0.008099339311941796
 0.006695545725931473
 0.007372394877275007
 0.009025293695792141
 0.008827503068001933
 0.007529577136510753
 0.006411895029114142
 0.007697549099524663
 0.009030479751608266
 0.008121127642777722
 0.007523098987439592
 0.008856816255484026
 0.008918028975619621
 0.008273681813872634
 0.006062741708492843
 0.007781206159654741
 0.008366786068392019
 0.008736091821721345
 0.008247851662528014
 0.008220759760110257
 0.00778247489614212
 0.008999437091257667
 0.00794927612312122
 0.008338452391319418
 0.008627851720773558
 0.008683510652929577
 0.008447843702459365
 0.00827454809874641
 0.008490768138431758
 0.008585529101608919
 0.009199996964406532
 0.008375490267902755
 0.009360165361526979
 0.008834019212661373
 0.01013030951899373
 0.008486018770923514
 0.009171622391134223
 0.009749412054229065
 0.009906623917088318
 0.01010606359295574
 0.009560563033465492
 0.009763311541040914
 0.009449338577426471
 0.009843123309128975
 0.0111186183371733
 0.008795649531182548
 0.01016529233995515
 0.009782873547525271
 0.0103725700602261
 0.01010378611088881
 0.01029832924691906
 0.009792970372478907
 0.01000907914229889
 0.009557255768510062
 0.00918162013704296
 0.009819901257634199
 0.01097153630333176
 0.01099229693457914
 0.0112557949801551
 0.009522274252900819
 0.01031504315542987
 0.01053977723364859
 0.01080973939695257
 0.01060328163613589
 0.01082415382100148
 0.01040953361417931
 0.01005500838761031
 0.01152788153459652
 0.01195517119140115
 0.0101566911272222
 0.01071874032178904
 0.01051425837073838
 0.01128514597047376
 0.01056256990173928
 0.01138823158269233
 0.01035938690870561
 0.009904331682637968
 0.009854502565573565
 0.009609978618650983
 0.01036375021854479
 0.01076634988524792
 0.01189718958090446
 0.009486268676730383
 0.01005837044263596
 0.009777432487868918
 0.01072741174598175
 0.01126432810885885
 0.01004970975687117
 0.01064617676603927
 0.01170849990299078
 0.01053739816151248
 0.01075484941003773
 0.01119168929910242
 0.00965390881896681
 0.01090707942316431
 0.009778204996447257
 0.01115351345540914
 0.009323754005780538
 0.009733715005328849
 0.009868094125630941
 0.01154361164814185
 0.01093295595749722
 0.01047488275067535
 0.01065954976605221
 0.0107440132389071
 0.01091538033508187
 0.01046606121682258
 0.01032024394175735
 0.01061219739886311
 0.009477701118447427
 0.009999262028809842
 0.01168631615723597
 0.01061848882086289
 0.009627135488108313
 0.008923964355877851
 0.01004696630367365
 0.01255864500222593
 0.01177977368910376
 0.01103891274578522
 0.01202446053794643
 0.01044657761750195
 0.01183510455899465
 0.01126982860803188
 0.01238712538089591
 0.01076881438004681
 0.01067006871764629
 0.01016594503283093
 0.01125104220956807
 0.01014260082227601
 0.01012970172297173
 0.01121130677770724
 0.01195785060217312
 0.01171256458141653
 0.01110940372287074
 0.0128226435397191
 0.00972844898464003
 0.01073906272389855
 0.01144663015380966
 0.01142026595518799
 0.01178521616338625
 0.009486361762901747
 0.01061237747083585
 0.01015642302281379
 0.008851719046868349
 0.01015731158496882
 0.01033853210886699
 0.009977980390728532
 0.01024389436811514
 0.009480458059322064
 0.00907416048262576
 0.01077028358762088
 0.009282583410590583
 0.009146447142852055
 0.009331645824510414
 0.01098700712607176
 0.01106727386044627
 0.01065200004340399
 0.01036190117930818
 0.01109961732232485
 0.01060431871677465
 0.01232237568275239
 0.009507366480891438
 0.01050231408551647
 0.01077918179830327
 0.009237181805131101
 0.01032115470790488
 0.01134498955814617
 0.009755260160934927
 0.008770272483749489
 0.01033814729822042
 0.01024354642558718
 0.01089280373503282
 0.01056922306255733
 0.008756829672508275
 0.009697822732006152
 0.01001645758723805
 0.01034999220313663
 0.01049633211634773
 0.008916590055719095
 0.01010078593436768
 0.01039927995451325
 0.009773048059027999
 0.01062058142795892
 0.01081532463820845
 0.009735404401776627
 0.01037197078203985
 0.009269477515695818
 0.009546725109962554
 0.01043182552795934
 0.01223091219822962
 0.01029299121895884
 0.009217465905770859
 0.01295886087119792
 0.01064056968571277
 0.01111087040014212
 0.01047376132005398
 0.009027365758527577
 0.009994399586097519
 0.009920816630110438
 0.01062462453919825
 0.0103652525139314
 0.01053176820800989
 0.01040761534293183
 0.01115788360194857
 0.01069991004160266
 0.009490849660680513
 0.0101204018356599
 0.01069554206253882
 0.01030360563045184
 0.01053546747759316
 0.01028084909645683
 0.01257431416129352
 0.009085119008607957
 0.00906169480853521
 0.009690255792576223
 0.010322653821174
 0.01019577899348467
 0.009638011617359759
 0.009599152664046685
 0.01090528973582449
 0.01067443484866094
 0.01015502087290186
 0.009993293665926155
 0.009270831846392946
 0.01102685277680758
 0.01257053704365518
 0.01046659824642643
 0.01085068548082845
 0.01050414162791587
 0.0107141615688923
 0.01057162134927512
 0.01061188656583451
 0.01083795869282774
 0.01052016612434639
 0.009827760143853764
 0.009535290419071722
 0.01097316868240156
 0.01046034618809651
 0.01072530444153136
 0.01024934885075146
 0.01079791657463074
 0.01081927297483293
 0.01057671606502426
 0.0103387013370485
 0.01055866385955702
 0.01108246737788674
 0.01013609172756016
 0.01026154719767594
 0.01028495017827057
 0.01125654740483357
 0.01032957959205179
 0.01055272286732804
 0.01070473357058836
 0.01001003355400797
 0.009750668866225921
 0.01026882959567002
 0.0105357142711601
 0.01070603071727324
 0.01010317769017137
 0.01079597066060502
 0.00984447014202886
 0.01056557140575459
 0.01092934241603893
 0.01030447538072903
 0.01126224413896787
 0.009819286042489588
 0.01035714721022163
 0.01043633917059854
 0.01047972823468482
 0.01045344454227973
 0.01003385666106366
 0.01103886329517013
 0.01100365652900208
 0.0105626960172481
 0.010320665889348
 0.01018661357231283
 0.01030109564264922
 0.01075411045478114
 0.0105650274353
 0.01121063704108927
 0.011414883645921
 0.0101888100380832
 0.01123583994720788
 0.01126471628839897
 0.01088915319804748
 0.01071663567740978
