# Created by Octave 4.0.0, Sat Feb 26 14:34:23 2022 EET <li9i@spell>
# name: mean_trajectory_errors_dft_i
# type: matrix
# rows: 1335
# columns: 1
 0.004089299850438963
 0.008930777655493076
 0.006130071451459079
 0.01095582306539506
 0.006746743666649636
 0.008039528934455246
 0.00979849024696235
 0.01012214520130488
 0.009226347734699387
 0.008519069516539688
 0.007962604222526339
 0.007679729453929907
 0.008819009271657831
 0.01000080086132228
 0.01219285953014555
 0.008670210626598366
 0.009376748567823914
 0.01276287308406456
 0.01283421073234451
 0.009668498043677858
 0.009445365031800993
 0.01220826574268471
 0.009322955608761159
 0.01199124393046076
 0.01188978329445174
 0.01147516448988665
 0.01197386568961828
 0.01221107548620219
 0.01204209156687159
 0.01222516615912886
 0.01201658298760591
 0.01267828715367875
 0.0128983994016462
 0.01296728607400751
 0.01324114709168132
 0.0133581403593366
 0.01360790866782387
 0.01194954446850282
 0.01177190003477664
 0.0100350839477692
 0.009133653245169165
 0.009953449262219929
 0.00935053919409428
 0.009681308909388963
 0.01046351005268214
 0.009904774191702655
 0.009826895542335994
 0.01041230506370546
 0.009769844545898149
 0.01029449028025084
 0.01032415604348861
 0.01080120259357745
 0.01032744805096893
 0.01125520970905183
 0.01098151100956617
 0.01076040691449168
 0.01095638431551917
 0.01115392591447291
 0.01141184235688927
 0.0113604861992543
 0.01158945140502415
 0.01205785250707971
 0.01172796519316696
 0.0122484580254035
 0.01249210385137939
 0.0128931749348309
 0.01218580725258354
 0.0126595066462273
 0.01248520371056066
 0.01256520151051982
 0.01303205940594266
 0.01310896842232332
 0.01269372030590141
 0.01296230150666441
 0.01302402508597043
 0.01304034772251508
 0.01335398625969775
 0.01326075732641371
 0.01322466972629107
 0.01327750828310572
 0.01388943676032105
 0.01313578957427402
 0.01428112547696341
 0.01440716108293232
 0.01386057388737091
 0.01355160062510856
 0.01472669684620456
 0.01364505059377104
 0.01333089024583517
 0.01475059465368106
 0.01369957670877484
 0.01375455725217236
 0.01499851600074414
 0.01314664634153503
 0.01468257618140124
 0.0146218388287852
 0.01270728837213448
 0.01361263312494571
 0.01489072330371198
 0.01342235506007303
 0.01260171750216589
 0.01454980404936768
 0.01312931974138599
 0.01259990466376532
 0.01442899811253045
 0.01333869814398375
 0.01206760152728685
 0.01454305045684816
 0.01397908856078405
 0.01236551576031982
 0.0138272107376237
 0.01385497588938624
 0.01181612522702926
 0.0132714763355823
 0.0133887086954272
 0.01118914581483646
 0.0131482748148712
 0.01383129429227146
 0.01170984693814768
 0.01172571451467939
 0.01191261231837437
 0.01032832614705347
 0.009902197461970477
 0.01185113600344831
 0.01201127220861466
 0.01199439260655163
 0.01190540049102813
 0.0113321265353572
 0.01143110235344422
 0.01190307765630681
 0.01168700908827783
 0.01306754715878044
 0.01165423655523361
 0.01098761287665938
 0.01137577813195716
 0.01043852007901953
 0.01164519564553402
 0.01257577040485225
 0.01255874390734801
 0.01195797033955694
 0.01235006957674393
 0.01232299249370496
 0.01014549424917302
 0.01047496965732381
 0.01167940788771517
 0.01125658384760297
 0.01057850310206989
 0.01155610867294146
 0.01114825727628093
 0.01098850045494968
 0.01279526598347487
 0.008674742591174091
 0.01240547555015229
 0.01132733154100861
 0.009183923362318675
 0.01329297704419977
 0.0114501316077742
 0.009678323003735707
 0.0114833755169768
 0.01026754357361432
 0.01088168814291997
 0.01168507044030871
 0.01118114736809745
 0.009338903698537734
 0.01160507969988423
 0.01051018438642505
 0.01091193077432506
 0.01218070066234237
 0.009529005414708582
 0.008802196657339601
 0.01277856799488995
 0.01158502887599028
 0.009907994212850275
 0.01188552772438714
 0.01077283326059481
 0.0102111541731674
 0.01046086801369126
 0.01122886393920757
 0.0108136309720819
 0.00865532440706075
 0.01117348534944807
 0.01062541354339421
 0.01132401372373122
 0.01182059732891602
 0.01062990639924929
 0.01241369330607183
 0.01143751454943886
 0.01173060795832032
 0.01091280930673616
 0.00954654104579692
 0.01122044259679817
 0.01049502180414557
 0.01113916403258764
 0.01238942836655572
 0.01096439959787978
 0.01359589904294041
 0.01272056946806719
 0.01128508845362642
 0.01212444523862406
 0.01205995750886491
 0.01195830467331974
 0.01234370397652384
 0.01094489103262961
 0.01058327483579356
 0.01157991621732146
 0.01152405164024733
 0.01050852035255189
 0.01104055223230029
 0.01259443083395083
 0.01019626029973185
 0.01223115684982836
 0.01245852725918679
 0.01182826153328366
 0.01162458484359492
 0.01123896102375927
 0.01240263146873746
 0.01138502225564153
 0.01160857308511306
 0.01168947471881083
 0.01162127935436914
 0.01340796209419669
 0.01239450009209655
 0.01154507067365007
 0.01377973125716759
 0.01192250756691912
 0.01236500455964793
 0.01220861963096017
 0.0124653628930565
 0.01227175545658046
 0.01357633441483146
 0.01104409808929219
 0.01050190448477511
 0.01399489403411466
 0.01100203952017208
 0.009505585828753119
 0.01307974672375362
 0.01205180819518554
 0.01108593596951024
 0.01288391263840083
 0.01305282707571736
 0.01202094335444992
 0.0124940908336475
 0.01301136430048053
 0.01168559462552556
 0.01284456691308076
 0.01408086345788978
 0.01208408229654253
 0.01281706143035223
 0.01367991251556809
 0.01213564104484088
 0.01378029003917831
 0.01495336081645576
 0.01206298098406816
 0.01371527727352138
 0.01257808722385963
 0.01311045170236589
 0.01388507208008082
 0.01375137878704867
 0.01318919691761671
 0.01262479523310351
 0.01355050703576033
 0.01177205210708604
 0.01340759110619737
 0.01270137873886551
 0.01081442519738805
 0.01404507049976994
 0.01334946906060755
 0.01367550920586123
 0.01376834755279748
 0.01170120943621725
 0.01456260203154479
 0.01412424618747848
 0.01332209916889183
 0.01331354000736727
 0.01411089307550513
 0.0129613604424842
 0.01280874269551033
 0.0135345854966989
 0.01287044896800539
 0.0126332616551867
 0.01445548893033335
 0.01226275401741686
 0.01342646728148997
 0.01445262439185399
 0.01308502415080471
 0.01363305635964805
 0.01358732954195336
 0.01247931374864663
 0.01363685047358857
 0.01331045334250739
 0.01339783241831551
 0.01394154942449692
 0.01348341958370216
 0.01327555237083323
 0.01448449551147209
 0.01511542685447666
 0.01417665872320721
 0.01443511199518116
 0.01457452107194423
 0.01444501454514545
 0.01423059995924616
 0.01522314629850458
 0.01462011565012805
 0.01420400229109446
 0.01409854747066194
 0.0140082096833085
 0.01388961552114255
 0.01454300536777271
 0.01340512300206973
 0.01425004099572727
 0.0143802962981008
 0.01417394573298463
 0.01420945372676805
 0.01477663612493646
 0.01485194432306685
 0.01463115679401327
 0.01350402913454132
 0.01405336175264014
 0.01404295589904899
 0.01276647969347948
 0.01428066353047648
 0.01408025243549457
 0.01363636794336483
 0.01409381526769908
 0.01403841482455584
 0.01433714938332786
 0.01447085720197714
 0.01344184678338853
 0.0142596943107746
 0.01306766019759672
 0.01355246265046043
 0.01393618737011482
 0.01442007039150799
 0.01267678904381873
 0.0137364177468478
 0.01373306543267225
 0.0130747114745973
 0.01478232686304885
 0.01399331121971538
 0.01354419220867236
 0.01368904645681276
 0.01437089074727186
 0.01378690121707288
 0.01395155809101439
 0.01282169845783622
 0.01417061023560347
 0.01370808520545498
 0.01363742749605801
 0.01333073775918898
 0.01325867511304867
 0.01336582682811164
 0.01376921075127621
 0.01305399326604309
 0.01229727492634012
 0.01360139715077392
 0.01447623652599611
 0.01300028984825271
 0.01371973971794726
 0.01357854508000131
 0.01368379866651849
 0.01344127292913695
 0.01388724684860041
 0.01344204025088536
 0.01349017636816241
 0.01374103850515348
 0.01430373269810259
 0.01387148600722792
 0.01332752422065541
 0.01512883042509475
 0.0135149803073988
 0.01386221939695071
 0.01563302595136134
 0.01398746931415538
