# Created by Octave 4.0.0, Sat Feb 26 14:37:20 2022 EET <li9i@spell>
# name: mean_trajectory_errors_amcl_i
# type: matrix
# rows: 1355
# columns: 1
 0.07735328629712568
 0.004015789659768419
 0.006376516832767502
 0.005244427961133892
 0.01160517096090322
 0.005213185078123845
 0.005447479249113209
 0.005132493229857586
 0.00406353702473846
 0.01250102580645753
 0.004548602049874974
 0.004253168583519211
 0.005024774833869735
 0.004601704896419052
 0.01006315333103565
 0.005054667260392531
 0.005288471366562065
 0.005507080103734062
 0.005624746546107795
 0.010855622408805
 0.006287939481618605
 0.006338358367400362
 0.006538592313142647
 0.00670054954625305
 0.01105804605925183
 0.007120562102224319
 0.00713571481435629
 0.006951285898082062
 0.006951120261698506
 0.01381633139155023
 0.007975363054227715
 0.008286852939361319
 0.008771788433698783
 0.008441123481683348
 0.01239434878214584
 0.009356692562505247
 0.00919954847453921
 0.009316089317608123
 0.008891709335198268
 0.009506545837093445
 0.009194724658352901
 0.008899236619901957
 0.009020026922373366
 0.009266872694695595
 0.009388793218505638
 0.009478393761300916
 0.00934922726001222
 0.009284246467334771
 0.009316452220844523
 0.009692308533743494
 0.009597665020105756
 0.009554248111440004
 0.009641233441806439
 0.009552476184508444
 0.01098516349058329
 0.01000539756826621
 0.01038714997119715
 0.01036661800144288
 0.01029035552754357
 0.01100880974133869
 0.01045343044435194
 0.01085054622235242
 0.01044663902980664
 0.01035542330204085
 0.01322786229392675
 0.01106097443076373
 0.01082649717904081
 0.01106025509745526
 0.01137703456819278
 0.01260377887806229
 0.01148657324730969
 0.01168665369046711
 0.01146591294017608
 0.01106353020396939
 0.01285089209179517
 0.0119819402063573
 0.01157897933855211
 0.01178754299581204
 0.01209315904181459
 0.01273283588574497
 0.01194003885973
 0.012069150238518
 0.01169474133920194
 0.01201507161807861
 0.01397789795602521
 0.01142643734793176
 0.01203979530965651
 0.01209229305204279
 0.01173727032616971
 0.01482223927291332
 0.01231614152889721
 0.01236351442837687
 0.01220290410341147
 0.01235224171233277
 0.0136852578280235
 0.01203013181652403
 0.0118854854159382
 0.0118582074215245
 0.01251179826588689
 0.01444807967422055
 0.01134031153999449
 0.01245009905830188
 0.0123802702771686
 0.01168894326625566
 0.01332982347108331
 0.01170091597397392
 0.01150117224465689
 0.01194170380536764
 0.01201515170478287
 0.01261512145258053
 0.01037335317272289
 0.01159703898691746
 0.01040342205827488
 0.01169567517755096
 0.01387854264109839
 0.01091394885798421
 0.01221353386563402
 0.01179698923956001
 0.01072859734096647
 0.01332166517723871
 0.01155387556896589
 0.01097565281912655
 0.01161107158282983
 0.0118841314169521
 0.0128497547941682
 0.01069599639354493
 0.01147749264594746
 0.009797316929901493
 0.01118022152739891
 0.01317610063222983
 0.01001469140818385
 0.01088613709784686
 0.01176867510711221
 0.01145531745312386
 0.01087016469783825
 0.01138868637373271
 0.01159959449499208
 0.01072573794007297
 0.01191266447375517
 0.01185548820819204
 0.01181894447834935
 0.01071428596841107
 0.01118817382589461
 0.0107211516325781
 0.01310218712167997
 0.009639127718842504
 0.009677860247424645
 0.01040332256831814
 0.01120349705833729
 0.01318934147467652
 0.01092806229651939
 0.01105028411544839
 0.0117390195252115
 0.01094251901951782
 0.01084611510425239
 0.01111428895068043
 0.01034072787566818
 0.01134850176730202
 0.01258215004570405
 0.0118097215426823
 0.01183240344772881
 0.01148742705948838
 0.01060091928771673
 0.01013530284328225
 0.01296031757591734
 0.012415455975227
 0.01054601256450873
 0.01044596928744986
 0.01139604423835717
 0.01193248512873127
 0.01071312411070997
 0.01116196170047009
 0.01013606274437613
 0.01135692589767881
 0.01332685745350758
 0.01101383504884978
 0.01215489459736322
 0.01164085256653494
 0.01120850370469921
 0.01417375458275064
 0.01054797363757025
 0.01133125232920288
 0.01195506364746783
 0.01050160756379044
 0.01320182065216074
 0.01224990137102107
 0.01194948577126051
 0.01136914361228115
 0.01101745453606076
 0.01219954449834046
 0.01168198679372924
 0.01163748059998869
 0.01166147779478878
 0.01065073917629522
 0.0132302863899816
 0.01120400525195313
 0.01080416712970625
 0.01170400905406652
 0.01074404138499408
 0.01177886713251011
 0.01224013563204499
 0.0115957005822839
 0.01095806445870502
 0.01106685787446894
 0.01269226298379014
 0.01174264978948484
 0.01157137502740925
 0.01248978570291699
 0.01112137547193005
 0.01375120647418072
 0.01172080157631591
 0.01097252902602385
 0.01136759034564185
 0.01196154422200913
 0.01333224816459777
 0.01108642571335115
 0.01177594506351244
 0.01246928338041748
 0.01095383625789528
 0.01365665145541864
 0.01208092827489259
 0.01264740749601358
 0.01169790627246938
 0.01232440388222581
 0.01391316195789827
 0.01142921869859263
 0.01264897392068132
 0.01139533548577329
 0.0109710507498698
 0.01431377900199184
 0.0120253609069223
 0.01254474204466234
 0.01216934553634805
 0.01251639240104494
 0.01252804282824467
 0.01184696368689123
 0.0118452090524531
 0.01106774477049631
 0.01102247229661177
 0.01572206345479636
 0.01191310596938281
 0.01250196056156041
 0.01350583383363702
 0.01283727817341516
 0.01321214067816942
 0.01296292211649109
 0.01236388507046366
 0.01216275594961877
 0.01200997827762642
 0.01579107942559933
 0.01241011314354512
 0.0127857338235677
 0.01302926812088546
 0.01232774196255848
 0.01439635384857149
 0.01275342437068167
 0.01284074190161471
 0.01230560116245306
 0.01219442307411458
 0.01678779096004393
 0.01247461460909021
 0.01275795072478119
 0.01378175320606035
 0.01254012706170556
 0.01413998579327299
 0.01291553219127626
 0.01258068433985905
 0.01271393342499636
 0.01331935712444603
 0.01368790844895621
 0.01311206233806656
 0.01388921200234512
 0.01290526268309955
 0.01230340483413546
 0.01638826430662169
 0.01353582246409937
 0.01286988794240067
 0.01344940462765202
 0.01390395695126856
 0.01552800396507647
 0.01320277492041714
 0.01400314365543562
 0.01339325415203884
 0.01378111130968087
 0.01556171660063805
 0.01338653033673379
 0.01359627000183382
 0.01352128187407354
 0.0136691062054243
 0.01566411438453481
 0.01293705677281021
 0.01381833295733205
 0.01363188822548669
 0.01356758859749023
 0.0166765472518986
 0.01393845588172623
 0.01283899069611011
 0.01389699342420275
 0.01268645799118285
 0.01253203069283553
 0.01400799011100625
 0.01320922433595909
 0.01271199404278926
 0.0143384821301505
 0.01390141218917713
 0.01315341591959771
 0.01418652394240811
 0.01411786317904287
 0.01318785875367967
 0.01544238327834602
 0.01306710338475027
 0.01429327716071824
 0.01392353045845535
 0.01400206710406326
 0.01710646036216938
 0.01324219997436917
 0.01482502307939935
 0.01366019521025849
 0.01317713037952576
 0.01497116752122338
 0.01390257126468248
 0.01383312025913479
 0.01350092664977038
 0.01428015728305435
 0.0146197675040242
 0.01429512403861966
 0.01387720104173513
 0.01415126839199173
 0.01374112517111345
 0.01399621298792746
 0.01271267170069616
 0.01492388791670598
 0.01277727161239923
 0.01404618383539343
 0.01578299616782204
 0.01386855366124023
 0.01398600948865903
 0.01331769890693251
 0.01343935800229131
 0.01514207615057894
 0.01340708157563103
 0.01440227794899007
 0.01371397558570667
 0.01428369593932748
 0.01577114264922314
 0.01284960573545978
 0.01306836337705242
 0.01419478449585023
 0.01265326017723049
 0.01339878744398406
 0.01373031932494605
 0.01386772341222395
 0.01413456745381303
 0.01288660020125364
 0.01432608730185122
 0.01357462631262731
 0.01374259111879943
 0.01365462665223454
 0.01343815543285757
 0.01466658542107948
 0.01338691530895993
 0.01245071652715479
 0.0127705613011402
 0.01309424572834379
 0.01482278871473418
 0.01274582872806909
 0.01380877656663738
 0.01355023302906514
 0.01347785894802224
 0.01396988730776215
 0.01220463615097701
 0.01351093221875198
 0.01294049554131481
