# Created by Octave 4.0.0, Sat Feb 26 14:35:22 2022 EET <li9i@spell>
# name: mean_trajectory_errors_dft_i
# type: matrix
# rows: 1337
# columns: 1
 0.004053530939187835
 0.009251919734521897
 0.006613818572236949
 0.0113771195145251
 0.01196183955874797
 0.008339922354038009
 0.01136451144383116
 0.0104640923198346
 0.008762672598036128
 0.01136994968814589
 0.009727208241877823
 0.01188286910330588
 0.01219193190072339
 0.01147658090242071
 0.01008102295411916
 0.008863460302143775
 0.01234883112323117
 0.01270738531573559
 0.01266558742588611
 0.01297255287775985
 0.009438181646915931
 0.01098870611765942
 0.01241759367694413
 0.01148209392486065
 0.01213446086770929
 0.01193630381566335
 0.01199969941203502
 0.01249024342701109
 0.01228807310345407
 0.01229145455376701
 0.01207414875820263
 0.01291426961187743
 0.01272428251279436
 0.01304201502830484
 0.01314534830717716
 0.01268526264572418
 0.01325926265744114
 0.01256534053476492
 0.01228459202393311
 0.01069815008763728
 0.009552241279997625
 0.009975597066050139
 0.01001126777610242
 0.01009761784877473
 0.01043762222874353
 0.009933786416030812
 0.01016663880947555
 0.01050899425701905
 0.01068098019916259
 0.01077470102410459
 0.01055822112674729
 0.01099247138507035
 0.01076481292629643
 0.01085199616758853
 0.01057839359000016
 0.01119601539825951
 0.01135058647356995
 0.01196350275769178
 0.01143981712054065
 0.01167377349455088
 0.01174467491442874
 0.01168236176121164
 0.01156805409394936
 0.01253530711033037
 0.01243323946881234
 0.01196982650283229
 0.01268574368402114
 0.01229734345827668
 0.01239263750251007
 0.01225941353198345
 0.01292895481984129
 0.01277313488844032
 0.01259996498578935
 0.01301883326005288
 0.01304685153134487
 0.01272103677215172
 0.01310148730533281
 0.01268320816461261
 0.01292455252471343
 0.01298925582740565
 0.01268025207135634
 0.01340547449367909
 0.01333522069486182
 0.0130475904869265
 0.0140707742902367
 0.0131394649000508
 0.01329314622695882
 0.01355595938035897
 0.01357696383260277
 0.0133291521416149
 0.01407703240519743
 0.01392261919797133
 0.01353563095559115
 0.0130253053733779
 0.01363452925818225
 0.01269956385085427
 0.01245736457319027
 0.01388931134015955
 0.01315438935990225
 0.01360612113342115
 0.01359482561436245
 0.01332440705213514
 0.01250062277131679
 0.01362941888992092
 0.01425400179514147
 0.01327891314840364
 0.01239692598633144
 0.01257874626888975
 0.01165153565252059
 0.0131392851082271
 0.01392585093244346
 0.01089975045744786
 0.01241720537962621
 0.01324128211624574
 0.01231685184187173
 0.01240228639597314
 0.01204851572327
 0.01225784427157872
 0.0112957834391262
 0.01218520439937991
 0.01202021206583962
 0.0109865761733923
 0.0101278060114002
 0.01167795849253412
 0.01250020145972722
 0.01165171706205924
 0.01087364169492918
 0.01171440164912887
 0.009332092793671136
 0.01082004040579044
 0.01110303707989101
 0.009218529960118776
 0.0113962798288045
 0.01028736622656923
 0.009007722110157827
 0.01251374406183789
 0.009979687451339246
 0.009356139414238532
 0.01166555919198062
 0.01055713130825338
 0.01029728543702425
 0.01056769195246714
 0.01062272554632536
 0.01093457846114477
 0.01008675841147833
 0.01239258625507809
 0.01178836359157824
 0.01031666063526285
 0.01048162276561152
 0.0100438049910177
 0.01001530110255109
 0.01126817813883738
 0.01185557027802348
 0.01093632493917412
 0.01145390185449278
 0.01171364596603431
 0.01008709592752757
 0.0108803989192131
 0.0102123004651618
 0.009435601850766978
 0.01122766541586773
 0.01161568614821716
 0.0105939520742249
 0.01112530135273508
 0.01099038711671586
 0.0111148535940832
 0.01051634443160879
 0.01190421771782693
 0.01218740818602443
 0.01137647409613799
 0.01177940414945821
 0.01036077987743197
 0.009857372355293497
 0.01023140464550185
 0.009843287827864767
 0.0116862715378557
 0.01180592056759427
 0.01195101522674169
 0.01081792887084112
 0.008902512913023627
 0.0119567353472093
 0.01158015145477687
 0.01038411718709503
 0.01036470954960519
 0.0105870508546262
 0.01065705968606985
 0.009968219393654644
 0.00971605077861171
 0.01107465640174654
 0.009613678409859196
 0.01038811037395406
 0.01057739212925549
 0.01079191173929897
 0.01107001783660993
 0.01063404887382963
 0.009572066876597247
 0.0101538958339984
 0.01076720564055966
 0.01158745820473117
 0.01171156096241181
 0.01138577676509639
 0.009957668645969839
 0.01145373913691916
 0.01158617571339695
 0.01075855528028168
 0.01075452289628004
 0.01041994826735941
 0.01083810899667729
 0.01252736154069781
 0.01125677423648828
 0.01139374139720575
 0.01217237834860982
 0.01174246197931494
 0.01163499004242181
 0.01183713263936049
 0.01221872019223962
 0.01060470266321975
 0.01219489209733073
 0.01216011928706134
 0.009686756498032613
 0.01242521829153701
 0.01032868597309671
 0.01001421798928781
 0.01257027830942365
 0.01094693724801276
 0.01094236300438296
 0.01318359377178479
 0.0111212201062846
 0.01175830136393197
 0.01368415677969239
 0.01144722329330543
 0.01145242966292834
 0.01363673899097138
 0.01183670967784924
 0.01144719224092488
 0.01435946863750589
 0.01168001915945485
 0.01335535433416787
 0.01315453732822324
 0.01177633715657917
 0.01328743196836737
 0.01386641889537944
 0.01204968426653932
 0.01269751991651942
 0.0130358383701956
 0.01162471253539394
 0.01316896884529177
 0.01352579951992024
 0.01333709673763415
 0.01233761803369714
 0.01358565587009833
 0.01319887725367568
 0.0130157878535061
 0.01427840099356609
 0.0131847966113019
 0.01237296375001767
 0.01372462828855966
 0.01401228854392007
 0.01272139504135515
 0.0134983480883557
 0.01217787886268372
 0.01199357378287334
 0.01353747955913009
 0.01185580549979054
 0.01241804589279571
 0.01444385085787617
 0.01304727047628067
 0.01320733741450014
 0.01348132031601197
 0.01172843037013996
 0.01390097940335545
 0.01392426610566343
 0.01364671401725082
 0.01420431668570892
 0.01205404657900599
 0.01348430062623539
 0.01330798661375074
 0.01437846589953234
 0.0133428426371098
 0.01426036918811528
 0.01482728160245398
 0.01344243415246313
 0.01463066764577346
 0.01459214894724173
 0.01359155778096794
 0.01440859731974858
 0.01416894388573482
 0.01388297353001021
 0.01322485342686661
 0.01352865564819503
 0.01315162718650179
 0.01422348944606766
 0.0138936448779336
 0.01298438558783688
 0.01257310710358761
 0.01388059043048379
 0.01379798829177085
 0.01358775115165645
 0.01416404041961382
 0.01376040937127613
 0.01388075118450752
 0.01437299052519671
 0.01388055132568641
 0.01394808153328251
 0.01471427578211845
 0.01434221979803237
 0.0141409748087372
 0.01434460871197394
 0.01409602297484092
 0.01333852858770358
 0.0143402285756458
 0.01378243814925526
 0.01403452362875209
 0.01445980131921681
 0.0137895367276865
 0.01438491124992821
 0.01362851642617103
 0.01445176903994709
 0.01518957212728319
 0.01319949502025147
 0.01333366666219626
 0.01487714072365251
 0.01127012242791787
 0.01421075635062877
 0.01479503330275091
 0.0130621462572797
 0.01520331221041133
 0.01376746453439586
 0.0128866055083767
 0.01306277548861642
 0.01450611045653017
 0.01321190547616903
 0.01346776867568221
 0.01438656750315312
 0.01347498128022227
 0.01361720961501827
 0.01415910404729404
 0.01392679440736161
 0.01333499997904587
 0.01326079581050597
 0.01349029013627553
 0.01301517309672321
 0.01386445864527419
 0.01402894925437129
 0.01361626422093788
 0.01398641944777307
 0.01363117133961173
 0.01348732451101032
 0.01315620113658948
 0.01245039156789949
 0.0128946215451306
 0.01233091909082735
 0.01284819071131611
 0.01253909495590538
 0.01275779952299675
 0.01299549167115436
 0.01258417029417575
 0.01343687052060666
 0.01341474730305422
 0.01281804674729408
 0.01312094670038728
 0.01342526451058286
 0.01311190780432537
 0.01318102432685445
 0.0134736494177886
 0.01389295353698053
 0.01313326894996395
 0.01401492014817748
 0.01375716461250077
 0.01400773175242122
 0.01373838159662065
 0.01461204835822023
 0.01427023204372098
 0.0139108171431174
