# Created by Octave 4.0.0, Sat Feb 26 14:38:17 2022 EET <li9i@spell>
# name: mean_trajectory_errors_dft_i
# type: matrix
# rows: 1343
# columns: 1
 0.00429407446135263
 0.009241737368487414
 0.006961030010832948
 0.01226448532749268
 0.009722650825586942
 0.01029656858724773
 0.01169181820441633
 0.01011554628843792
 0.01043368448535397
 0.01116390449676075
 0.008380616958474411
 0.009137065266937458
 0.01154576151938724
 0.01248401735462358
 0.01256486525845643
 0.01225155808893186
 0.01275221035165023
 0.01158081671963813
 0.01264945053334512
 0.01304614551939222
 0.01039137873758015
 0.01248937906720879
 0.01197580638772368
 0.01214975393211254
 0.01218739556363578
 0.01230274487198283
 0.01197687610771485
 0.01201338570431452
 0.01234010474255913
 0.01244960484080277
 0.01267095460595908
 0.01255366174969266
 0.01293033182989768
 0.0131874215100846
 0.01318941003411232
 0.01281848444682451
 0.01290771531366654
 0.01260140938081155
 0.01224848581834349
 0.01001283267612123
 0.01019605835608083
 0.01045258050828535
 0.01068406267321232
 0.01039204829169714
 0.01026356988566543
 0.01037277795044339
 0.01064465543325839
 0.01132189563429112
 0.01074811559742884
 0.0110497902242297
 0.01119577156293019
 0.0114131287444014
 0.01120541919454407
 0.01161702973155539
 0.01159538948447541
 0.01115766696921568
 0.01178372415353482
 0.01208953665346409
 0.01193610036502546
 0.01180965782561653
 0.01260170800375394
 0.01197665210612198
 0.01219346217825345
 0.01272916059471731
 0.01233461457826092
 0.01252635820452221
 0.01274216707965536
 0.01278864964865522
 0.01333604344361988
 0.01299273439041489
 0.01261617216727961
 0.01293244211883589
 0.01320870337979027
 0.01278272523479593
 0.01285387299181008
 0.01329976263431864
 0.01284052845403968
 0.01314647807529102
 0.01335405131341288
 0.01366283537677297
 0.0129886251123503
 0.01352711131756318
 0.01355704826271245
 0.01290041400700892
 0.01345583956505137
 0.01342364578754634
 0.01328410042102056
 0.01354721685994659
 0.01312937263021498
 0.01354235032420568
 0.01317369552321038
 0.01347505330792475
 0.01407182668482402
 0.0138773579605688
 0.01329860335793845
 0.0131957565793539
 0.01322677706010603
 0.01215565773483241
 0.01347522550931054
 0.01274786718277742
 0.01289509738923614
 0.0130927780686874
 0.01345983564771796
 0.01304698071255732
 0.0131427547428336
 0.0124702897961546
 0.01369605898898384
 0.01177061372540039
 0.01267300230816983
 0.01183601520379763
 0.01132158112904435
 0.01205240004962571
 0.01248600761060793
 0.01211017432026538
 0.01172534996590774
 0.01396582040045325
 0.01172507993963598
 0.01140118099631931
 0.01378066955485733
 0.01239320176052428
 0.0124351360175019
 0.01272070232477677
 0.01051502668780092
 0.01154806727214192
 0.01229225227781679
 0.01252011370868331
 0.0110678653239512
 0.01120235605382557
 0.0105983078335748
 0.01107290303286086
 0.009745179283172964
 0.01158613585039644
 0.01126452119959464
 0.01119058056439531
 0.01105715383558956
 0.01136012220484288
 0.01091875566112668
 0.01030205838602176
 0.008544203332640068
 0.01109071380706447
 0.01127298874133273
 0.00943687853047951
 0.01234798174042929
 0.01168821867546839
 0.008605942252057146
 0.0130091691698066
 0.01162534105402287
 0.01106691004113556
 0.0119061705765784
 0.01088794049432912
 0.01097697442579591
 0.01219974034128564
 0.01109202421306216
 0.01128674211923551
 0.0114293927236265
 0.01246089064336632
 0.01108430349050617
 0.01195779909516158
 0.0111585469142303
 0.01115129384478402
 0.01098281274623702
 0.01080793843335965
 0.01172881032945067
 0.01146548842457016
 0.01040599672606998
 0.01088229647258769
 0.01019179229245544
 0.009696222722878407
 0.01090369013610535
 0.01161751227026842
 0.01150969016874095
 0.01046461609803243
 0.01156150927687062
 0.01056677527119528
 0.009932766299544373
 0.0115945308252419
 0.009958771118329591
 0.009662610273954302
 0.01160136203930949
 0.009270047195067759
 0.01159207780052417
 0.01122651148906454
 0.0113575745499286
 0.01182328641014364
 0.0102754775633199
 0.01028854714561786
 0.01085678167741567
 0.009311930056457206
 0.01150376655154184
 0.01009987477427931
 0.0114605568559532
 0.01120694993189862
 0.01203723154753045
 0.01144869767474901
 0.0105011303955795
 0.01127992302607786
 0.01094260867598769
 0.01088866893873217
 0.01008283484515259
 0.01131807064436591
 0.01239238302653555
 0.01129104163717188
 0.01022798277445112
 0.01244610593612472
 0.01156591950489243
 0.01012675177270487
 0.01258924849162757
 0.01110830983283732
 0.01186063940792676
 0.01237558268545411
 0.01216762636915304
 0.01032456529606271
 0.01265462111962394
 0.01098529767666447
 0.01042035066234724
 0.01116316707526461
 0.01110287757659951
 0.01232478954001804
 0.01148367746399596
 0.0103923135960882
 0.01209230513733775
 0.0105827272975181
 0.01168248203176314
 0.01268793610174897
 0.01058287372243103
 0.01205702612046494
 0.01221407862937626
 0.01269454183881599
 0.01257430343435187
 0.01236314726167246
 0.01263233795416647
 0.01243881532834141
 0.01109720470042661
 0.01322261948752825
 0.011852508934964
 0.01213663606717462
 0.01235098835025103
 0.01207683761570991
 0.01302799252993004
 0.0122010627370867
 0.01329707450792121
 0.01239758616095067
 0.01294901609181159
 0.01308978887515694
 0.01205073905485524
 0.01256332874792078
 0.01339314809292023
 0.01225999893444262
 0.0127488741610342
 0.01315442392834563
 0.01241361829999159
 0.01255884590549743
 0.01356542027942974
 0.01304931225693542
 0.01383754129570925
 0.01332465504888077
 0.01323578561384357
 0.01297084451331351
 0.01305459308572121
 0.01224541207897951
 0.01364366444763179
 0.01290183410832708
 0.01368118946589226
 0.01416467360388511
 0.01346055292572046
 0.01382834919045777
 0.01297895639739765
 0.01323695678189539
 0.01405454512319384
 0.01374437218801234
 0.01324110847134129
 0.01326228217076471
 0.014459273982141
 0.0137568782537025
 0.01220116383502243
 0.01457473521942637
 0.01351047726496996
 0.01331607145500861
 0.01429784172666688
 0.0130984171650203
 0.01386438732826743
 0.01555446365070148
 0.01319921489881092
 0.01327403389182091
 0.01527797223942003
 0.01363471326670714
 0.01327042210882457
 0.01622400523239725
 0.01379478310573807
 0.01295417892947055
 0.0158889118567436
 0.01328392352533603
 0.01384321431620475
 0.01633985163986926
 0.01317872087447941
 0.01350680869792095
 0.0156801347184178
 0.01397637467302628
 0.01397675407235759
 0.01422908179509251
 0.01277626682727722
 0.01373477219882825
 0.01481734153522554
 0.01426052567259561
 0.01419401965457253
 0.01406679997340875
 0.0133723037920608
 0.01446408861427497
 0.01429418807081597
 0.01359408251200351
 0.01541914991480266
 0.01425629916209915
 0.01296116513050134
 0.01560696326002374
 0.01400536514049356
 0.01417568591295741
 0.01446683900229939
 0.0138927949370516
 0.01275160099877811
 0.01371488418238013
 0.01356287229399452
 0.01323475015068539
 0.01403399845499305
 0.01293534387321608
 0.01306972060218045
 0.01358179254076023
 0.01444365481964083
 0.01403855709785039
 0.01430090943213987
 0.01408591273610182
 0.01405028588882433
 0.01396707375003613
 0.0129328415467578
 0.0135430659195641
 0.01388807629556599
 0.01383966790831457
 0.01548494196949446
 0.01357485328148875
 0.0136902987442756
 0.01428959402725335
 0.01420534586667203
 0.01293415269510952
 0.01421608526609053
 0.0144950078612957
 0.01320245862616194
 0.01377749079816992
 0.0139187708851174
 0.01240636169088808
 0.01462448443950356
 0.01306812170274406
 0.01227270366545353
 0.01344296552610279
 0.01362913657971488
 0.01233664312865465
 0.0127797431828394
 0.01277126567822684
 0.01276674745488716
 0.01332986519720587
 0.01262297487933691
 0.01305056090470358
 0.01309222525296005
 0.01289078797184205
 0.01353129901121137
 0.01392191584529437
 0.0142333141163087
 0.01426580357707966
 0.01343761951982766
 0.01384047795532399
 0.01478483579913203
 0.01397619362110268
 0.0145613584836451
 0.01510869684000064
 0.01406960858382623
 0.01413413653113746
 0.01449658437361944
