# Created by Octave 4.0.0, Sat Feb 26 14:39:16 2022 EET <li9i@spell>
# name: mean_trajectory_errors_dft_i
# type: matrix
# rows: 1334
# columns: 1
 0.004107467195608186
 0.008649370075642961
 0.01088140982431739
 0.01027927931532964
 0.01333443554868492
 0.01199875094689028
 0.009519829101602161
 0.01110455311141997
 0.01110758567789522
 0.01068518263292585
 0.01141559738751592
 0.01136182704956702
 0.01223598525725807
 0.01219641050592014
 0.01255533673468604
 0.01280403961793511
 0.01304345664918205
 0.01312606063535385
 0.01288946215497831
 0.01309077118894451
 0.01127016007739205
 0.01266828261718848
 0.0129059585042806
 0.01168400044930823
 0.01226453961750227
 0.01237747815272145
 0.01234753231735796
 0.009527352587629144
 0.01025949530606881
 0.01233335670675012
 0.009252931843364013
 0.009148138090795028
 0.009523967044678651
 0.009394791902746839
 0.00942060862718511
 0.009982642224939772
 0.01000961515481599
 0.01006290271083829
 0.01001032287660928
 0.009837018195181169
 0.01043039775123745
 0.009336134822257543
 0.01042663581141155
 0.009818826855724477
 0.01012065566375353
 0.009970131253963224
 0.01023156144333546
 0.01028534354991492
 0.01044607230841571
 0.01036330257206472
 0.01076690398289483
 0.0107235098644049
 0.0111412087735656
 0.01107676920638459
 0.01115343898930053
 0.01133035657671591
 0.01120726191664814
 0.01132068833619918
 0.01154211131006205
 0.01197249838618865
 0.01180043911525126
 0.01167787900113209
 0.01180641464055475
 0.01224296069075951
 0.01212240393746252
 0.01272718827070485
 0.01227506351618706
 0.01279769178663782
 0.01278886093876364
 0.01262598979314496
 0.01351478838128819
 0.0127859059618584
 0.01285474843456991
 0.01364646578237147
 0.01335919303971566
 0.01321797336829659
 0.01283379802097978
 0.01351609595567044
 0.01362903893135988
 0.01382408113722322
 0.01336623468638037
 0.01350063872521176
 0.01433891565451717
 0.01405870968188207
 0.01392455800302587
 0.01394035909719532
 0.01406763416431618
 0.0143755840611125
 0.01463740465303217
 0.01438212650034303
 0.01479972786178347
 0.01383263383690209
 0.01400623215526514
 0.01406316234279917
 0.01367957573911245
 0.01434347066791024
 0.01365350979271724
 0.01466616849881579
 0.01342157758381307
 0.01430106492575613
 0.01444784864017674
 0.01292587399816422
 0.01328247436054262
 0.0136219815133909
 0.01325321461260941
 0.01409912719480275
 0.01272731445237126
 0.01352282663646334
 0.01378928113325902
 0.01396037879120493
 0.01447074402327305
 0.01467007110486821
 0.01396788323186313
 0.013748763686247
 0.01352037848676272
 0.01326225762981448
 0.01407354201372475
 0.01388336920916786
 0.01440092461352747
 0.01388209314665046
 0.01067859015748837
 0.01439054578976859
 0.01238124858531884
 0.01234389837730407
 0.01325947020309109
 0.01242393958775396
 0.01443089374521301
 0.01411921236499947
 0.01309818599877174
 0.01351112365935257
 0.0141381341448894
 0.01374806914291811
 0.01359463389053197
 0.01406248826591929
 0.01380409083223351
 0.01412622233680113
 0.01273545752520265
 0.0137138176545485
 0.01451589409684026
 0.01311626442086287
 0.01419803665055721
 0.0138642672956133
 0.01260172820343081
 0.01475930392983046
 0.01339117279127461
 0.01202571211392592
 0.01529095393999137
 0.01475162156763011
 0.01295605335714912
 0.01457144500819308
 0.01365309763899472
 0.01157729427503332
 0.01401411227119648
 0.01470623882332731
 0.01263318658785255
 0.01446036288539276
 0.01425119673371827
 0.01390430192376754
 0.01378914477900703
 0.01448445265990384
 0.01392590432261541
 0.01422288535811628
 0.0140330801812952
 0.0138414333379209
 0.01471088517635212
 0.01365451131686301
 0.01462351142766235
 0.01422942043706459
 0.01239686597173412
 0.01331689454262501
 0.0134206231476753
 0.01279496228005184
 0.01286021070295536
 0.0135990884754258
 0.0128732243668419
 0.01280862176668541
 0.01318107770886625
 0.01338272309468308
 0.01390563212932429
 0.0136191383107697
 0.01294001059810984
 0.01381811601069242
 0.01425605425136121
 0.01340785579788871
 0.01393203540775948
 0.01489427097409611
 0.01198979705323862
 0.0142802031566742
 0.01393291404414109
 0.01290328365532714
 0.01335375647235857
 0.01347570697633502
 0.01250102870108409
 0.01366365945950584
 0.01354052351200492
 0.01194852952430315
 0.01144505042522971
 0.01313370512912194
 0.0123660475321302
 0.01198383217555088
 0.01293749944718529
 0.01224446112549841
 0.01292588405071694
 0.0127283803613199
 0.01217763412234991
 0.01465688469982238
 0.01326358860005655
 0.01253009066505844
 0.01426247374893483
 0.01372506264368722
 0.01282171860095845
 0.01509518955064678
 0.01490475085375183
 0.01327674539565259
 0.01496983188359711
 0.01450299821873783
 0.01328883896497471
 0.01458508595735786
 0.01516737355684791
 0.01266916631661476
 0.01358710450162389
 0.01428365945707274
 0.01333304819793992
 0.01518695794103534
 0.01529009731487081
 0.01324118409930868
 0.01516171692973025
 0.01416776736496729
 0.01248951905177359
 0.01501975038218411
 0.0133658275713247
 0.01360964732077342
 0.01431101902069059
 0.01397321055080027
 0.01289367157024986
 0.01464499559830424
 0.01461435282926628
 0.01264980100598953
 0.01427373093518494
 0.0150093554621208
 0.01328175434057405
 0.01560047144513504
 0.01439126447144021
 0.01500148516037761
 0.01570984016391043
 0.01541203318240875
 0.01385962857968633
 0.01565672752158573
 0.01614563928440024
 0.01437636577523247
 0.01490101829076129
 0.01405726020218234
 0.01333351415516706
 0.01566125140510477
 0.01538441578984715
 0.01287578433384753
 0.01523155112400928
 0.01476348709090383
 0.01445425832341827
 0.0143943727061163
 0.01333603568784406
 0.01398968926042691
 0.01577892064537453
 0.01442637294032828
 0.01358474122752804
 0.0143683603782561
 0.01426158823234434
 0.01522789865278016
 0.01552343196819565
 0.01432944085236302
 0.01330534283450878
 0.01596189307433261
 0.01436549959875582
 0.01466588817408597
 0.01667494216706289
 0.01609052143760686
 0.01575755811653131
 0.01718351425374733
 0.01506997776433989
 0.01547163104096
 0.01551549130016056
 0.01524222325887
 0.01644455201869978
 0.01679278953351785
 0.01511322206561436
 0.01519827010574368
 0.01707175019752095
 0.01611018678577144
 0.0159586499506648
 0.01746689917951774
 0.0154296465336078
 0.01587124211343468
 0.01676578443861495
 0.01556065861773603
 0.01605169414673661
 0.01587042436646429
 0.0152587196082676
 0.01674937669332949
 0.01593630193142316
 0.01540720864552079
 0.01582306462607462
 0.0167873270425555
 0.01504106100077076
 0.01508277501174475
 0.01711418563676089
 0.01563710605199138
 0.01660976777643873
 0.01773965235876389
 0.01530152241382306
 0.01593837685827548
 0.01718536323537327
 0.0163987992813166
 0.01781158113949732
 0.0172135315495466
 0.01641359807420122
 0.01686552736829395
 0.01685586854908306
 0.01622051379304894
 0.01686104004062266
 0.01526374911698655
 0.01626565120667108
 0.01644939223799423
 0.01470645460836045
 0.01724857032381322
 0.01690775698224759
 0.01466297529846128
 0.01646854003929425
 0.0157769201262501
 0.01521670297831943
 0.01524773316771458
 0.01382774016804274
 0.01478769060301541
 0.01539088405640288
 0.01444096874250746
 0.01460289800207987
 0.01448296414331285
 0.01461196274539409
 0.01494361141845375
 0.01439925018236479
 0.0140676353807727
 0.01495011979466986
 0.01469435063724212
 0.01580257186308381
 0.0147625988805252
 0.01576262070133502
 0.01426145932457156
 0.01494749789252942
 0.01577086889166712
 0.0143908501329283
 0.01438898239026783
 0.01562923018807044
 0.01537702848647209
 0.01405909728799507
 0.01382536733255357
 0.01571589187217825
 0.01327387721213484
 0.01347132528626995
 0.01394976906516337
 0.01469520361464995
 0.01382697536186908
 0.01352739968627391
 0.01350546388145664
 0.01397807023998089
 0.01441817191609026
 0.0139466579059341
 0.0133028620070674
 0.01399421255232068
 0.0138971747683476
 0.01477292559365625
 0.01413614903525392
 0.01483264484752004
 0.01431209703977099
 0.01561982913160684
 0.01466365318913258
 0.01525652626556531
