# Created by Octave 4.0.0, Sat Feb 26 14:47:08 2022 EET <li9i@spell>
# name: mean_trajectory_errors_dft_i
# type: matrix
# rows: 1353
# columns: 1
 0.004308546218576884
 0.009193293630917731
 0.01054915561142579
 0.01268895880746592
 0.01459793725298396
 0.006025324538406665
 0.005926936726724124
 0.004974677804183153
 0.00557433043134005
 0.006465627900672045
 0.007448074888832
 0.0103244530108585
 0.008290963757276434
 0.008271021588606878
 0.008010698945582911
 0.008026928217951257
 0.008075279145778149
 0.007538773988478102
 0.008521854796423818
 0.008579608131051544
 0.008550896330709521
 0.007841728966025221
 0.008194701435331285
 0.008556882036005367
 0.008079429540512818
 0.008085963470040973
 0.008293084015325452
 0.008583892432364737
 0.008529157128579554
 0.008615799848084277
 0.009067752187916292
 0.009556816154441686
 0.009625580536342505
 0.01010283923257028
 0.01052295605751906
 0.009380394156523716
 0.009637227424808704
 0.009226438406059797
 0.009056335539637292
 0.008738645729900962
 0.009050580102169211
 0.009214120416016967
 0.009171732934228486
 0.009373277967031843
 0.009449444761958047
 0.009203955481256989
 0.009502863330062568
 0.009579970429288497
 0.00966697586840308
 0.01012149507791441
 0.01018705228793173
 0.01017595123503587
 0.01023035048119659
 0.01023537822712746
 0.009953828965884577
 0.01029063554673883
 0.01089439671643975
 0.0106173677243756
 0.01066256704216795
 0.01108655051576155
 0.01084629257667059
 0.0111744943158417
 0.01138084239111948
 0.0118204397395237
 0.01453600052549531
 0.01238793748623112
 0.0123903185842024
 0.01246607961537131
 0.01259091529464876
 0.01222855018717537
 0.01245232783246579
 0.01273585100745914
 0.01268454700743338
 0.01327612679774197
 0.01287515196600795
 0.01279444381060862
 0.01314816127770322
 0.01256098579819629
 0.01314754613862831
 0.01309175260058028
 0.01300862708878801
 0.01331559062988777
 0.01318797596102276
 0.01350041796552934
 0.01347530599749733
 0.01331510231791883
 0.01346551966381188
 0.01398352968250735
 0.01377068185633307
 0.01354147694323387
 0.01327070641653458
 0.01456440446031418
 0.01388539068135426
 0.01361499227774865
 0.01432419672908545
 0.01299325491630757
 0.01355922995792925
 0.01409018032296915
 0.01380089148808595
 0.01394979752392746
 0.01349597600354264
 0.01372149405692625
 0.01375028322020499
 0.01441537513426489
 0.0141763834288411
 0.0129597361868477
 0.01439487711838347
 0.01399482833183404
 0.01346629223350688
 0.01377380492903617
 0.01335554155413113
 0.0134907384741367
 0.01374118575758429
 0.01284395015216129
 0.01206999789739724
 0.01343248583576704
 0.01266088261399375
 0.01248992366970622
 0.01310047121915884
 0.01283302282558317
 0.01266298279985757
 0.01221321468099938
 0.01330703009575978
 0.01080253085276462
 0.0122760983382376
 0.01115317233694086
 0.01148686233696871
 0.01061066654422747
 0.01107265060399149
 0.01050902391511404
 0.01034959799618572
 0.01060765026300779
 0.01172050290200762
 0.0134003934677354
 0.009454351202837207
 0.01180557371282514
 0.01144306447584017
 0.009719003532021837
 0.01198578313507655
 0.01184779631819819
 0.008701094234789656
 0.01152094942089043
 0.01222719666916561
 0.01105990949521242
 0.01159621644250879
 0.01138924637874644
 0.01091759481752206
 0.008431824462620523
 0.01203533838431176
 0.01001656198926596
 0.01034484502198133
 0.01088079169691095
 0.01051952881374448
 0.009847829291061334
 0.009732035965342832
 0.01284219802123382
 0.0111713656278634
 0.01199857763253238
 0.0140670736028076
 0.01144590930071952
 0.01060830728630268
 0.009875773349531214
 0.01190780182000246
 0.01119368953356368
 0.007804623425210194
 0.01197779161324107
 0.0127554506551808
 0.0115906621646053
 0.01131880204135316
 0.01154216637859215
 0.009920510824520366
 0.01096020478713287
 0.0117634625263379
 0.01019323812827622
 0.01113958622061569
 0.01200334198306529
 0.01083812668513128
 0.0107511200043492
 0.01190374674877463
 0.01039555313421691
 0.01097640917418538
 0.01211878574869795
 0.01064740660892399
 0.01104898065796642
 0.01243527219856736
 0.01257663756068488
 0.01387809776527176
 0.01429454463796369
 0.01327771797500369
 0.0143212405967146
 0.01395248105529691
 0.01366007311414383
 0.01341626343773274
 0.01441498209597881
 0.01444943990327519
 0.01061118573871578
 0.0128269165099539
 0.01340379380415118
 0.01136255724950442
 0.01248270774861959
 0.01367602063279637
 0.01228835762062911
 0.0128387745126581
 0.01179880207075379
 0.0126581582742269
 0.01308912833690493
 0.01212822825805705
 0.01249611207010174
 0.01236944842989446
 0.01086811687601125
 0.01162538604804867
 0.01186635314635299
 0.01170940616828823
 0.01141720774013501
 0.0100499338831813
 0.01211155064425163
 0.01182596795452726
 0.01036859605749665
 0.01172078973321568
 0.01133666736102946
 0.01234400684523779
 0.01427642125866184
 0.01195654772368734
 0.01349956761744774
 0.01384952822562957
 0.0125117793527424
 0.01175480003086312
 0.009653018751443344
 0.01262309100813068
 0.01110780936510097
 0.009760046203413097
 0.01226637673280101
 0.01325193637195766
 0.0119026675277987
 0.01207365135582465
 0.01196389443665065
 0.01136758232621512
 0.01246113309299177
 0.01156025002646016
 0.01251360985639171
 0.01297268134179128
 0.01267816752324494
 0.01271254178297996
 0.01257905959309122
 0.01282133479874563
 0.01294793267926772
 0.01251046953343869
 0.01357433456230419
 0.01217995790192227
 0.01265685520941297
 0.01293483496814277
 0.01286045153301179
 0.01213828340411965
 0.01402319627271111
 0.01285782736767225
 0.01162023662699621
 0.0140960091584682
 0.01240791176215614
 0.01353888000858153
 0.0129682451182057
 0.01275620542125518
 0.01267433253774116
 0.01408986828928076
 0.01113354018503643
 0.012242007865027
 0.01390808678704214
 0.01205228805804667
 0.01239491298623323
 0.01297300218118866
 0.01140404637292971
 0.0134244683322777
 0.01345102616980186
 0.0126460012421233
 0.01274439505267112
 0.01199626787418116
 0.01027816085120404
 0.01271656467135212
 0.0111713852162217
 0.0126534511996343
 0.01328527448641698
 0.01411529420867321
 0.01381428178557223
 0.01400382276589485
 0.01414132714971594
 0.0136474568673745
 0.01427800946994621
 0.01423171004073434
 0.01386312580585574
 0.01424155777908156
 0.0157016542680415
 0.01395638926975627
 0.01475860332841884
 0.01406584647810219
 0.0141929478029317
 0.01261772774524544
 0.01572411987945866
 0.01588170159099363
 0.01340048283368972
 0.01442523139534663
 0.01399945124072494
 0.01474010333155819
 0.01399903889640878
 0.0140968263697054
 0.01480684362827846
 0.01409284345649227
 0.01492812557007477
 0.01491915467986991
 0.01581996890097277
 0.01724070931294027
 0.01507240688508228
 0.01479447164895136
 0.01662782361061496
 0.01559331775771608
 0.01529566196203035
 0.01611448770775036
 0.01634709257487491
 0.01537959398406718
 0.01459690015635676
 0.01611526933550814
 0.01459675127408833
 0.01489298627908207
 0.0160598296851075
 0.0158130902468206
 0.01531363287267193
 0.01401061833187413
 0.01334711533295665
 0.01378952374043628
 0.01587203783544611
 0.01442584231280266
 0.01445152370394209
 0.01377533781992422
 0.01333917065725066
 0.01455157065598712
 0.01414531322565255
 0.01523431665303516
 0.01539810495876591
 0.01271477368273438
 0.0143822436571129
 0.01463615406729612
 0.01355849521995737
 0.01585716283301461
 0.01598420396060348
 0.01522165823355731
 0.01477280674561685
 0.01556777393427227
 0.01417224978743701
 0.01601633948306403
 0.0155931829821051
 0.01508259286410091
 0.01505252952360184
 0.01431603554283923
 0.01587224944148111
 0.01421999303953489
 0.01460527688903207
 0.01411754959842928
 0.01341748755180121
 0.01330704458101871
 0.01350233181497885
 0.01475662452165766
 0.01211170028427744
 0.01315242990584242
 0.01411502206434811
 0.01300932407555085
 0.01336830107870838
 0.01385427567689282
 0.01396983202378339
 0.01314638980243365
 0.01428757801602104
 0.01424266214692408
 0.01319017289812406
 0.01352361659297699
 0.01450886216097615
 0.01425776783390336
