# Created by Octave 4.0.0, Sat Feb 26 15:16:27 2022 EET <li9i@spell>
# name: mean_trajectory_errors_amcl_i
# type: matrix
# rows: 364
# columns: 1
 0.10276691780298
 0.3528729468296743
 0.02047091558666436
 0.1596575958277548
 0.4646781444595242
 0.1157919350424694
 0.09439879556967477
 0.0755034866657926
 0.1124923188719059
 0.1422870901219777
 0.1039091554872413
 0.08269523195895209
 0.08604621097241666
 0.1069050281458705
 0.1828920859235235
 0.1129794917271004
 0.1134525493022524
 0.123515556268634
 0.1233684817048696
 0.1192790758397588
 0.1223175618923034
 0.1053452633559623
 0.1047527207676973
 0.1300966784034449
 0.1522203045783322
 0.1229120468936779
 0.1031420890811618
 0.1074820273556162
 0.1087297460229953
 0.1420878174286183
 0.1239598400074676
 0.1110832127991963
 0.1126409731756076
 0.1215463528040605
 0.1555013143049522
 0.1414498088767283
 0.1334873797532768
 0.1233702994292764
 0.1173458580201508
 0.162468058142895
 0.1326993048663139
 0.117797827551468
 0.1145208102887249
 0.128717696129594
 0.1387393569523566
 0.129186349882051
 0.1193601479860936
 0.1183400088832276
 0.1164923646764517
 0.1350230992530116
 0.1247535201105308
 0.11651742814788
 0.1112432874270732
 0.1052786222340116
 0.1207568308574286
 0.127946153657903
 0.1144172520101078
 0.120091247691975
 0.1152763132909653
 0.1353818468098963
 0.1197515166474571
 0.1189176716499366
 0.1065800666754023
 0.1102417030730884
 0.1283213879350804
 0.1116700047646984
 0.1026239592646208
 0.09900937065778806
 0.1149170439433895
 0.1270578088954824
 0.106534948015397
 0.09848250087039745
 0.09951490987236151
 0.0968127964580389
 0.1242964856182667
 0.1057856170861098
 0.1095025861950063
 0.1089005554616631
 0.107927594609097
 0.1477831166461245
 0.1245169860469472
 0.1118362129772851
 0.1208804736027503
 0.1380644672533352
 0.1470839093238061
 0.1133870911623543
 0.1158239970288577
 0.1014708237363763
 0.1252259273033244
 0.1421519450003709
 0.1065127350814264
 0.1082697527777591
 0.1050929607432325
 0.09687221208384419
 0.118637774591422
 0.1137908011309293
 0.1075340517416945
 0.1007650981103553
 0.1094234234688976
 0.1227905643575365
 0.1329648820405245
 0.1088249439356389
 0.09905405600438191
 0.1088370735512444
 0.1405254917466784
 0.1024978382977961
 0.09841397101751255
 0.1137922129537753
 0.1111803050436181
 0.1357575812688356
 0.1017994370767473
 0.09164729575651673
 0.09610510317389165
 0.09483562732957493
 0.1093161562677146
 0.09453922010098385
 0.1019561158308936
 0.09807800558590637
 0.09047102616607791
 0.1193390854620876
 0.1122951117293355
 0.09852906763738872
 0.09463837523063204
 0.1048331148044051
 0.1180112933962855
 0.1029446211204841
 0.09229259243293432
 0.1021315666532876
 0.09519154131414323
 0.1193728226195912
 0.09788805409809914
 0.1001508862200703
 0.09350383899386909
 0.09788697454451201
 0.1181091597954368
 0.1007117086838547
 0.09411643560710965
 0.09983541266833687
 0.09408494500944348
 0.1110126151873887
 0.09645224224046288
 0.09399881126325411
 0.1005174182157235
 0.1060760067706601
 0.1208088386251825
 0.09927613813915763
 0.1108889689004235
 0.09962349949136109
 0.09921581354102038
 0.1280657626551151
 0.1062031897275685
 0.1019835776222667
 0.1195777172003617
 0.1121324072970139
 0.1317576932368934
 0.110701854535803
 0.1034006608972691
 0.09411736850520856
 0.1055839262188471
 0.1258215100938796
 0.1043383642329741
 0.1042523684597185
 0.09785081880527922
 0.1021168031864058
 0.1174110969343112
 0.09723595808403313
 0.09615867930265097
 0.09072783825798691
 0.09291649289389191
 0.1025783549289082
 0.09320254293593129
 0.1007004551914516
 0.1021982225048335
 0.09573753513513809
 0.1239151763074647
 0.1049210027434394
 0.09459705747220669
 0.08802891806276771
 0.09300057441320071
 0.1098285689754514
 0.09680098696778669
 0.0988100290084334
 0.09668785323418777
 0.09442770215614958
 0.1136026475264394
 0.08796388817316862
 0.1036069611479695
 0.09451388198349882
 0.09616748683855576
 0.1296932239843017
 0.1026162998034602
 0.09875689289252533
 0.09476071571876231
 0.100301502379561
 0.1231160322296537
 0.0961076654138406
 0.1059165065099107
 0.09537678535524094
 0.09445313935197137
 0.1275836074704283
 0.1006738385374944
 0.09315980064918143
 0.1014151924361237
 0.09566085326208724
 0.1235348060192688
 0.09564868481363867
 0.09429990845770238
 0.09879590945541987
 0.09934356916356635
 0.1188366150219058
 0.09724322878700629
 0.08779740104352529
 0.100887502260688
 0.09525765247537034
 0.108335829218683
 0.1009776355845318
 0.08651075302660885
 0.09257611626271603
 0.1063984269270745
 0.1020957744967825
 0.1138805452095277
 0.1012834068807805
 0.1199681723041478
 0.09967575092158013
 0.1244499036157621
 0.1111941615618825
 0.1035488744160092
 0.101465010161868
 0.1148850421486888
 0.1204337399171852
 0.1037509668387074
 0.0932678400310932
 0.09037022957762486
 0.1001523492631468
 0.1252302320001304
 0.09737460264897319
 0.09835832553345275
 0.09735345504667901
 0.0981474038939973
 0.1221500094463186
 0.108131254108749
 0.101277392203775
 0.102410998049402
 0.1016539565723642
 0.1228606485841073
 0.1007194026137154
 0.1027265405372214
 0.09946076908660989
 0.1002159077991222
 0.1111560609253903
 0.1049684916425125
 0.1086847158590643
 0.1014063096050244
 0.09998462327966372
 0.1146719378834052
 0.1072280030284792
 0.09165924032279912
 0.09580183063357753
 0.09837957089971711
 0.1092031409343351
 0.1005069924417928
 0.09794157636857431
 0.09194381849458769
 0.102426637336892
 0.1252203921723255
 0.1021370617229089
 0.0963592828623866
 0.09655392790311003
 0.1060958370139763
 0.1181552816873847
 0.1041793935824552
 0.0946720517566189
 0.09523100467184992
 0.1111814366904754
 0.1243644583523808
 0.1060284094051521
 0.09643748583022205
 0.1069204933879485
 0.1000948125398108
 0.1282298411243403
 0.1103931881334474
 0.1112568219632648
 0.1045576357114712
 0.1172198162066688
 0.1181226001582782
 0.1035085629726598
 0.1064258074688885
 0.09857620393730433
 0.1062471796163275
 0.1224500836694073
 0.09716836929167762
 0.109413444778693
 0.109357527339743
 0.1022828063203197
 0.1302741976451692
 0.123420360117566
 0.1014854827222578
 0.111328405111829
 0.1204322593459991
 0.1828501487580807
 0.1383169454874836
 0.1197388509171258
 0.1018386393648131
 0.1134612183423394
 0.1228314464616611
 0.114201629317701
 0.1001400189967737
 0.1063544918090241
 0.09724889785138496
 0.1237889535376456
 0.09574754381998925
 0.1033471722119393
 0.09639142729791474
 0.09670055181257337
 0.115086668449544
 0.1049268876782682
 0.1002687856082418
 0.09410198693726163
 0.1016915014302403
 0.1143240479633481
 0.1009202382291004
 0.09294963443227915
 0.09093935324190153
 0.1146416690697023
 0.1241998768661098
 0.1125125182480805
 0.09765549564821932
 0.1078221482598325
 0.1018782793720169
 0.112843629631039
 0.1121278400984196
 0.1006396834433401
 0.1076438718789298
 0.1049757576083366
 0.1252361524419151
 0.1061412832015279
 0.1065112668660772
 0.1079742540856648
 0.1061931527676755
 0.1286173553489419
 0.1163321723104434
 0.1234856726298716
 0.1034684602418243
 0.125023326943084
 0.1375047656409827
 0.125747832408897
 0.1142004682457595
 0.1151212145798794
 0.1172018216882907
 0.1264740437021664
 0.127894836076358
 0.1447028594146964
 0.1375307000955274
 0.1461488353858762
 0.1842208609180903
 0.1637072440507924
 0.1606669342140757
 0.1656029928911741
 0.238215708569579
 0.2236909517100945
 0.1921743081810595
 0.1777416292659522
 0.1817016696053008
 0.1890081006089956


