# Created by Octave 4.0.0, Sat Feb 26 15:08:37 2022 EET <li9i@spell>
# name: mean_trajectory_errors_amcl_i
# type: matrix
# rows: 2285
# columns: 1
 0.0512705894436908
 0.03694988326730267
 0.05684403925454934
 0.04262929735661745
 0.03311113930578008
 0.01731122725921351
 0.02995987160165001
 0.06339555629559503
 0.03317855841812928
 0.05818072491660658
 0.07531659622197079
 0.04162515938378595
 0.07143357484805435
 0.0384169643059476
 0.03972604422078995
 0.04170903496778247
 0.05886646027910865
 0.0522476786770588
 0.05301025200442553
 0.04288027829708217
 0.05044090065397251
 0.0363088286957937
 0.05286104807509328
 0.04362770094665687
 0.0350471108196174
 0.0439320093341382
 0.04089143434148796
 0.04232524678413741
 0.0414223914429489
 0.03009212659474901
 0.02333724529736809
 0.02499870884892124
 0.0254096704629551
 0.02664169492917338
 0.02496161687972603
 0.02741244085856041
 0.01897142144754212
 0.01527272209826003
 0.02338092733255434
 0.02354313472766952
 0.01709434718477175
 0.02367707781054183
 0.01842607458866129
 0.02259756917053363
 0.02198006013978347
 0.02110150740933992
 0.01633565364244651
 0.01501654465528801
 0.01761865852656024
 0.01579245853542137
 0.01368927763737629
 0.01260278455112884
 0.01309698933759418
 0.01145196579369999
 0.01255375333468586
 0.01362023954335739
 0.01350463234923669
 0.0131474962468554
 0.01130305667094766
 0.01328385489540903
 0.01086475911854227
 0.01233348516640842
 0.0165178016000096
 0.01146569894785785
 0.01064741767963209
 0.01238970698020794
 0.01322972191115446
 0.01032311775320941
 0.009678174349654189
 0.01105618020352921
 0.01051985137163003
 0.01053004949431171
 0.00972867903520558
 0.008399842648543467
 0.009955989624567329
 0.007895702397404759
 0.009212186831598732
 0.008511399198745337
 0.007273033225362478
 0.008032998135643496
 0.008554981653469473
 0.007425474956373659
 0.007205296135212369
 0.006210905766761904
 0.007332649696865926
 0.005728964169054468
 0.005053599963819694
 0.005344867600720169
 0.00534863657992942
 0.007645007518400891
 0.007022903217384454
 0.006236996459903566
 0.006043320372237211
 0.006356237684270651
 0.006694116626530088
 0.006322079321535329
 0.005730974094801809
 0.0057719479369121
 0.005122848526488468
 0.00620877846605074
 0.006563617480495839
 0.005633847507522874
 0.01990980354457545
 0.01767650461483527
 0.005335871994004814
 0.006811442992596962
 0.005008903902784881
 0.005674894597880207
 0.004888996563235622
 0.005157633330023347
 0.004758244255888493
 0.004035745049915382
 0.003913601202324631
 0.005285722273764036
 0.005094410071803892
 0.003832534524679287
 0.004954994503076868
 0.006189852999766512
 0.006862776191141213
 0.004861096234155485
 0.004791075681148983
 0.004494020951095864
 0.005325162393665988
 0.004714617227192372
 0.004281283599664702
 0.004453122879515541
 0.004405887497279212
 0.004722223195150931
 0.006314381675318004
 0.003687821033801291
 0.004137822377624226
 0.003604285159231799
 0.003479679412496053
 0.003500596250625666
 0.003736329824730177
 0.004004592328987516
 0.00563173791714564
 0.005299183549730826
 0.006155273523579109
 0.005196464720063794
 0.007379341461861253
 0.007698459163022812
 0.007613875506478089
 0.00860661670470168
 0.006773271752706184
 0.0095227391593275
 0.006563338625712128
 0.006738896499229557
 0.005832462006047745
 0.008148154859690376
 0.006846046002490351
 0.006331397855457047
 0.006378994824033813
 0.005781902335328174
 0.006329205038466488
 0.007318920983714291
 0.006697465976283092
 0.005753032242375064
 0.007095388102416955
 0.00685156726675646
 0.006238532867413949
 0.0080945459201894
 0.008912181967394578
 0.009159884025575386
 0.008795385038902091
 0.01055455251113992
 0.009366125399701464
 0.00861631260915091
 0.009263086761009325
 0.01034247962531175
 0.01003726630573867
 0.01322768550047755
 0.008629216106596296
 0.009374053696695278
 0.01202437307882802
 0.009911474622797506
 0.01021497270721254
 0.01114536432539574
 0.01201619928435031
 0.01098331676990575
 0.01129181289364777
 0.01194690934934845
 0.01110955196130704
 0.01120557447120924
 0.01301437578008103
 0.01463004481853512
 0.01234753047436524
 0.01192816666030216
 0.0133419519229641
 0.01519329961403059
 0.01378545238418676
 0.01461710418204938
 0.01707393321576291
 0.01488247822605337
 0.01538116280969641
 0.01526815150781355
 0.01629965262827992
 0.01988453115636929
 0.01477192851076992
 0.01728016775915927
 0.01584404155493119
 0.01534165544623019
 0.0186955154025759
 0.01427526295808632
 0.0131643050812341
 0.01366650041847771
 0.01104053864115349
 0.01027920557431376
 0.01072265069685911
 0.01012208524684514
 0.01081443935810898
 0.009835952674601838
 0.009536756351408559
 0.010565112752283
 0.0100794789671259
 0.01040458979944836
 0.01018138969287409
 0.009917571124664331
 0.01109498143663758
 0.01155712456861335
 0.01214800804493768
 0.01052892561669493
 0.01144305510490766
 0.01181203285621409
 0.01042565028051148
 0.0128887268003689
 0.0133386179537482
 0.012812662716597
 0.01331121480281914
 0.01343039617766324
 0.01361807612436823
 0.01466012294993107
 0.0138790187609435
 0.01455655105135436
 0.01538341289379226
 0.01591474150401229
 0.0152484886677317
 0.01569973566092523
 0.01430639315245136
 0.01430474453425428
 0.01412249445571594
 0.01414148391099451
 0.01404371799634702
 0.01371479620109308
 0.0131699145807601
 0.0122679644742448
 0.01177493630234032
 0.01213509551740773
 0.01065724586814219
 0.01135602998190802
 0.01275115984767591
 0.01268516031248113
 0.01246309571016007
 0.01261117922915782
 0.01210131929368921
 0.01254831277550426
 0.01263580909626657
 0.01258851642136779
 0.01558211831852905
 0.0128587086722368
 0.0133300225353944
 0.01397169777027373
 0.01284291021118983
 0.01240004584847882
 0.01275015416805804
 0.01196700304165899
 0.01239604731965843
 0.01153487768135749
 0.01126528522111855
 0.01232836477667812
 0.01302988485031778
 0.01250713526675694
 0.01278822924922168
 0.01307858717196667
 0.01198485743476969
 0.01269858540661147
 0.01300473344507098
 0.01234209316092491
 0.01279098636153659
 0.01302180659348279
 0.01365142727765962
 0.01407555318771023
 0.01363515677459701
 0.01413319963829553
 0.01566344407029469
 0.01433714850426443
 0.01433306397951939
 0.01513780734343083
 0.0149415319995012
 0.01446417402040204
 0.01609446265888292
 0.01566655098214751
 0.01657181020618583
 0.0156021859430922
 0.01536519517292519
 0.01554677618523967
 0.01502019477908322
 0.01523540176379107
 0.01544170035487242
 0.01520874060936029
 0.01441130322960165
 0.01485569192557325
 0.015243912645308
 0.01446907797164926
 0.01487647215875656
 0.01415174148009533
 0.01438152273508148
 0.01452888582234201
 0.01496036409710243
 0.01595491531469396
 0.01470267069317195
 0.01499711031814135
 0.01487461652975251
 0.01484059640845456
 0.01369580567878315
 0.01451122002456873
 0.0146869124943887
 0.01419496141134396
 0.01461231687975706
 0.01461580752320103
 0.01435805945472457
 0.0149495362391162
 0.01507679655952327
 0.01499029506708997
 0.01545664988424286
 0.01591625385072086
 0.01576147669025734
 0.0151243097927795
 0.01504483893507889
 0.01504424819965198
 0.01591298112070593
 0.01560247269391084
 0.01515395984489458
 0.01519156474951467
 0.01554136401456174
 0.01456098684146862
 0.01586334125659243
 0.0155523386286255
 0.01615414984344432
 0.0160462332744356
 0.01528690246014176
 0.01479196590644273
 0.01548698337277599
 0.01562436785240053
 0.01523812520618032
 0.01425023462009983
 0.01416802334191152
 0.01496743060290575
 0.01431842312468571
 0.01612082287771936
 0.01574788177445201
 0.01571204503010873
 0.01610919735848462
 0.0153281210671098
 0.01510024415287126
 0.01535452583689026
 0.01568896056174178
 0.01464014882366729
 0.01462284634217702
 0.0148592494878654
 0.01476735493858717
 0.01480965503105481
 0.01518572745171883
 0.01534727761782122
 0.01563885560230446
 0.01606959883390617
 0.014897455268419
 0.01495492284407303
 0.01478982137253216
 0.01558369187336167
 0.01514957796848938
