# Created by Octave 4.0.0, Sat Feb 26 15:05:00 2022 EET <li9i@spell>
# name: mean_trajectory_errors_dft_i
# type: matrix
# rows: 1871
# columns: 1
 0.01152099953079974
 0.01328401013591077
 0.01243723839327299
 0.01165732668532796
 0.01233829860922098
 0.01218842577783054
 0.01123014838113792
 0.01019690115916125
 0.01181051018449983
 0.01348180035238979
 0.01150467079404045
 0.01246958374194116
 0.01231134826816376
 0.01312033491901746
 0.01088187466419424
 0.01199960614283305
 0.01374621797601173
 0.01279139233725016
 0.01200782714422336
 0.0117788042151257
 0.01273693400530725
 0.01253429972502665
 0.01197449838999938
 0.01315252898699155
 0.0140450445010551
 0.01238349610037797
 0.0128669820249104
 0.01307826444848815
 0.01349548151426265
 0.01008836869903836
 0.0112613616950212
 0.01272662451427211
 0.01093924661999513
 0.00951052479439154
 0.01067096826606543
 0.0112148040015411
 0.01134824828032398
 0.01112113037237825
 0.01172254620636337
 0.01175434347936663
 0.01261285546458588
 0.01092304884130865
 0.01161479880211996
 0.01296545521496608
 0.01247930697937312
 0.01248777654145625
 0.0121428644221029
 0.01203384229987403
 0.01190129163143088
 0.01140908604796813
 0.01295275167451691
 0.01138464117006721
 0.011605961182422
 0.01179289125588345
 0.01329386241940186
 0.01209285846192562
 0.01350802189013143
 0.01404385980339758
 0.01307199203556807
 0.01285973560905385
 0.01256698540448765
 0.01331135340542532
 0.01304144452838665
 0.01217498139102688
 0.01309594148800812
 0.01335851774456361
 0.01292305015855154
 0.01497965229319235
 0.01470056695997591
 0.01488392800654745
 0.01635148511901218
 0.01560408704836704
 0.01400645955080467
 0.01389122694490827
 0.01387351056825528
 0.01491214991731439
 0.01344365476818432
 0.01824546949046011
 0.01432712990891565
 0.01483788422888072
 0.01501231607802472
 0.01461409848082357
 0.01478035267347981
 0.01809700585623868
 0.01760033452493926
 0.01894439094146638
 0.01535272944763178
 0.01984970297585264
 0.01632168653159995
 0.01540228365862699
 0.01497840211373673
 0.01541082571449176
 0.01687893390504801
 0.01664877817168141
 0.01211608025799446
 0.0132281530745857
 0.01310769310139857
 0.01398324819587785
 0.01084660120195614
 0.00992951974375101
 0.009502555149546954
 0.009840659373306667
 0.008858120489026225
 0.009196238056785126
 0.007910788847727231
 0.008005528249164954
 0.008605534320452322
 0.006963567327337028
 0.007928074135969951
 0.009383024621348005
 0.011128098945127
 0.01165224143715449
 0.01227767342650035
 0.01108857842915299
 0.01205783540510849
 0.01106307661917153
 0.0114069927471081
 0.009938611067220427
 0.009855750085315198
 0.01025648218213078
 0.01093684701133705
 0.01069254644191977
 0.01255765347694481
 0.01112963590433056
 0.01299293165992314
 0.01156129813709126
 0.0126220305294186
 0.01427465488525768
 0.01319229300436972
 0.01057550113165929
 0.009142258230091304
 0.008797867378653757
 0.008879122083834567
 0.008723211258181589
 0.009171229210264824
 0.008398239514941709
 0.008233274585437734
 0.008110007575231547
 0.008979291951335636
 0.007944706671686534
 0.009354474049427328
 0.01025502435817001
 0.01862171442271134
 0.01672585662394507
 0.03455054313992705
 0.03557115926563031
 0.009888708144482405
 0.01444954429348334
 0.01978850905821726
 0.0388064121902134
 0.02865186328979376
 0.008066373848731115
 0.008178949793467045
 0.008064077944807268
 0.007823879456681903
 0.01014606749632941
 0.008627045584848203
 0.01233890059453143
 0.01003508176550682
 0.01205704607722757
 0.01720453075677017
 0.01544838789874816
 0.01767845560927757
 0.01464534408438662
 0.008381949308066135
 0.009016609640196174
 0.007493814700076289
 0.007385373117283153
 0.00952929176769347
 0.00804562105211442
 0.04038536191525192
 0.03412660518905801
 0.01646999812777407
 0.01062895804196856
 0.01057359214382582
 0.01040683762889374
 0.01142103956897654
 0.01133803813380158
 0.01117382610673982
 0.01004766858956513
 0.01109069318379896
 0.01076070198416039
 0.01040088229416129
 0.01094092073381352
 0.01104804108565829
 0.01075193021428624
 0.01109641656414679
 0.01090563692078508
 0.01172963877920674
 0.01143750818641666
 0.01171585425820664
 0.01226400031103883
 0.01168963780401232
 0.01174682601617339
 0.0134064056337404
 0.01322121484100193
 0.01190964470703333
 0.01223884764329654
 0.01309087971296911
 0.01417830771925794
 0.01388440033902931
 0.01435696124442502
 0.01391533458835952
 0.01311965423561393
 0.01245557119520839
 0.01170496213115895
 0.01186189838941686
 0.01158053067146869
 0.01078851577495055
 0.01122348439406321
 0.01092148912891099
 0.01005342906177032
 0.01084236367841348
 0.011238366859958
 0.01182762541619087
 0.01131223353372194
 0.01220247191714302
 0.01122548531081623
 0.01188543937896005
 0.01242001754932644
 0.01240676038572427
 0.01313040188845306
 0.01331404432061727
 0.01432432979848882
 0.01343827020567742
 0.01381929899990741
 0.01445665064390692
 0.01480320979858118
 0.01441422698901539
 0.01371694201630599
 0.0148065778976466
 0.01403716342850174
 0.01406616459145008
 0.01400765437030823
 0.01433034992337313
 0.01328076307869589
 0.01359299263837545
 0.01335768462033067
 0.01386959385878463
 0.01548432754822754
 0.01490951785294854
 0.01616210867176033
 0.01617651377457486
 0.01594089569231158
 0.01519188256099135
 0.01535276657446319
 0.01484550528723588
 0.01433326099151577
 0.01454579116237814
 0.01393279116210619
 0.01287309330027533
 0.01242690811474021
 0.01393652099184014
 0.01443593640616934
 0.01666774043817629
 0.01930820539778041
 0.01921017573523623
 0.02165469011327574
 0.01815319590339638
 0.0198431626800677
 0.01571254450638422
 0.01586842471719561
 0.01531652168672758
 0.01435477100916198
 0.01424465889715826
 0.01474655694022999
 0.01445569002364955
 0.014162340426824
 0.01479348776160438
 0.01432118068254381
 0.01542976110093331
 0.01452703225858977
 0.01436638247070012
 0.01546088966584762
 0.01571826969063552
 0.01482126146052246
 0.01589250920812464
 0.0167110010103146
 0.01660446081178754
 0.01725957199812425
 0.01733401087031795
 0.01759430767212657
 0.01736938769838917
 0.01816552050865602
 0.01825129537516464
 0.01894088199269595
 0.01876103346761011
 0.01864944999746454
 0.01933765040410996
 0.01917062920405841
 0.02099082564536297
 0.01976372821482893
 0.02119847548132328
 0.02048074623330985
 0.02212992525832969
 0.01990374342560399
 0.02167080619153593
 0.02104401464848376
 0.0225616888459494
 0.02131730668736386
 0.02123246847687407
 0.02035702828100564
 0.0219618462411255
 0.0225846384595587
 0.02409974279738178
 0.02074667355745876
 0.020069882893422
 0.02037756748016198
 0.02106657311902501
 0.02216528078003269
 0.02159616685718104
 0.02222584679621562
 0.02027487077111592
 0.02181662620051775
 0.02183067160738007
 0.02136069641403201
 0.02069162881077776
 0.02150932591973036
 0.02136004157644414
 0.02237483379195312
 0.02070787669400237
 0.01936019776204572
 0.02090071157395895
 0.02188684089629157
 0.02183899864674575
 0.02084827447411797
 0.01981370869934683
 0.0209851838953993
 0.02127591525473211
 0.0218303043182005
 0.01990621746369542
 0.02115772913953052
 0.02110856601711049
 0.02054432226648096
 0.02063786665220383
 0.01981300413359951
 0.02118104959720538
 0.01798115852402704
 0.02062984315173653
 0.02163632694272352
 0.02134194209856452
 0.0200141810947071
 0.0206055388056921
 0.02139919133681178
 0.01934378919932682
 0.01923034559676083
 0.02120280062205233
 0.02129733944779443
 0.01910734952842818
 0.02048404305386591
 0.02123817099253709
 0.01801954622287958
 0.01946106690291187
 0.02036663538706425
 0.02118167446669463
 0.01905137273396242
 0.0204656049317417
 0.01866405432423025
 0.02126411055752765
 0.01891005993629865
 0.02013019038365782
 0.02019561361470868
 0.01949761269411522
 0.02031306992181898
 0.01986234719995888
 0.02014465787108678
 0.02282111009524352
 0.02012524467619073
 0.01794892650147655
 0.02023749413296742
 0.01943663729123902
 0.01988944703022921
 0.01857665397019365
