# Created by Octave 4.0.0, Sat Feb 26 15:14:56 2022 EET <li9i@spell>
# name: mean_trajectory_errors_dft_i
# type: matrix
# rows: 371
# columns: 1
 0.01247765963652017
 0.01062544964346285
 0.01333096003825947
 0.01277052607374869
 0.02486605791527135
 0.0133380438497295
 0.01395314724212411
 0.01443389630378283
 0.01556893526342204
 0.02457250907134051
 0.01554644193015746
 0.0154566897459572
 0.01676940600704233
 0.01678115611227798
 0.03638968805925338
 0.0167991565184199
 0.01588584676823528
 0.01761498444970251
 0.02018320841803307
 0.03100973945638169
 0.01149871470872302
 0.02068939828432588
 0.02323754093919048
 0.05301198367698741
 0.02143467932990493
 0.01523560509101531
 0.009837697295722201
 0.01186173126779951
 0.05853387514832931
 0.1246785996286966
 0.01460346369709037
 0.01604039045651787
 0.01696313368370964
 0.01817563404262908
 0.01737431904827396
 0.01704450809372963
 0.01965763012193091
 0.01797214064824761
 0.02100453673444134
 0.02879635798722197
 0.019338611357515
 0.01797005359132521
 0.020508731883698
 0.02109237771063876
 0.02328558684084195
 0.02353132823971357
 0.02381882867074692
 0.02607815646675586
 0.0256522422248772
 0.02391383946777952
 0.02859536246299266
 0.02778649887214345
 0.02751512853209747
 0.02585383398199613
 0.02622431844569107
 0.02735055331085066
 0.02801457956614925
 0.02797320136145062
 0.02587089309280673
 0.02785961694218806
 0.02540837901930173
 0.02570723559224233
 0.02596828293756405
 0.02487465070289418
 0.02399833532304695
 0.02578138637630222
 0.02581803771420066
 0.03254955204059861
 0.03156642626262154
 0.04892213904753875
 0.0339538588593146
 0.01959398412012033
 0.01467781239300642
 0.01313052441176542
 0.01293400593540493
 0.01145566820307527
 0.01032076273612487
 0.008724336061662168
 0.01063960739165714
 0.0743651419251312
 0.01603442145055287
 0.02097640348306454
 0.03484865435486092
 0.03274451968410111
 0.06123083707657918
 0.05589148265993056
 0.03940506489892804
 0.02312105879964623
 0.02343379031403652
 0.01492063070259157
 0.02277343626925937
 0.0192079386759925
 0.0106706461040879
 0.009020686363731743
 0.01360316688751007
 0.01665759311079472
 0.02596159890656673
 0.0526501148657653
 0.0707559790559039
 0.05311338206065423
 0.02380020629033354
 0.008455414364809484
 0.01200322141082029
 0.007954545718544878
 0.03790204166347193
 0.0100094558160862
 0.01098029476318596
 0.009787336369856046
 0.01073513833857165
 0.01340839175264191
 0.01006933660907251
 0.01007359257756392
 0.01013645663645703
 0.01028613360553647
 0.01109539085815495
 0.01118946026798037
 0.01210536685304617
 0.01367116218859013
 0.01221224142488478
 0.01251698091984886
 0.01192993934802094
 0.01242129255770344
 0.01206252799661262
 0.01214085262418785
 0.01286140297842832
 0.01334755866404301
 0.01399721751418556
 0.01386659874666353
 0.01448894254287117
 0.01984272909865771
 0.01522880580370347
 0.01564608084910126
 0.01583362275992446
 0.01595380089833858
 0.01827773187030363
 0.0165804134757226
 0.01645351606684262
 0.01638877844956491
 0.01611486466765711
 0.03331474693770213
 0.01723892208005163
 0.01752474493362873
 0.01726612989295196
 0.01706160041555591
 0.03037328990499281
 0.01737523893275248
 0.01768865760368624
 0.01816204446362366
 0.01996050201313464
 0.04695009833510941
 0.01876086840403791
 0.02030226421279491
 0.023749424829789
 0.02433800444505563
 0.0412444459082487
 0.02426064806649609
 0.02637408526342734
 0.02601785179731558
 0.03019185078509347
 0.02501325029169662
 0.02306427332791129
 0.0210209918792889
 0.02288632656503977
 0.02032215746481521
 0.01998297523643852
 0.02315023471148518
 0.02105862965493419
 0.02052845462812476
 0.02012057096724576
 0.01986697897411201
 0.02146137183547028
 0.02010203473488784
 0.01967546594471785
 0.02027503315776992
 0.03720728820614054
 0.02025221812169882
 0.02243577697800127
 0.02610014535573508
 0.02357543087047966
 0.01978412203602668
 0.02037927692276441
 0.01976825772732928
 0.01943776729002681
 0.01903488154404302
 0.01863973943904728
 0.01907878689889967
 0.01863761984303965
 0.01795997580549503
 0.01772124720638556
 0.02137200751821238
 0.01770552717462275
 0.01718169901143284
 0.01692235263442605
 0.01663764169617713
 0.04316898955971332
 0.01649441400609341
 0.01677065871313587
 0.01672679370052953
 0.01751622624983096
 0.07177707747324467
 0.01705417387856308
 0.01686173607754604
 0.01920675943789676
 0.01908544659520048
 0.03068121033597666
 0.02028526303624488
 0.0206556141350147
 0.02098344608543264
 0.02117420744882401
 0.02963134376130296
 0.0230873725127487
 0.02323300915775425
 0.02341448851073583
 0.02425105492245651
 0.02852500886060555
 0.02576299805103091
 0.02636655337712758
 0.02698390510167254
 0.02884919387164535
 0.05043968086633822
 0.03980917262239798
 0.03918061764210916
 0.04326043142996596
 0.03887819447668445
 0.04870209276171237
 0.03287151323647666
 0.03320916334428096
 0.03682022950437808
 0.04050882910165297
 0.04122844645724459
 0.03394651235193911
 0.03621510697487472
 0.03514370893190134
 0.03376590783099617
 0.03760876535547219
 0.03343662239513507
 0.03455595043051304
 0.03544274570205563
 0.03708291835915514
 0.03435116854913064
 0.0345977954050591
 0.03463760997663767
 0.03460357286186577
 0.03384173041407049
 0.03400818984808154
 0.03414870910355944
 0.03374603601608085
 0.03386475533847811
 0.03446841742547355
 0.03400256993253046
 0.0344046970655611
 0.03447044160057398
 0.03442663217983988
 0.03473449418035848
 0.03367286569249858
 0.03249286460739492
 0.03361736113003921
 0.0349036428675882
 0.03554499195943877
 0.03720258224479742
 0.03596648845707559
 0.03628547646464454
 0.03647554554431896
 0.03626643026416613
 0.0369312736093271
 0.03686178335433949
 0.0373207572262179
 0.03650305377975183
 0.03674718145385256
 0.03655247130157167
 0.03774307208073018
 0.03772615077379107
 0.03787871792160503
 0.03800168329778979
 0.03867008912438851
 0.03921358142746783
 0.03921616454299249
 0.03951920999533781
 0.04002087740086917
 0.04759072355326417
 0.04081621195010312
 0.04204016912647496
 0.0418221603698685
 0.04319865321499169
 0.0549508502340174
 0.04286447031441781
 0.0422308740038737
 0.04230497158319884
 0.04470589202948195
 0.04884170804029049
 0.04174613803902558
 0.04119519163137823
 0.03984670351109522
 0.0447664479449494
 0.1225709710163315
 0.03867680622781686
 0.07646988730816846
 0.2345266236082128
 0.1574056415286199
 0.3298423671674138
 0.03570711331040361
 0.04215221650054201
 0.05176938129232492
 0.04313113782420543
 0.04527088909094852
 0.03858146018127585
 0.03921493540647283
 0.03809249155469046
 0.03618411282385701
 0.03661399541213084
 0.03624600324750739
 0.03650973971555309
 0.0367064861018446
 0.03694704347628486
 0.03870876875730841
 0.03682580234516462
 0.03741898934254678
 0.03775862984889104
 0.03798391567378241
 0.03940318003208614
 0.03875965618322277
 0.03894946405584236
 0.0392903599920166
 0.03985150279281215
 0.04020688255003394
 0.04078462815513346
 0.04132328695637495
 0.04167200697546004
 0.04280334318136406
 0.04337413639215651
 0.04315654733029375
 0.05138665630984088
 0.04383671298603024
 0.04389032261966604
 0.05041052247661319
 0.04509265636203615
 0.04582538809816199
 0.04679429991360152
 0.05965267911544509
 0.1286258230155959
 0.05292199828187055
 0.05240559253105071
 0.04847963378024679
 0.05811735725086909
 0.07011538863745501
 0.04563447684476566
 0.05491974837752545
 0.0604182540588443
 0.04858647514271801
 0.07289368216871171
 0.05186210137425382
 0.05514197062936956
 0.0509607794288212
 0.05209568631866032
 0.06597193738183096
 0.06231464351204465
 0.05131411355231549
 0.05897407337621382
 0.06290888269691876
 0.07491265092546819
 0.05003141918233446
 0.05384936431666258
 0.05931467022372797
 0.09181333141387801
 0.05764660058644031
 0.05292666295379558
 0.05244337070577745
 0.054927503379595
 0.05221575231540031
 0.05588264157925094
 0.05179743395328135


