# Created by Octave 4.0.0, Sat Feb 26 15:15:51 2022 EET <li9i@spell>
# name: mean_trajectory_errors_amcl_i
# type: matrix
# rows: 370
# columns: 1
 0.0601028862190716
 0.2791834109352718
 0.1845890266265961
 0.2056154535910699
 0.1069851071609646
 0.05737467360571552
 0.07611843424096146
 0.06656901453638396
 0.09403452993154772
 0.08696172001234036
 0.05874069204109295
 0.06211758638728883
 0.06757749900797876
 0.06354794579697973
 0.09354059519861541
 0.07246306191689021
 0.08374566066258256
 0.07914052434660993
 0.08482564842031388
 0.06583570229098033
 0.07523297042560056
 0.06678732371257558
 0.06465147740685545
 0.0714609093300672
 0.07445822472264597
 0.07297262712492179
 0.06672226865619484
 0.06614226302648568
 0.07762920277012614
 0.07132635976955906
 0.0757052273533038
 0.07239757272959463
 0.08261472786135958
 0.0723439227853986
 0.06892024446485029
 0.08097823432049965
 0.08103648675342906
 0.09826260398753921
 0.08569202001545458
 0.08260743771703684
 0.07677522736016811
 0.07267251760772134
 0.0844965231869106
 0.08386581434418465
 0.07688640357952434
 0.07729274878722571
 0.07651967816464608
 0.07855742309553462
 0.08537823719074276
 0.07750111654465169
 0.07053201573389808
 0.0761695527699585
 0.07748616897045599
 0.07106826567314553
 0.07428674874681496
 0.07134300159642504
 0.07285556766798425
 0.0727612649864348
 0.07688298311906439
 0.07524208257130531
 0.06882708106030271
 0.06715611672161835
 0.06716364083788937
 0.06968931498853687
 0.06721856192495493
 0.07026343645287328
 0.06787033316905766
 0.06883909164696718
 0.07243801631165384
 0.06349721082621547
 0.06152317832711771
 0.07314334264041572
 0.07081931054805764
 0.07308607391144639
 0.06457632685232323
 0.07043852653946157
 0.06957879479300103
 0.07273758210044487
 0.07127420270694346
 0.06877344831762504
 0.06847246539708364
 0.06949578282283532
 0.07246824526256303
 0.06906337138557375
 0.0785122197705813
 0.07468185046961849
 0.07661449493142791
 0.0804431524628394
 0.0963301573016377
 0.09710681728379753
 0.07483026114211425
 0.0821494514931433
 0.07852937028309274
 0.07004277365963171
 0.07697223880477969
 0.07106067583188708
 0.06729248112301034
 0.06545138536541535
 0.07412965604587665
 0.08210585305071959
 0.07913512104256448
 0.07298043682919576
 0.06889703526170858
 0.06826791807335895
 0.06707787608666278
 0.06793689327631793
 0.06253747546056643
 0.06463432199246538
 0.06288713537537151
 0.06620068040133147
 0.06928651661163791
 0.07299261952608523
 0.05573347683162409
 0.0633134904480095
 0.06680600101277359
 0.06790068215156046
 0.06687481772430255
 0.06600953187980389
 0.06332838717768516
 0.05902622531307321
 0.06275673135305437
 0.06453802959011695
 0.06313453802995127
 0.06591628592157052
 0.07321655818793735
 0.07179576395175337
 0.06509318145204759
 0.06727868078771881
 0.07209004467200378
 0.06595909870317022
 0.06491305581517971
 0.06185339218504919
 0.06883742934914273
 0.06532867609231899
 0.0664134774893067
 0.06635682378562008
 0.06405007242110615
 0.06522918610632246
 0.06808631412411742
 0.06817896686260715
 0.07306703898773867
 0.06358138856440251
 0.0686717680443911
 0.06414697643574158
 0.07006504460465235
 0.06753420683870318
 0.06986481525282719
 0.06518230204111879
 0.06893554896340916
 0.07023094650212136
 0.07283235342328237
 0.07119889605734854
 0.0735631065184674
 0.07340669876896395
 0.07370470195511314
 0.06739426194856411
 0.06595115920709307
 0.06400232760246607
 0.06608817757223953
 0.06951579980979269
 0.06958948070409353
 0.07202447581680321
 0.06675804479421768
 0.07424232727520653
 0.06862037093183625
 0.06313797389341182
 0.0654948070007365
 0.06497772531668165
 0.06359730011664484
 0.06163536181146836
 0.0597166452767941
 0.06944951917051506
 0.06845740573408608
 0.06967336871512578
 0.06695496627241682
 0.06444211585535196
 0.06535343106062219
 0.065103484097702
 0.06132343216499464
 0.06948984437173167
 0.06579515083027594
 0.06529254403081355
 0.06627386215181444
 0.06454556411355158
 0.06345244347404068
 0.06170810965334846
 0.05868239322175519
 0.06166328628437484
 0.06693824427941011
 0.07134287413337545
 0.06734748157039572
 0.06447316032626751
 0.06589508664742934
 0.0626041436556123
 0.06100077721392528
 0.06108093096246463
 0.06282847030852903
 0.06089641138921974
 0.06612528697682329
 0.06236993075716806
 0.0675781335702795
 0.06176869782853563
 0.0683961835298172
 0.06559083754049884
 0.06779432211941847
 0.06915214072456541
 0.0640442670038773
 0.05987146400255601
 0.06301596397388969
 0.06213988807307737
 0.06689413141322813
 0.06526021027862167
 0.07631754271463674
 0.07340999683474063
 0.07460716668019654
 0.06967574887742249
 0.07270531594922987
 0.07156785921194914
 0.06590208360839774
 0.07746050572899107
 0.07010022198745727
 0.0708437727644962
 0.07447223230416623
 0.07250976112146844
 0.07087909375023133
 0.06608660439992806
 0.07109273000023317
 0.07121584850155664
 0.06908835394251436
 0.07598343301991002
 0.06595915271053406
 0.07045039501564865
 0.07311478763818802
 0.07741347158907773
 0.07540105832750561
 0.06314912724795299
 0.06991267844279105
 0.07218988586957938
 0.06993202096429159
 0.0719501465166838
 0.07201789995756623
 0.07151288983334481
 0.06942272717360506
 0.06891937975032068
 0.06458342801455469
 0.07098642907517159
 0.0706824923561345
 0.0647089199589041
 0.0810478040397825
 0.0814595539751229
 0.0733195365122315
 0.07125186034795206
 0.07153237445967303
 0.06753374053677742
 0.06707902804318473
 0.07642088707316465
 0.06937376846341346
 0.07401120491604027
 0.07619724120606312
 0.07022066485058545
 0.07410608090788892
 0.07507717573984674
 0.07471689018052474
 0.07343155702836876
 0.07642623508440387
 0.07787367459106016
 0.07199872641549102
 0.07053256288628663
 0.07580324597825662
 0.07550380697880663
 0.0755743926268972
 0.07431008670911864
 0.07259188860900054
 0.06953992073980975
 0.0700045631900173
 0.07493974485380989
 0.07401481373532584
 0.07634917548940451
 0.07642352557862499
 0.07239538629848492
 0.07510354240231516
 0.07084898097395018
 0.07155379274586003
 0.07592423570827925
 0.08000246708224706
 0.07911071940544247
 0.07252314089844483
 0.08184102049486902
 0.07270589179915507
 0.0745275857128162
 0.07387119148061785
 0.07499776139675801
 0.07850323743760659
 0.07337414490922725
 0.08038747800233839
 0.07763241631669114
 0.07846583961996781
 0.08053517685419051
 0.0832704024067327
 0.07680389423297126
 0.08276299525227238
 0.07896756606820117
 0.0803689889636567
 0.08190545625472045
 0.073922047389564
 0.07971645447169089
 0.07796542136455889
 0.08107558151743671
 0.07306893591669832
 0.07193008931263561
 0.06974689992745159
 0.06987265592926337
 0.06974496115326326
 0.06625959857630742
 0.07327882076069066
 0.07004694949148103
 0.07278502599771312
 0.07453078165783682
 0.07241625120995751
 0.07561648165066188
 0.07168816684964796
 0.0721807081897359
 0.07865129214245328
 0.07080796542597005
 0.07001211784803725
 0.07402665285719073
 0.07187339757749428
 0.07497521592163384
 0.0787280463844406
 0.08108031115565377
 0.07311629799833402
 0.07583398413388925
 0.07861179486611448
 0.08180955580475302
 0.08664282863765317
 0.08049504064569596
 0.08045204332173801
 0.07952173597739233
 0.08346741460271216
 0.08924706156776004
 0.09138989522005943
 0.0844528801251242
 0.0838813539411347
 0.08425679062028049
 0.07608331879165005
 0.08318037920670529
 0.08210458497091988
 0.08194318723542798
 0.08184234376733286
 0.08965111924529502
 0.08664445543225191
 0.08738337244497708
 0.09928303860727691
 0.0987652716687283
 0.1127000446832156
 0.1053945569816561
 0.1053998585226857
 0.09618226859033843
 0.09571758424876001
 0.09539555180050066
 0.09421901103695994
 0.0856636692849362
 0.08921043705498045
 0.08555194224679429
 0.09612707586018622
 0.08979530243235027
 0.08801728190529978
 0.07992228145590936
 0.08080298357116086
 0.08595618575764652


