# Created by Octave 4.0.0, Sat Feb 26 15:12:13 2022 EET <li9i@spell>
# name: mean_trajectory_errors_amcl_i
# type: matrix
# rows: 2326
# columns: 1
 0.06075392279922724
 0.04135584873530048
 0.06904838823933991
 0.02267308882253396
 0.01774499961689272
 0.03837973684429098
 0.04396287666297649
 0.06608947139316505
 0.03657295730161133
 0.01934985072546697
 0.06509298608908511
 0.05170790933352867
 0.03612645074719755
 0.02069691448536843
 0.04739399571898252
 0.02534466844261298
 0.03455357086845306
 0.02890064334200334
 0.02642823491940415
 0.0405212461317172
 0.02030691629256582
 0.01245744285148628
 0.02872397493182691
 0.02305403165216992
 0.02365122498385414
 0.0353674937387938
 0.02340168262909195
 0.03760293712434564
 0.03545665501299314
 0.01964405949212864
 0.03806882909068401
 0.02601315596016143
 0.03461178170631742
 0.03806041454609792
 0.03150649455708679
 0.03007010795513895
 0.03258859539623216
 0.02860639511786869
 0.03963514788437719
 0.03713925186410458
 0.03361161812945759
 0.03973460007080992
 0.03262074584559457
 0.04003446722040022
 0.03812255649626226
 0.03724777633875586
 0.03369845660724829
 0.03739239073497568
 0.03396228524840326
 0.03346225619944845
 0.03246165170524893
 0.02807373886458229
 0.03224101074562478
 0.02554020600184247
 0.024932756896486
 0.02841762745249353
 0.02804349709147775
 0.02714323771434021
 0.02574668493860015
 0.02906113837900702
 0.02708011718902775
 0.02718717160486636
 0.02907191928053073
 0.0248242311949946
 0.0224520486840189
 0.02669042927827514
 0.02445553819815255
 0.01853133174968718
 0.01984279473023065
 0.01849161445081399
 0.01863307948927388
 0.01768612334870704
 0.01541431040270087
 0.01791198354767867
 0.01695024113500684
 0.01392989473290028
 0.01575453938375404
 0.01365559141316468
 0.0132140727170316
 0.01479382820794207
 0.01383557167227941
 0.01288283979365598
 0.01278344712045829
 0.01306997146378473
 0.01251453224824333
 0.01436973355690952
 0.01494140538812481
 0.01556211568717061
 0.01620807121659963
 0.0152370619950302
 0.01443521956704462
 0.01594910167190354
 0.01464126242613843
 0.01203020208653611
 0.01433507938233779
 0.012665297701987
 0.01185432149165786
 0.01155438437126496
 0.01177446518542147
 0.01041519769054332
 0.01192398052620907
 0.0109703323676781
 0.01165606086579816
 0.009071764945142943
 0.009017475160023167
 0.008663944626231008
 0.009679558498791031
 0.008451863734483615
 0.008515370641286926
 0.007749199669648415
 0.01071105707779238
 0.009696713146614017
 0.01089763087628335
 0.01324839016383615
 0.01270617650169412
 0.009769385160420599
 0.01198883173845613
 0.01106556206602
 0.009403457299452503
 0.009039351304732693
 0.01012491207471566
 0.00988741309125632
 0.009643924484811727
 0.009207335855124838
 0.01043291281884124
 0.01244167212202732
 0.01159761496204749
 0.01053975889720341
 0.01127666404203944
 0.01121083130021414
 0.01058338546705733
 0.009548895738945504
 0.0100446011996809
 0.01042382925833062
 0.01034136836244805
 0.008256735895831535
 0.009003657441111802
 0.008496837872039835
 0.00851997732098783
 0.007033593323524093
 0.00809053516420487
 0.009224236171668666
 0.01115712720457143
 0.01059353805412861
 0.0101971839562635
 0.01005200112753907
 0.01151686375115802
 0.01232314418957014
 0.009089858512591708
 0.009028403982797488
 0.009359909721818251
 0.009528919814637023
 0.01033342854438954
 0.009966330487044111
 0.009637958536716916
 0.008535097962759553
 0.01008636356200123
 0.0107670753793829
 0.009679829159896618
 0.01106901828813654
 0.0126280357406702
 0.01417983096753788
 0.01602323690330356
 0.0171260304215996
 0.01510749030388692
 0.01128907570063448
 0.01075609891596216
 0.01043592669550676
 0.01037509652453514
 0.009852146322262478
 0.008945440818529138
 0.009977817360581454
 0.009776240695483938
 0.01103450972369862
 0.01124813229150182
 0.01010843706524259
 0.01173192868245978
 0.01187474565464592
 0.01376522041210072
 0.01377784411866184
 0.01089661556895723
 0.01255796373498527
 0.0119838434233191
 0.01146277954308463
 0.01043369553229312
 0.01337977419423701
 0.01199222249669974
 0.01253337036441485
 0.01371554686215559
 0.01431051640302105
 0.01412037666502898
 0.01584181626307211
 0.01547792172253147
 0.01454930543610402
 0.0148074768963826
 0.01351867949891809
 0.01610364588743855
 0.01734382894944556
 0.01442584470614193
 0.015709861266416
 0.01476232370297076
 0.01629609099805854
 0.01567489850140609
 0.01486418989384333
 0.01656241049889665
 0.01568364150791733
 0.01363653065695347
 0.01181607922881591
 0.01341544279908738
 0.01207327380283592
 0.01123778377984859
 0.01161278708795435
 0.01085222477223175
 0.01049621595438028
 0.01175494343837349
 0.01257133542562898
 0.01198653099883971
 0.01258512868567654
 0.01302966061420717
 0.01222724072236844
 0.0150916711316662
 0.01279584201858578
 0.01473405164173371
 0.01428657638361769
 0.01207532503145438
 0.01369199107942163
 0.01402599431353422
 0.01397771327823346
 0.01584734830205329
 0.01447297378944656
 0.01480564590780332
 0.01480383405906972
 0.01613744454584222
 0.01523025773347954
 0.01486136851787738
 0.01503578812413235
 0.01457369533167075
 0.01436452664170434
 0.01521754323720392
 0.01586084307739661
 0.01497217642987913
 0.01447827375586004
 0.01636573463835338
 0.01545764546136986
 0.01573040386641313
 0.01290715607093523
 0.01342643492316329
 0.01485311380645689
 0.01265090482229921
 0.0140550492603168
 0.01524574481983613
 0.01364818594269155
 0.01429429651276156
 0.01381963152974982
 0.01424113828278227
 0.01455308428431938
 0.01603852822363978
 0.01750823411897535
 0.0202797660551303
 0.0185489523346766
 0.01496921542657228
 0.01659124025314495
 0.01647391665947743
 0.01565072444632174
 0.01544142775998516
 0.01427834123503888
 0.01431129073556678
 0.01405511003310146
 0.01468982626010146
 0.01609797204099562
 0.01555597352117027
 0.0154804220411214
 0.01555079928505751
 0.01522757157067147
 0.01615563262112029
 0.01655270022110699
 0.01509655870939637
 0.01617577478719169
 0.01666122485840342
 0.01542454966258958
 0.01852546325948508
 0.0169150958193167
 0.01917330087675838
 0.01861298605297149
 0.01825513359639173
 0.01917097844521656
 0.01930747703598486
 0.01874718514291911
 0.02010431595870435
 0.01876592546083432
 0.01825633996537524
 0.01935355147344377
 0.02092002287009498
 0.01987876031216469
 0.01949379002382837
 0.01940589822110397
 0.02044925544829182
 0.02013101021166245
 0.0192014784720299
 0.02133733362764856
 0.02122550621410556
 0.02113314428015955
 0.01987985449724964
 0.0205276229256815
 0.02034239222464406
 0.02235853292872091
 0.02050414217253116
 0.02027056646978213
 0.01881665086546325
 0.02088477268878073
 0.01984915016342483
 0.01953388762405704
 0.01979523896097118
 0.01946682575122412
 0.01871908130958729
 0.01987660750971849
 0.01937575325290074
 0.02028471865691228
 0.01887202271627728
 0.02041063264115786
 0.01879142589038767
 0.01885767263841759
 0.02057382708597861
 0.01847456850640298
 0.01963374372148044
 0.01958047443593639
 0.0206036656592066
 0.02098842983354681
 0.0202597534431324
 0.02072487926309258
 0.01929048648975073
 0.01971956802692577
 0.01932307584401878
 0.01930789580189912
 0.0186474673936944
 0.02112705172819757
 0.02066097250541392
 0.01880144185513283
 0.01945216526714591
 0.01949385704638728
 0.02052851196808409
 0.01997110881634894
 0.01985499802856138
 0.01927501923550886
 0.02008822316114174
 0.0183363255963651
 0.02111616715954267
 0.01884479526533432
 0.02012844159469317
 0.02011410209718635
 0.02107521554609688
 0.01892689797221069
 0.01942918640376455
 0.0204628951031036
 0.02165113570260945
 0.02131462407962833
 0.02104700190788122
 0.01917154316264213
 0.01909771837487685
 0.01866783332554712
 0.01842916363641835
 0.01843734117457266
 0.01933959442981575
 0.01857458815906075
 0.01858886445475925
 0.01969275088283781
 0.01959683623222393
 0.01877816342273409
 0.0194230023942518
 0.01830054964948106
 0.01973222514681105
 0.01896286390583178
 0.01910627004327185
 0.01736053822161241
