# Created by Octave 4.0.0, Sat Feb 26 15:14:02 2022 EET <li9i@spell>
# name: mean_trajectory_errors_dft_i
# type: matrix
# rows: 360
# columns: 1
 0.01135628125434626
 0.01084987509012689
 0.01154770535811385
 0.01267490661808781
 0.01201514555051173
 0.01402826409567181
 0.01452604516281002
 0.01587235064574396
 0.01544172951307896
 0.01679714749450852
 0.01621506448307177
 0.01595098273148873
 0.01712489252311775
 0.01797372609374955
 0.01755199258915057
 0.01649606560583686
 0.01630558597272394
 0.01191676112902716
 0.009642348838481097
 0.009837163757479589
 0.01137633940035006
 0.02211612656041004
 0.03747759714290492
 0.09735994212107599
 0.01535905079382904
 0.01284620806801326
 0.01816919458117294
 0.02007583858362795
 0.05892714782516408
 0.01370379437984485
 0.01503472894777832
 0.0156071720152686
 0.01536429084838909
 0.01691274924122393
 0.01733673991704339
 0.01405881832912261
 0.01532253610787454
 0.01954102477122802
 0.02127663389691832
 0.02071545269518228
 0.01850551496000628
 0.01749022079151633
 0.02302577560133929
 0.02048481888764894
 0.02040148089681137
 0.02190375195644668
 0.02195143228351765
 0.02257223741371685
 0.02413098164368508
 0.02562317010701041
 0.0261187563050652
 0.02542082885752336
 0.02574228660100729
 0.02824415987691367
 0.02659126682066585
 0.02368801170448366
 0.02694446633571948
 0.02858216857343003
 0.0269326587475074
 0.02635879014800526
 0.02750483558836757
 0.02410883805593481
 0.0247560905958724
 0.02705890261263016
 0.02144239319711802
 0.02210329478802082
 0.01957661848548499
 0.01962034306883342
 0.02042289307799147
 0.02645036091800907
 0.0310885236522752
 0.01808808375928643
 0.01529800912031828
 0.012384180639312
 0.01358470550825906
 0.01169586380558576
 0.01170180151746685
 0.009421340454616015
 0.01028963953872044
 0.01533544815194129
 0.0170867457318508
 0.01237183057620248
 0.02087831288746579
 0.01790339308073537
 0.03469234636031177
 0.05472520014013441
 0.06881090754104541
 0.08075386703533791
 0.05836036743293291
 0.07373374683978291
 0.03454504553560977
 0.03525756039135435
 0.02160854550332857
 0.0159496961485221
 0.01769250754942102
 0.02496752557334507
 0.03852636101004154
 0.05816119915327067
 0.0488118163508829
 0.0203158636732375
 0.01017775966960448
 0.007879385599695931
 0.007522188823028112
 0.007771608626717262
 0.008201974661799796
 0.008858875879036573
 0.008629425839222004
 0.008740113133328155
 0.009100039228610168
 0.009155893009486845
 0.009508378265790589
 0.009177482681811013
 0.01003732813368837
 0.009691024639397482
 0.01014922865738704
 0.01073192373179176
 0.01168582887442445
 0.01170243378163621
 0.01100887922185102
 0.01207434634693607
 0.01185637840108267
 0.01205050514214369
 0.01200202824382138
 0.012632589193238
 0.01324492012458437
 0.01340957894853477
 0.01365882487166697
 0.0143596107928743
 0.01466204744518648
 0.0150140796726144
 0.01527662248067025
 0.01530167848223359
 0.01543316885949478
 0.01570681022893796
 0.01563178331088477
 0.01599429602888358
 0.01617806150754541
 0.01597801748433126
 0.01629162979618347
 0.01631065620985579
 0.01679307751407758
 0.01707064752644605
 0.01692422542120411
 0.01651677137252793
 0.01674582372028464
 0.01692197585015718
 0.01801339082902393
 0.01808101153879448
 0.01939718607492679
 0.01858680189348063
 0.02036496434765057
 0.02170744482204263
 0.02249799628190745
 0.02484208497024766
 0.02447035958287917
 0.02568538817106151
 0.0241077516550709
 0.02307295460699291
 0.02172809787659981
 0.02087198294244712
 0.02007768716755391
 0.01999794152777429
 0.02016644751941215
 0.02094939252884367
 0.02026271033179135
 0.02057058924485665
 0.01988734894256152
 0.01995321981811055
 0.01981431364836126
 0.01954770389226949
 0.0195619626091791
 0.01954084047502382
 0.01961444922445051
 0.01992980718424183
 0.02210215824601098
 0.0229092187575302
 0.02784693731321444
 0.02546308736236586
 0.02159366322552227
 0.01946772213412365
 0.01900145760388351
 0.01907685432842685
 0.01890123772156541
 0.01857078154416521
 0.0185014299837041
 0.01787699017912048
 0.01782100381436874
 0.01737435532710553
 0.01737395925592454
 0.01672867035635619
 0.01676357047768337
 0.01651367663961859
 0.01597874148412969
 0.0159692867233654
 0.01600857692852331
 0.01591822591210352
 0.01635823376090871
 0.01646882780548588
 0.01687914420976716
 0.01681269214405954
 0.01694885451635548
 0.01782215981227812
 0.01848288031853034
 0.01905722580635668
 0.01993283043349103
 0.02005103166195037
 0.02044186457714101
 0.020953331861877
 0.02173856187036852
 0.02230974003989047
 0.02313872286249853
 0.02333023925304239
 0.02424090602110749
 0.02488091085708231
 0.02607341947792355
 0.02596785259667851
 0.02654617200982499
 0.02761768059930843
 0.03103679322261385
 0.03822675727827879
 0.04259479959291314
 0.03386347037927382
 0.03991204659939393
 0.04355628324807527
 0.04130873434522097
 0.03665069165674323
 0.03368737152511769
 0.03180857810916965
 0.03184123204440901
 0.03319141426677464
 0.03283056261712384
 0.03267514540400589
 0.03173193436492363
 0.0316907984629872
 0.0320226450755925
 0.03315277337026939
 0.03338491081117191
 0.03172237853883757
 0.03406724558258153
 0.03345573024223123
 0.03219258125856726
 0.03218462591025841
 0.03223134925426302
 0.03208495614696235
 0.03238333953194249
 0.0326837254349731
 0.03264143702855914
 0.03321778603752697
 0.03333551929131617
 0.03376433730804333
 0.03377397194574479
 0.03412781689095574
 0.0332518553386495
 0.03068426593687054
 0.0312863472365417
 0.03338958283264169
 0.03459293288020913
 0.03493021945809877
 0.03503314657379539
 0.03518207574462921
 0.03525668281008965
 0.035582508395441
 0.03597219522808547
 0.03639535434909009
 0.03602885430782909
 0.03654661395469435
 0.0367239117551288
 0.03644070872038761
 0.03682085576256179
 0.03706760472679002
 0.03700198336053
 0.03766055772769464
 0.03804825046251024
 0.03815397595861333
 0.03895627708197048
 0.03942287084224852
 0.0399814767689295
 0.04033951216820647
 0.0405022183859926
 0.04113978872600307
 0.04151734896941919
 0.04154024377952727
 0.04209458090749698
 0.04330952866944612
 0.04407497478240122
 0.04263992001774097
 0.04287445488486646
 0.04196415092958784
 0.04218732387169315
 0.04171478958960984
 0.04178823474502041
 0.04082922005193682
 0.04056556221566691
 0.03941875491179132
 0.03982980948385544
 0.114070938712477
 0.0483394663872214
 0.1464440263325378
 0.04397869093158317
 0.07671310935637388
 0.0454528323799919
 0.04321458947669565
 0.04103102744616786
 0.04330847921782817
 0.04499412840449036
 0.03805507135658423
 0.03647726470442261
 0.03585302235658198
 0.03598140464744119
 0.03644061080054549
 0.03611878083939777
 0.03611362662502927
 0.03608162350101419
 0.0360887891713324
 0.03654184521644573
 0.0368019092551765
 0.03696275798223452
 0.03748607933458162
 0.03769695477454377
 0.03805100873808043
 0.03852938641188452
 0.03878069365007378
 0.0396483534731807
 0.04034505625040761
 0.04064608551465695
 0.04071069471490371
 0.04096578833930027
 0.04157490191527171
 0.04221116175886672
 0.04219852340113354
 0.04271474886599196
 0.0429948115878471
 0.04346921555557014
 0.04387678294460676
 0.04407352325285611
 0.0446331019257239
 0.04714700561010772
 0.05288621137442259
 0.05561243473334198
 0.05274288349565055
 0.05735273267607876
 0.04487614978862625
 0.05112086545054617
 0.04629105971390904
 0.04423733709546179
 0.04256107342534834
 0.06616532216123799
 0.05737194302282837
 0.06001010497682337
 0.06917526114534231
 0.06242788680987463
 0.0708844388479217
 0.05226022751158209
 0.05303366947014378
 0.0535306408593599
 0.05655802659664522
 0.05298334434035183
 0.05436826769680535
 0.05654117442561675
 0.05589653902237819


