# Created by Octave 4.0.0, Sat Feb 26 15:16:45 2022 EET <li9i@spell>
# name: mean_trajectory_errors_amcl_i
# type: matrix
# rows: 305
# columns: 1
 0.06066535529574871
 0.3238391293792165
 0.2062259355212158
 0.2082750579486632
 0.1043415427268203
 0.108929647838355
 0.09261607489205043
 0.06954538809543799
 0.1095249255881943
 0.08598180083191087
 0.105854504178868
 0.07017766789585869
 0.06491378657347316
 0.06399244207483154
 0.09622300244209876
 0.1045576932281631
 0.1034896663382509
 0.09289117501944873
 0.08009639907747175
 0.05464167164058276
 0.1029705884478934
 0.08557782324376584
 0.0713743714063875
 0.07710676357997043
 0.07491677307635265
 0.1032369641213874
 0.07576487495834613
 0.06680666742207494
 0.07355884491635199
 0.07025895878882245
 0.1105282253502747
 0.0845457607921775
 0.09351838726920864
 0.08367170624143357
 0.0707541490390247
 0.1157780667286587
 0.1038293716919613
 0.09478671848460345
 0.08748901183178447
 0.08626593881909458
 0.1108084291476496
 0.08443243290165871
 0.08289166682411941
 0.08392343657241011
 0.0835385556211275
 0.09894095123901518
 0.09684532778623436
 0.08678116725215093
 0.084938510953338
 0.07428581149217299
 0.0917612896847977
 0.08653153348910882
 0.08879423305938318
 0.07911332254088378
 0.07513293877713911
 0.1035136702167614
 0.09310149994920412
 0.07886300121546989
 0.07917569996685118
 0.07725068564773682
 0.09298826971384852
 0.08548256458155537
 0.07665867602316639
 0.0647925228260683
 0.07043951133094047
 0.09657911082397971
 0.08080337396952808
 0.06875297215636279
 0.0754476894129158
 0.07655369808833433
 0.1038942270496451
 0.08851069644018078
 0.07633578576454292
 0.07778138560417072
 0.07160369249958466
 0.11385692505702
 0.07814678816594055
 0.07590241822665793
 0.06888249383075705
 0.07108531091618042
 0.1020303351730994
 0.07888003394816638
 0.07405653812458249
 0.08482545455402001
 0.07237870462037348
 0.1427723142965286
 0.1341390860088571
 0.1019850870888774
 0.1077446113458205
 0.09908051289069121
 0.1285035775211043
 0.09374573834395004
 0.09281600176588496
 0.07557654505683639
 0.06282163047522327
 0.1035644466807104
 0.08187072605348812
 0.08513404303950678
 0.09110828420576501
 0.08425170107197502
 0.1159917125830177
 0.08817808437340031
 0.07407522604077343
 0.06515802340405381
 0.06960948053010176
 0.0956974795990449
 0.07194328631203456
 0.07777080469634694
 0.07170619089036016
 0.06559030649714004
 0.09551504424033233
 0.08260180939840403
 0.07002260546459037
 0.07090621959311506
 0.07173100730312708
 0.08973172471249956
 0.07134771826235149
 0.07386434280259746
 0.06755221044065268
 0.06772226468308591
 0.09005283074176022
 0.07642858415863385
 0.07598105758615943
 0.06953428307338516
 0.07272434937648943
 0.08472493532455334
 0.076256090854651
 0.06380614893650366
 0.06750724634440788
 0.06984596587991318
 0.09072844141009183
 0.08373742851770574
 0.07391360772698589
 0.07336189725500503
 0.06997430260143044
 0.08801865289892058
 0.07731972294969328
 0.07175153790212234
 0.06819446708615079
 0.06668970992741766
 0.08749912629084865
 0.08800985398228452
 0.07508406726092319
 0.076236204121019
 0.06965189055106609
 0.09493129439034767
 0.08043528714266665
 0.07022666605946411
 0.06780879295830522
 0.06351505852471329
 0.09086560213689721
 0.08028891854580081
 0.07756680235613872
 0.07321378994976591
 0.06476146985480759
 0.09741215061739822
 0.09015995814564612
 0.078607307212901
 0.07478246031520304
 0.07178924028783315
 0.09316607201107786
 0.08130835543924553
 0.07571093427958778
 0.07499564917086396
 0.07255049963471331
 0.08868540807418268
 0.08346066124460179
 0.07289423611065564
 0.06504902621191627
 0.06414523284720947
 0.09456244771836257
 0.07830963203838501
 0.07249550160252057
 0.06964651859548247
 0.06033953520732616
 0.09884860907143443
 0.08182362593452998
 0.07755066914880294
 0.06870979876148155
 0.06891792902177735
 0.08416845757883516
 0.07270124327981939
 0.07285571899101281
 0.06703918664895993
 0.06981937030185982
 0.08822434568995842
 0.07349874462598847
 0.07430728587009559
 0.07391709660055548
 0.06806386438463682
 0.1014563703282732
 0.07931807694553077
 0.07460183415134117
 0.07249290730894542
 0.06392472275884277
 0.08487202551860319
 0.08166413524376244
 0.06975838873956727
 0.06866620787891872
 0.06853509512026118
 0.0961382632954394
 0.08187749233008196
 0.07247827736676025
 0.06756419978483492
 0.0681084237928444
 0.0902094856043523
 0.0792389272384309
 0.06740684153417936
 0.07144371818462129
 0.0682975356955464
 0.0906453438487987
 0.07244330695706919
 0.07135907849661893
 0.07107084502285806
 0.07028829205440056
 0.07813188192339685
 0.07607635867101332
 0.07325710313128087
 0.06556180728354652
 0.0731312274487476
 0.08446771247545799
 0.08270064003512807
 0.07366643294784604
 0.07487755260555376
 0.0734603886937595
 0.09416378862386328
 0.08522971437208042
 0.08693362569888247
 0.07535241542834381
 0.07265297951457649
 0.08886499715786289
 0.08653129627311501
 0.07855715220307152
 0.07903252026711169
 0.07112528083426364
 0.09317117072130879
 0.08457082993513632
 0.08396449676950878
 0.08048184859058355
 0.0694321022871484
 0.08811175167617717
 0.07642467957207234
 0.07646381645715709
 0.06803180887975305
 0.07136711415627021
 0.08739366677301223
 0.08338958624355924
 0.08035239474800614
 0.07361835884943309
 0.07146244147583043
 0.09425889068929713
 0.08477544800696753
 0.08438695788055023
 0.07480330200602281
 0.07562267040447679
 0.09487045604786344
 0.09025432769876569
 0.07618661306361693
 0.07276867510870617
 0.06953029327184451
 0.09795493012231474
 0.08738326184846348
 0.08750390607800979
 0.07625915910699131
 0.07243596659279532
 0.09715453285184804
 0.082693699474939
 0.07985471228402236
 0.08081546401497368
 0.06863124176782649
 0.09399073012688303
 0.08241895352833291
 0.07685436980351905
 0.07309236516819295
 0.06921050675725721
 0.09607565588963154
 0.09044270871564619
 0.07959416099300419
 0.08243098276952134
 0.07497562053374895
 0.09475314795736772
 0.0838203919676192
 0.08399047852119411
 0.08588591164137784
 0.08509070806191665
 0.1052181530416744
 0.09065905571972886
 0.08451399915118712
 0.07522998909092456
 0.07463483510434858
 0.1087740995051521
 0.0926846833330412
 0.07348576358525559
 0.07645589047437296
 0.07391733953198215
 0.1094904553869731
 0.08881124887219843
 0.08115560705477798
 0.0804296017784151
 0.07738096008190269
 0.1121963693494044
 0.090208763475568
 0.08416251145130221
 0.08165362906122796
 0.07661492984388238


