# Created by Octave 4.0.0, Sat Feb 26 15:12:49 2022 EET <li9i@spell>
# name: mean_trajectory_errors_amcl_i
# type: matrix
# rows: 365
# columns: 1
 0.05993881661126827
 0.009037086661590392
 0.02482829094408256
 0.02065642977074916
 0.01180738040811002
 0.008862260637495451
 0.01715265561767758
 0.01416802362018192
 0.01630189861106879
 0.01136530567653956
 0.009273693325374137
 0.02660919476935876
 0.01437374767148059
 0.01453244180366424
 0.02259603599199258
 0.02069555415688775
 0.01971658189812554
 0.01291765954886893
 0.01247174306367859
 0.00953388188448589
 0.009858286958643691
 0.01252329073724941
 0.01418923236746954
 0.009262697585386366
 0.01463437403750528
 0.01291796958118788
 0.009622412983330667
 0.009273560160361157
 0.01160032651499651
 0.01161641700944565
 0.01021541473501784
 0.01614293679130232
 0.01596016597316762
 0.01753565265023831
 0.01252191492110413
 0.02016937427550409
 0.02108929886974238
 0.009807912855059187
 0.0189192561973014
 0.01629761916791945
 0.01464848676629901
 0.02066875896584798
 0.013744443417541
 0.02147251113628684
 0.01487258332538981
 0.01664936005525117
 0.02117997857425715
 0.02205524121637546
 0.02151423604323719
 0.02720065330036416
 0.02706816465949278
 0.02666138626829649
 0.02675110548045888
 0.02431718809794243
 0.0278464587669882
 0.03069675598274922
 0.02936976472282622
 0.0273119955773921
 0.02920509045480957
 0.02867461690203271
 0.03193052758344191
 0.02362997634359635
 0.02602636660258423
 0.02750171212749157
 0.02723169698776818
 0.02334160238328527
 0.02174277982740814
 0.0207587413516542
 0.01969671000457365
 0.02162915100850978
 0.02482604342122907
 0.03603534342278737
 0.02032465178079508
 0.02064753775332275
 0.01884599804060223
 0.01501739116413902
 0.0148032545609633
 0.01072425831743332
 0.01083523354000442
 0.01411292555928687
 0.01305300070476617
 0.01622783007503286
 0.01373895091431219
 0.01668561905569004
 0.01853574882812557
 0.03682480027460606
 0.02554500523675345
 0.03707243692729056
 0.06260783231892474
 0.04778540266026589
 0.04036261082766034
 0.03084510182922585
 0.02778668463927579
 0.02070009137024781
 0.02232492691193408
 0.01434155294960517
 0.01960285364714432
 0.033872460252031
 0.05528201861481276
 0.06274597230905932
 0.03166571061571381
 0.01671130430148099
 0.008635171186764715
 0.01167659211644221
 0.01200156317827658
 0.01011751899405887
 0.01111885291736336
 0.01070902235739767
 0.009412760704873813
 0.0140223536757542
 0.01206296844221681
 0.01254544401200184
 0.01072924971746734
 0.01037937218428765
 0.01292878406212196
 0.01159483151883126
 0.01217102814969904
 0.01255446745482316
 0.01357281589272334
 0.01309243459716268
 0.01186904351843376
 0.01340751332480896
 0.01406660631890941
 0.01272632292739629
 0.01711968380963447
 0.01364688559746666
 0.01455843299023525
 0.01536082959538863
 0.0157211768915546
 0.01629412875569532
 0.01766679633718904
 0.01766591912953843
 0.01605678704987486
 0.01705012188507246
 0.01976870539849184
 0.01747690080657345
 0.01709819612492627
 0.01687827856834058
 0.01674810094594047
 0.01882595758866017
 0.0184801786005018
 0.01746991074359827
 0.01860439670379311
 0.0180570194645062
 0.01877820949181956
 0.01783900801865015
 0.01788472651054759
 0.01729838038938757
 0.01962763420884003
 0.02145817964130789
 0.01924350642469462
 0.02163497574663685
 0.02189771862706104
 0.02124043406862668
 0.02653819820021042
 0.02626910866867487
 0.02485762921788576
 0.0235030586788204
 0.02603620708122792
 0.02517454616868001
 0.0227594149904436
 0.02320892570235097
 0.02219659367175318
 0.02060792132054061
 0.0240229261176543
 0.02082030521323185
 0.02083251866017324
 0.02109823990646544
 0.02071705628193972
 0.02203141370686525
 0.02127198433008476
 0.02021900988767635
 0.02000173175361654
 0.01999116230875471
 0.02132181658085219
 0.02056547064647384
 0.02105298643310763
 0.02401197232721432
 0.02782377011353683
 0.02496023739861359
 0.0198649982310006
 0.02072259236948239
 0.01981764861297048
 0.01961892755922693
 0.02114113745403869
 0.01955065984987158
 0.02019627648657977
 0.01900921791429359
 0.01880605032544239
 0.01933508888994938
 0.0187042141883035
 0.01824648295150507
 0.01760219994790398
 0.01727377255030169
 0.02009694259936595
 0.01702284879659613
 0.01689043188157499
 0.01850471603626654
 0.01735264133243984
 0.01812297636261419
 0.01832973736576338
 0.0188991426481515
 0.01877247396571473
 0.01852913012622027
 0.02119568655906843
 0.02032092699768452
 0.02052293434172581
 0.02105619250330688
 0.02232716892158667
 0.02343635895781555
 0.02332971170675681
 0.02460873046692583
 0.02461025047819112
 0.02508267340478987
 0.02665370019651267
 0.02620950317383656
 0.02740482615275062
 0.02735688984187278
 0.0278648557835538
 0.03149381917528709
 0.03560957106032012
 0.04167455185995654
 0.03872217595043645
 0.03806492520174702
 0.03693556567389199
 0.03761560196147583
 0.04140584295392299
 0.03565452759111726
 0.03396163385526139
 0.03410392204441619
 0.03327737317566096
 0.0327170979180956
 0.03290236237133404
 0.03251523536225569
 0.03344976108657929
 0.03259838345965582
 0.03319772396333178
 0.03391116758277215
 0.03337378403345432
 0.03399050383863465
 0.03414663394729539
 0.03370591215725443
 0.03759631499971786
 0.03323395746007685
 0.03597873830558983
 0.03293971652017452
 0.03312541391485382
 0.03394294865570349
 0.03464389488620832
 0.0355576767338148
 0.03448035978755072
 0.03477376433490994
 0.03511562226245732
 0.03534938662491645
 0.03515712784554497
 0.03243085262048317
 0.03187942358966128
 0.0349702704107866
 0.03549418708738342
 0.03667482507856087
 0.0363861465066851
 0.03632977784396475
 0.03636844615487538
 0.03613667767649661
 0.03711888782858648
 0.03635299836949852
 0.03660616995843392
 0.03682678305160439
 0.03684574666073719
 0.037782130591087
 0.03737123028769784
 0.03749097279669251
 0.03757405361561389
 0.03809412748577719
 0.03932355741935228
 0.0388788027253339
 0.03940719687853609
 0.03976578550945027
 0.04036834577457155
 0.04162827935324399
 0.04123470617266733
 0.04181843433791428
 0.04190191406616126
 0.04173413233290666
 0.04273519146323186
 0.04234220919724572
 0.04212453314547103
 0.04232338273103115
 0.04229583785066395
 0.0422827590385677
 0.04198129799605711
 0.04175284118500227
 0.04164653219798138
 0.0399889060775503
 0.04127769486906192
 0.04020881598298181
 0.03940820998630103
 0.03761802675488011
 0.043637154674623
 0.04366348285781219
 0.04534095396238886
 0.05323189222956559
 0.05235765476222806
 0.0473383764125289
 0.04407349218664026
 0.04568834435500847
 0.04195239006809594
 0.03603706069659991
 0.03594379932618812
 0.03761175145697839
 0.03658409376850959
 0.03627217595388546
 0.03603674631244868
 0.03576348520847091
 0.03718130237630248
 0.0364588406621679
 0.03699822290743897
 0.03698965616949248
 0.03755150598457791
 0.03778584422903369
 0.03801561897459637
 0.03843513008836095
 0.03898271711281003
 0.0388368179746257
 0.04123010818998822
 0.04075711520391276
 0.04016632603249315
 0.04117158495061868
 0.04106011768782909
 0.04223118198335445
 0.04202370501124577
 0.04222402052717537
 0.04307064266422004
 0.04365678288426656
 0.04453086944546272
 0.04420516377935622
 0.04503029447189462
 0.04668052392126693
 0.05201610666431157
 0.06240831748403321
 0.05812013638571451
 0.04863718528704779
 0.04469094542643579
 0.04549285544284094
 0.04795492395330254
 0.04736357919545919
 0.04916141458391392
 0.05255308761017059
 0.05055193969080769
 0.05107026891691583
 0.05307712999191899
 0.05293298293788342
 0.06424156607839061
 0.06268145745827915
 0.05730206507653051
 0.06695434371114758
 0.05999929636695131
 0.05789170830986217
 0.05569739219048725
 0.05840852632207392
 0.05389761876476538
 0.05643726787560373
 0.05844942093845639
 0.07037454930814259
 0.06045030377052579


