# Created by Octave 4.0.0, Sat Feb 26 15:15:33 2022 EET <li9i@spell>
# name: mean_trajectory_errors_amcl_i
# type: matrix
# rows: 394
# columns: 1
 0.05635859111519648
 0.2701754021982906
 0.1853715699094179
 0.2047530756026224
 0.1047506395126373
 0.05283220362040497
 0.07579835788645443
 0.06796244028465508
 0.09594633375310084
 0.0864205529509251
 0.0507228236571973
 0.06107484918292891
 0.06230568165545121
 0.06229945405759505
 0.0871208082667649
 0.06255003864481221
 0.07834998586660986
 0.0778748076454284
 0.07279180521032766
 0.06308406167037722
 0.05715826827740078
 0.06435490521690328
 0.06031429911452701
 0.06820408049775611
 0.08108211296830958
 0.06684272675486475
 0.06489872586055925
 0.06892255620351481
 0.08128950874008041
 0.07413815474245004
 0.0659755995329334
 0.07370066839952842
 0.07388115642496683
 0.07434873364820613
 0.08997416355083537
 0.07973306728109607
 0.07027895507163016
 0.08091134948359378
 0.08312259653477341
 0.07863305122367772
 0.07342152907163381
 0.07122349529155522
 0.07747431381706915
 0.08225193589581459
 0.08285277829813704
 0.06741985886915496
 0.07518290705324039
 0.07155603507935929
 0.08079929083181757
 0.08149164737975478
 0.06567640707504667
 0.07038535088135622
 0.07705664061954921
 0.07703088097573282
 0.07301361226669728
 0.0633464955426342
 0.07350392140243572
 0.07604735194592988
 0.08559092692686597
 0.07900716336751742
 0.06888437685645141
 0.07106180145189486
 0.06896717440077288
 0.06798531337635023
 0.07219795501036899
 0.06345644712421306
 0.06493776018456343
 0.06463811482196267
 0.06437099028830662
 0.063310466977974
 0.05807272060595434
 0.0720730736512501
 0.07751805320095519
 0.06515940263524259
 0.06711252918692363
 0.06196593380316897
 0.05948641618912388
 0.06803104076987272
 0.06494303159700916
 0.06727692436934957
 0.06177459732823414
 0.06753686668750639
 0.07474631057095149
 0.07413611935907027
 0.07273545852686338
 0.07476811542073675
 0.08748002592441451
 0.08235549215781136
 0.0796410928882673
 0.08004826792709548
 0.06528633277106602
 0.07616720814378489
 0.07082980368005193
 0.07261655669976742
 0.06621359119506569
 0.06418587226209324
 0.06110938405769618
 0.06665705380361661
 0.07163024353811327
 0.08062221953325421
 0.07891283311692045
 0.069861755286794
 0.07150378081884227
 0.07725600318323475
 0.06983466808696849
 0.06241667101627228
 0.06059710263424292
 0.06246196288855244
 0.07180437650738364
 0.06251055777683216
 0.05786536970341235
 0.06295780699693003
 0.06338351883659524
 0.06048705823157327
 0.06299163807364966
 0.05691303967724665
 0.06493783335090221
 0.06062374488743912
 0.06294872525241912
 0.06395837918181975
 0.05482729136975104
 0.05378505251071641
 0.05718201344033012
 0.06637544571697576
 0.06638881150265226
 0.06214723764469337
 0.06695820385495586
 0.06184066410435502
 0.06617900880633718
 0.07501347087711471
 0.05799697453616572
 0.06585051655487444
 0.05954008214364533
 0.06863778967886543
 0.070522643721281
 0.06081941355932329
 0.06198858285619765
 0.06124480390402406
 0.06609429381721746
 0.0667059219362892
 0.06638108929784853
 0.06638199474681261
 0.06668571803148428
 0.07290035776857995
 0.06247069335291418
 0.05818868714469319
 0.06406103441331036
 0.06265293988676809
 0.0706665770123544
 0.06735554530019733
 0.06695294820738776
 0.06459892941534974
 0.06926699893058869
 0.06748583730040587
 0.07045093241726907
 0.06833009884914638
 0.06510437588346812
 0.06932418462531825
 0.06958866443727803
 0.07472619169105763
 0.06043000000343612
 0.06063352025627923
 0.06984845800101461
 0.06966393613691474
 0.070334300740716
 0.05955005050489238
 0.06226812640943049
 0.06516846637507412
 0.06807262185867043
 0.07179461250918531
 0.06375126423952347
 0.06726015492601521
 0.07442680184368193
 0.06908963386848345
 0.07115907437888698
 0.06389724038276541
 0.06008650147017194
 0.06516987590921558
 0.06721832749001359
 0.06557696114626742
 0.06047465308962287
 0.05978160220304669
 0.06137161371491597
 0.06764498003621713
 0.06308522590898924
 0.05811712302140102
 0.06529300180707849
 0.07345884014717087
 0.06758235948496988
 0.06470182375365054
 0.05480701607433033
 0.06513223878780992
 0.06676807325995224
 0.06584839044879623
 0.06417000507625048
 0.06307405577169345
 0.06127947551952023
 0.0593446341182165
 0.06697241121265372
 0.06409054973925271
 0.05824707442072372
 0.06151724200475232
 0.06033681932010454
 0.0646748057466274
 0.06235528714995994
 0.05494761714669266
 0.06239459709930107
 0.06768621324382461
 0.06773217537084367
 0.06967633910566669
 0.06913366587831421
 0.06687059575986326
 0.0683264028243141
 0.06779333841848061
 0.065671996587249
 0.06218156466797634
 0.06701328962123038
 0.06816922321981191
 0.06852750812574677
 0.06603593487221769
 0.06287174670959934
 0.06401714188476165
 0.07340231650286634
 0.06957605923479374
 0.0769562700857386
 0.07028580346780268
 0.06900501671250274
 0.06746911811926168
 0.07668938945113377
 0.07949222477873254
 0.06257156300764191
 0.06583642080722524
 0.06919359440734979
 0.07115170001775685
 0.07382638707558818
 0.06964107956462975
 0.06896743667183997
 0.06218750310359518
 0.06967348308599132
 0.07329208127664706
 0.06443311021801093
 0.06552830664803871
 0.07538584319869274
 0.07012523917577365
 0.07038989233418763
 0.06785113566390272
 0.06691803042820001
 0.07296420335612319
 0.06919990696156397
 0.06680055383414321
 0.06894854226464177
 0.07069571603368323
 0.06761500948966827
 0.07031299585714294
 0.06642414719897384
 0.06418156819655187
 0.06912960703511542
 0.07007869840557643
 0.06847498008972192
 0.07390177999512108
 0.06420678343302527
 0.06466255745329262
 0.07118446369295142
 0.07252821071051413
 0.07653775224196806
 0.07033351843441885
 0.07220497795857887
 0.06880209191510034
 0.07550511049849871
 0.06983802108372167
 0.06109044265922028
 0.06610234129548541
 0.07458230210354924
 0.0694966171802955
 0.07067302891298373
 0.07043418739983304
 0.06825952174896438
 0.07333184512478136
 0.07184886098360325
 0.07599737600499465
 0.0734681345958945
 0.07324401738370659
 0.07698533149625666
 0.07455320937381113
 0.07553518775151416
 0.06873278337557596
 0.07159419977909033
 0.06903075872932696
 0.07692019926043021
 0.07851691935419873
 0.07356484494453835
 0.07552893045688192
 0.07700945429316641
 0.07654521671919792
 0.07605248487130344
 0.07355991881014413
 0.07192514177606435
 0.07428095181244904
 0.07195290930982255
 0.0790889413827419
 0.07431017312203986
 0.07466404604436064
 0.07852603370556066
 0.08008829294781286
 0.08649686454437112
 0.07857879934029871
 0.07360454234468557
 0.08012992408023113
 0.07843337205117494
 0.07188498712444585
 0.06657745246918868
 0.06887111421470582
 0.06868679135169752
 0.07144280414467369
 0.07607305447993572
 0.0634763334146622
 0.06858330887429114
 0.06691226332748075
 0.07023122944710884
 0.07702619153072827
 0.06675045689378935
 0.06985455872517304
 0.07105623504590811
 0.07707897595680441
 0.07605930702664165
 0.07108576120774383
 0.06719708604334866
 0.07180899183544281
 0.07923444946840619
 0.0770665140574735
 0.07306580533206126
 0.0738316048630749
 0.0759278251185872
 0.07785142642526274
 0.07773576799169243
 0.07619642468172906
 0.07469740053507809
 0.0846886788404789
 0.08213119303738126
 0.08986386379244057
 0.08241400701955037
 0.08477722905920373
 0.07801156397309189
 0.08310535106627266
 0.0841998487529141
 0.07792757158996824
 0.07885180738730019
 0.08146455782096168
 0.08060468624087642
 0.08666954251188207
 0.08898490051661902
 0.09363354886232024
 0.09801634829368946
 0.09942038789201185
 0.1048531249327984
 0.08839303225479546
 0.08676490527648059
 0.09283032606171109
 0.09863875248158446
 0.0906465102209221
 0.08757316043183794
 0.08488730341421098
 0.08677050751921621
 0.08269105911983562
 0.08967346984974409
 0.08039667409116351
 0.08376618549907217
 0.08615330304841456
 0.08241492644572654
 0.07802555706222467
 0.07716533402965356
 0.08340082154427997
 0.08427599481726981
 0.08297251456405923
 0.08623957972914466
