# Created by Octave 4.0.0, Sat Feb 26 15:13:43 2022 EET <li9i@spell>
# name: mean_trajectory_errors_dft_i
# type: matrix
# rows: 362
# columns: 1
 0.006675821790647328
 0.01229462043317348
 0.01171650773917284
 0.01246713752099193
 0.01241652326162093
 0.0127606213953439
 0.01417951897892011
 0.01596633846926075
 0.01636305655629401
 0.01595770015809779
 0.01805281743562819
 0.01824780096664719
 0.01650168121525175
 0.0167326622817313
 0.01419386945552137
 0.01714737828886458
 0.0125019633914332
 0.01199587825239302
 0.009626658499448278
 0.01012083187663584
 0.01017761438242646
 0.01560208580849804
 0.009545359145917717
 0.007980208690376262
 0.01120910681621003
 0.0073788066433949
 0.009244651270227649
 0.009171894060270075
 0.01301733655620295
 0.01331864709473359
 0.01636871995693882
 0.01628604426372953
 0.01633317845682995
 0.01653225212782888
 0.01686574124220812
 0.01568201866824577
 0.01532086814855877
 0.01723289628395395
 0.01747763549179479
 0.01841494166386439
 0.0174907622959385
 0.01684189246883705
 0.02292659792720976
 0.01885518613622588
 0.02005907305085356
 0.02078186904824364
 0.02332497299753817
 0.02686802354876978
 0.02725218536485316
 0.02865614825201654
 0.02644801964114258
 0.02881399528949385
 0.02818746679538976
 0.0274483879382914
 0.02447256417149252
 0.02602805843829974
 0.02570419196710175
 0.02617655216992528
 0.02579864136452759
 0.02574457088489411
 0.02359192323826207
 0.02494166313508853
 0.0239384654481605
 0.02307695822591763
 0.02175699589306522
 0.02261540040445196
 0.02205405919414558
 0.02034795757206983
 0.02040702332438468
 0.02220335720457146
 0.03237779099465551
 0.01891946885521642
 0.01604605584646893
 0.01427326209071394
 0.01419765759767474
 0.01105396118444135
 0.01050731817751854
 0.01032639806730208
 0.008332479465111859
 0.01164864844785875
 0.0127776004978495
 0.01213856850292458
 0.01344838895014513
 0.01282086563641091
 0.01560851725402354
 0.0548872709717389
 0.0354486439194462
 0.05756534097029504
 0.05590197044181825
 0.03480108452200806
 0.03138279130840394
 0.01939213284206481
 0.01848861380407486
 0.01046225136558886
 0.01190693615227763
 0.02034652567288488
 0.04074773621344258
 0.05976413801177676
 0.06007033927616669
 0.03825171253557376
 0.01661984541349029
 0.007493034850446417
 0.007345683497260632
 0.007505239557280533
 0.008003967815834304
 0.008313020777780322
 0.00860604867236538
 0.008306994927472356
 0.008968496863566974
 0.008777916572791845
 0.009167955421420041
 0.009408116206795165
 0.00954715397000613
 0.009725174625825835
 0.009860436967699808
 0.009924026245856633
 0.01173237423810023
 0.01114066224021636
 0.01126648332458381
 0.01152056509818297
 0.01140520052958429
 0.01152529953652851
 0.01198027671825606
 0.01294757899323502
 0.01291781417279926
 0.0132919828364145
 0.0134746512058285
 0.01412127112662332
 0.01427876874808194
 0.01464735467722873
 0.01494191980889947
 0.0153626551679951
 0.01557487161471171
 0.01587446288701539
 0.01571890700707699
 0.01582202167554705
 0.01611297795451261
 0.01605179111820476
 0.01645857402201218
 0.01658007853402471
 0.01652053913581287
 0.0167714198285439
 0.01699925426036892
 0.01705782964872308
 0.01701834158921849
 0.01686242841028617
 0.01778409631541937
 0.0186137124656367
 0.01848161290871513
 0.01866744285194247
 0.02028358355126353
 0.02191409188524338
 0.02431791448145717
 0.02539312825025227
 0.02416290720799119
 0.02378680314041036
 0.02336582037607189
 0.02463907878331723
 0.02243994040442502
 0.02318691617168153
 0.02350254200030322
 0.02038001392982707
 0.02490739607881945
 0.02061734522492719
 0.01955731357809985
 0.02186608264286745
 0.01996785105190107
 0.0193685509093461
 0.01945178332916563
 0.01988896258915071
 0.0202106924768161
 0.01950938288387187
 0.01965107160216141
 0.01931516309988127
 0.01961804973546437
 0.0218010433153161
 0.02372196603276219
 0.02565650609905836
 0.02189760781161236
 0.01995053760883379
 0.01955378299660581
 0.01905231169143145
 0.01891090710012707
 0.01857615431016039
 0.01855561988568489
 0.01827894709597372
 0.01788042051444831
 0.01753271577859511
 0.01722489535849357
 0.01717777604659844
 0.01681211488525422
 0.01703419031806768
 0.01627316147636028
 0.01603411597761431
 0.01543355166131701
 0.01574198387659766
 0.01610567171931142
 0.01586583844006895
 0.01664271511787751
 0.01607282780652387
 0.01675731596365891
 0.01742119457777743
 0.01720546764005857
 0.01837284647530749
 0.01980352295134409
 0.0197098510151397
 0.02051519201344645
 0.02061519722301294
 0.0212917463233012
 0.02162779489525363
 0.02227311069858367
 0.02304458368159574
 0.0238657992157335
 0.02432022079912901
 0.02487475289785947
 0.02569505775088984
 0.0262410513209818
 0.02694814903275184
 0.02872446273847587
 0.03109656246013925
 0.03948772509272302
 0.03734844047468837
 0.03121079002139906
 0.03602224301143693
 0.03802522655972709
 0.03780741811713587
 0.03783508806355849
 0.03485011441781673
 0.03195045699724368
 0.03238063218307918
 0.03218791548458259
 0.03182227787470772
 0.03138226966650975
 0.0320501523779605
 0.03109811061274113
 0.03153403256113207
 0.03231378762586649
 0.03189628616504428
 0.03346970613047953
 0.03258583824263073
 0.03335301807434461
 0.03192110631377267
 0.03293739218767944
 0.03282662811703729
 0.03217007297516435
 0.03231931711640915
 0.03268794889175983
 0.0329544264001982
 0.03358336181338342
 0.0334659995934241
 0.03362396857838892
 0.03406001264460767
 0.03443591816315543
 0.03411497343672337
 0.03191468811399525
 0.03248297415769933
 0.03395468735393366
 0.0347477033064183
 0.03481149988638552
 0.03535133973154483
 0.03531797006242846
 0.035746795025219
 0.03587442970592329
 0.03619613254096086
 0.03622327815621217
 0.03629986384966629
 0.03657930993871712
 0.03623802472661278
 0.03615428168039052
 0.03675198212496254
 0.03659240154096596
 0.03738502063259463
 0.03747327542242097
 0.03802925149223636
 0.03881562426208499
 0.03951922924468496
 0.03946923360046914
 0.03993406581085918
 0.04002766406395994
 0.04078446941549434
 0.04118491624419168
 0.04118806247176041
 0.04161277306618014
 0.04244521798115526
 0.04210748347692719
 0.04194962135509494
 0.04261094992193556
 0.0419173537553411
 0.0417176392437937
 0.04164956238867705
 0.04154303062549294
 0.04118553972870459
 0.03979878353889217
 0.03867550263720126
 0.03948652996672249
 0.03783264020149121
 0.03677176151392694
 0.03632714964962928
 0.03612626518157602
 0.04270469821569482
 0.04480142976931709
 0.04429489021403395
 0.0381859268655891
 0.03797914149064929
 0.03865183661294953
 0.03863303138565916
 0.03592174123112677
 0.03578752520875257
 0.03604009730754758
 0.03568719415757908
 0.03579969527857794
 0.03600079703158349
 0.03602111356443896
 0.03628172408325887
 0.03630070405845671
 0.03653684900429105
 0.03698571781336614
 0.03754693975735855
 0.03752172636607564
 0.03806263222656531
 0.03836699577870118
 0.03874880111666684
 0.03923887727502951
 0.03972664742659918
 0.04001860639487562
 0.04039787924093143
 0.04058456551570758
 0.04123249100499563
 0.04149427996614773
 0.04176923580085906
 0.04166716942954734
 0.04174671713496071
 0.04240318956013022
 0.04321422739200946
 0.0432130136108986
 0.04431157863154327
 0.0465115490936644
 0.05011296198225478
 0.05697201232581173
 0.05850266187272225
 0.04927607663858913
 0.04698311907451953
 0.04565614068560855
 0.05029891664856002
 0.04569596148670773
 0.04793214863312897
 0.04918721143643886
 0.05141055248034529
 0.04806269701657456
 0.04876301307098514
 0.04965290360142696
 0.05838417385165848
 0.05081056184182364
 0.05338523063470992
 0.05319886864519486
 0.05110975860074791
 0.05138123566611493
 0.05091238971473593
 0.05489095713153091
 0.06520412771596043
 0.05094678090207406
 0.05139715724405938


