# Created by Octave 4.0.0, Sat Feb 26 15:15:15 2022 EET <li9i@spell>
# name: mean_trajectory_errors_amcl_i
# type: matrix
# rows: 358
# columns: 1
 0.06103919280213649
 0.04136682280577496
 0.0291903162416244
 0.02478972160106847
 0.06148986976578719
 0.06362873820320518
 0.07705354743313121
 0.07050393931758228
 0.05520291808412919
 0.04543024774817697
 0.0451020483421247
 0.04381994820988409
 0.04067641549395492
 0.04259132637420349
 0.04649048506201539
 0.06093004502956433
 0.06469822185916946
 0.0736786706182882
 0.08639378887153797
 0.07979343404600303
 0.08537937780417761
 0.0853140479595363
 0.09138539400955752
 0.09940569987035905
 0.1038044743172304
 0.08398770957701414
 0.08360405294150988
 0.07646660597612537
 0.06438944718133906
 0.07288983926990827
 0.05375459302158185
 0.05939863514425552
 0.05629651619542628
 0.05583019127730858
 0.06413475702340805
 0.04349525383598318
 0.04795633861176271
 0.05495829893278796
 0.04667765789752029
 0.05512333980828844
 0.03741775841428766
 0.03437442613395821
 0.03873552129393348
 0.03954945894266107
 0.04721623526196345
 0.03521907742879149
 0.03289672009024289
 0.02935893026993385
 0.03408205888467011
 0.03328491304121061
 0.02817099974555174
 0.02652600566544326
 0.02675911672724932
 0.02729794643476837
 0.03049040787083717
 0.03040847693945588
 0.02982904601404966
 0.03086069250293723
 0.03023145189994059
 0.03654060790753098
 0.0364999006461947
 0.03644058932054275
 0.03835360195529762
 0.04406292399770095
 0.0491950904863746
 0.05726892597246359
 0.05361523967385162
 0.05761641871176493
 0.04962465459919972
 0.04670641091567661
 0.0533985451731347
 0.05261462777283796
 0.05354802095137431
 0.05037156377969155
 0.04203760219930573
 0.05503268143192111
 0.05875246785956197
 0.05695444978567022
 0.0644823509404038
 0.06305347955189433
 0.07482947289443437
 0.08065597096182979
 0.07761275499134959
 0.07347970109961223
 0.07506544198834691
 0.07902420207630828
 0.08477130257355528
 0.08611476045909415
 0.08766334036707729
 0.08925150679233017
 0.09188825924254913
 0.09357035393589258
 0.08800086956762772
 0.08592364459855824
 0.08331332025822541
 0.08299342575373111
 0.07311390171771107
 0.06479110867748755
 0.05979043368473978
 0.06446230739198251
 0.06706115752760006
 0.06035268254194779
 0.05720068308455561
 0.05006638102601874
 0.04914548182011552
 0.04843904088772905
 0.04668821332152118
 0.03803886776685908
 0.03970870797929354
 0.03685371787569904
 0.04698624468725645
 0.03972036539040338
 0.04321262621944892
 0.03935167131222837
 0.04180252778167617
 0.03823607598873997
 0.03616765180743547
 0.03320687080848687
 0.03010237837165886
 0.03349678857325041
 0.03263657157686603
 0.02924320037354872
 0.02898217540817018
 0.03117844816316292
 0.03543626736076613
 0.04476032828967146
 0.04973153144339015
 0.04611497053007373
 0.04628699238598789
 0.04914021657986639
 0.05691391459567778
 0.06045952374207669
 0.05925278404812806
 0.05275509233921739
 0.06057506686212573
 0.05796153717120573
 0.05854489717467996
 0.05518391037778304
 0.05273529251932678
 0.05425038929676825
 0.05733638095051256
 0.04920452069544172
 0.0470414350666116
 0.05214950596306924
 0.0516231684507375
 0.05749354708188296
 0.05834307300484304
 0.05502367615021222
 0.05587192204847478
 0.05753358471037826
 0.05786478576393891
 0.05769478620809848
 0.06419985606024575
 0.06587289490911546
 0.06239546556281247
 0.05260752170603105
 0.05099293877260203
 0.04967470741547594
 0.04958692755071764
 0.04782016229163265
 0.0456349018061291
 0.0489673842621621
 0.04956031914373826
 0.05426560302571511
 0.06313049471048551
 0.06101218303756432
 0.055003180812048
 0.05899040260262067
 0.0502737153051983
 0.05186686297487958
 0.04775330690886632
 0.046631911004562
 0.0443562744104315
 0.04316055506113035
 0.04789830330090701
 0.04538658127351387
 0.04131701568292621
 0.0445866922607828
 0.04815050834933247
 0.05117924454480362
 0.04699949303268275
 0.04618313580397088
 0.04469281244191971
 0.04773023801907857
 0.04978930946535728
 0.05615912977800882
 0.04993094606229422
 0.04752547892020557
 0.0436875647422784
 0.04521937071265916
 0.04425539374611482
 0.03556251777150315
 0.04739882507171816
 0.03302681415393183
 0.03782811109858731
 0.03899487782515843
 0.03098082330901313
 0.03161643964689531
 0.02972867326274183
 0.03208734146309272
 0.02865666826447769
 0.02512101325861759
 0.02641435824518736
 0.02770819199340798
 0.03016971753758678
 0.02380651314544597
 0.02146305411438775
 0.02115618918427615
 0.02245811971779356
 0.02258358646983778
 0.02341668465262535
 0.02473394715276342
 0.02500519546587295
 0.03813479780928534
 0.0372535144894585
 0.02766549251487773
 0.0247823881056411
 0.02590839396383122
 0.02726421429773572
 0.03083308307632393
 0.02615294385486243
 0.02589330420482439
 0.02572833123585817
 0.02961956942490306
 0.03158847477665425
 0.04116632785854585
 0.04159415463140315
 0.04417690788219696
 0.04408547343300175
 0.04007534433178516
 0.04198193725597221
 0.04338698947403152
 0.04381653865725868
 0.0470086422149941
 0.05492718040535958
 0.05335527017222905
 0.05862123282895391
 0.05377976681229368
 0.05420427392682625
 0.05749818555944015
 0.05863013271903199
 0.06227406625273717
 0.05486560432565927
 0.05518634629965045
 0.05788488146995013
 0.05745861498016798
 0.06093492614618093
 0.05550663586528233
 0.05788170726294614
 0.0630113519849904
 0.06045846842516495
 0.05814197041812164
 0.04800219837098146
 0.04844068104357369
 0.0526818823414441
 0.05107246781975184
 0.05102266332524207
 0.05003368906333745
 0.04872043440689431
 0.04908737466677821
 0.04840907962671349
 0.04763625462425798
 0.04860148851465155
 0.04864362818372112
 0.05226184592898463
 0.05028453104016951
 0.04960363791066186
 0.04753058363114603
 0.04785359898978246
 0.04997690285348436
 0.04902937926824997
 0.04917700097819624
 0.04798984711191886
 0.04943576535601341
 0.04708884629878124
 0.04595651658530213
 0.04477281205584079
 0.04450781530968954
 0.04331878756167894
 0.04456611757418587
 0.04461493662607427
 0.04487221716147267
 0.04531812908973623
 0.04412143161502206
 0.04431724370815537
 0.04106707465897569
 0.03841158028514725
 0.03664326942645622
 0.03767099458558199
 0.03736342739787368
 0.03678750733640543
 0.03498454059673091
 0.03321339319356929
 0.03276899093490285
 0.03335747603238851
 0.03364837182732131
 0.03366967892130234
 0.03106441494871687
 0.03244968928267247
 0.03200378195866586
 0.03394199120675856
 0.03441115954639404
 0.03461210564793998
 0.03615511689767861
 0.04107530681946001
 0.03792290336302982
 0.03689046767297338
 0.03813834829257327
 0.04183412477499707
 0.03874007553642154
 0.03512055515955639
 0.03747251169652611
 0.03514589412828026
 0.03412655306793953
 0.03507412397319356
 0.03537310816554546
 0.03705185146273331
 0.03889584970805342
 0.03872200505966533
 0.03900387749019348
 0.04128771380318114
 0.04216627583013582
 0.04300082669407693
 0.04316806611658953
 0.04118420598328017
 0.04163129888673185
 0.04035714049357755
 0.0408744965010646
 0.04962593551212919
 0.04904797695268334
 0.04711118589131771
 0.04734216691906568
 0.04595981892860447
 0.04715717461976002
 0.04687923910643404
 0.04961226135197517
 0.0498014775775173
 0.04868588356649679
 0.05201491979252765
 0.04791630418194211
 0.06388217459583669
 0.07186665733766423
 0.07436261590478847
 0.07620798635010399
 0.0759096172678248
 0.085655075976523
 0.08341294213391276
 0.08599065138878896
 0.08287153869522448
 0.09183091354527084
 0.08973658454048167
 0.08501744452033201
 0.07822753060640301
 0.07405569048348047
 0.08860834299355248
 0.05747024000182999
 0.06225171000216981
 0.0617476977628856


