# Created by Octave 4.0.0, Sat Feb 26 15:14:02 2022 EET <li9i@spell>
# name: mean_trajectory_errors_amcl_i
# type: matrix
# rows: 360
# columns: 1
 0.05642525395564604
 0.04846597170888928
 0.03616046491565129
 0.02763360757244068
 0.06264023012745677
 0.06493994660455299
 0.07091355983535236
 0.06454392281358802
 0.05699744990717383
 0.04690951929474192
 0.04847738372155994
 0.04611098080305474
 0.04544860266753294
 0.04740928716844067
 0.05278980238211143
 0.05248908427194695
 0.05668042301317937
 0.06730121557573197
 0.08356463681825382
 0.08364611944782424
 0.08970961132942065
 0.08966945139765993
 0.09510030074460922
 0.101369962183107
 0.1038293437316447
 0.1012415097695719
 0.0949757464778217
 0.08799640504927227
 0.07592720627577978
 0.07429252498508661
 0.07143700476172368
 0.0721924197046894
 0.06725326731846057
 0.06734321693302166
 0.06630483973439485
 0.06277562890594091
 0.06333582540917132
 0.06777265231503556
 0.05735580374409349
 0.05626456532042136
 0.04879607397219697
 0.04360173318653175
 0.04740345626280333
 0.04914186688311334
 0.0508214978136944
 0.04641309473581755
 0.04156203153879479
 0.03526022787034967
 0.03902226513795141
 0.03667454623949054
 0.03446036074100711
 0.03172441678355941
 0.03161984680172088
 0.03115775942948439
 0.03323212291330246
 0.03029015667539264
 0.02833246787558404
 0.02852771030846467
 0.02838490366346873
 0.0336149759815513
 0.03289102553237075
 0.03388399957352662
 0.03378690951777778
 0.03874513777672196
 0.04287432956049349
 0.04452888564965615
 0.04408846313669323
 0.04611121902322842
 0.04026917195006154
 0.03886773017688022
 0.04201848493725717
 0.0416856860952479
 0.04279065940010583
 0.0421952956139394
 0.03477095278739795
 0.03812441750251788
 0.04166397840519166
 0.04179601040637342
 0.05062880865294696
 0.05392804157236226
 0.05609052500818992
 0.06628537723440474
 0.06871937949846291
 0.06799899255736891
 0.06831396818433316
 0.06914397444131291
 0.07706384517791787
 0.07946651745313868
 0.08092903246328494
 0.08692000907197669
 0.08961537158154806
 0.09662029746750928
 0.09200020516169199
 0.09197990942553651
 0.0874785051554819
 0.08693493110630808
 0.08083178624168133
 0.07708070064245079
 0.07065338114035781
 0.07040608663369943
 0.06414415495585048
 0.06312142190741793
 0.06191315917603624
 0.05374955782439821
 0.05201780851704333
 0.0440420688158672
 0.04737872897990214
 0.04051320559058175
 0.0422218633776886
 0.04115077701598389
 0.04176645790991088
 0.0372067196453672
 0.04073441276382199
 0.03730679740353387
 0.04232956733385056
 0.03885508606081334
 0.03736806646819787
 0.03422255703310442
 0.03123520038127698
 0.0329956460656711
 0.02894693663008474
 0.02782785588509683
 0.02718492079614327
 0.02824713810722346
 0.03380926786933566
 0.0371543527684665
 0.04172633333560898
 0.04151474186208948
 0.04389739622897398
 0.04894856654571775
 0.05382404084473246
 0.05866089755359204
 0.05782784707603395
 0.05307809486742825
 0.06193166109400096
 0.060170169098459
 0.06211876508249983
 0.05979899324495819
 0.05546895437027347
 0.05603934618383717
 0.05577653365358349
 0.04964083589754931
 0.04811909929593121
 0.05348088809583888
 0.0568251986880587
 0.05744838518307838
 0.05878542220979896
 0.05464317644586547
 0.05609863061288139
 0.05944771197737148
 0.05864409225656078
 0.06002825607357367
 0.06593521998416019
 0.06756545471739395
 0.06519748064982654
 0.05653642224137525
 0.05524770965907016
 0.05436553846831672
 0.05476942033280352
 0.04817753935331974
 0.04584776504721477
 0.05040259447941874
 0.05018366089911949
 0.05505020300669048
 0.06447848168948642
 0.06766211532095309
 0.06354154615535544
 0.06516436898235028
 0.05693357976925404
 0.05339924291305177
 0.05391209721557618
 0.05422033669552014
 0.05048939579672369
 0.0489931239058244
 0.05130569758504436
 0.05177989016942759
 0.04627410447183339
 0.04851466046486589
 0.04974543415402768
 0.04715476533603568
 0.0464317178737208
 0.04550780082042472
 0.04353876934935947
 0.04420186553495073
 0.04343935058066561
 0.05075547375306901
 0.04654572666898476
 0.04379427310977783
 0.040576998719526
 0.04090918757936558
 0.04024601933644842
 0.03321699399308008
 0.04583021073350357
 0.03422961499927588
 0.0359017121739587
 0.03478507532596667
 0.0297552579705022
 0.0307733296151456
 0.02928861837183915
 0.03112618211660505
 0.02774650751548194
 0.02683236440702824
 0.02843289042951063
 0.02899643364382212
 0.02783608983996436
 0.02174994614415866
 0.01953745405432171
 0.01796681592339709
 0.01859558934592562
 0.02257211227900817
 0.02306108912630032
 0.02399109176240825
 0.0249745913454114
 0.03657464482151027
 0.03584495528471658
 0.03108479143993457
 0.02817861182249915
 0.02995782476531776
 0.03091640265525382
 0.02861721401620703
 0.02583167704354707
 0.02328074687671505
 0.02527453980855956
 0.02599876286419302
 0.02995257163386213
 0.03257645465824987
 0.03613113051329635
 0.03886037840371722
 0.03977239247544546
 0.03771938914909855
 0.03953039695728931
 0.04039382222418272
 0.04288324733160707
 0.04844763170755
 0.05395628590863318
 0.0511021826777981
 0.05784317450058386
 0.05400616756138555
 0.055933613886989
 0.05596347176764434
 0.05834470307201331
 0.06107078579753306
 0.05791419383909352
 0.05956647840947649
 0.06125799971080325
 0.06025872676854885
 0.06591001646006099
 0.06169280620996984
 0.06309221259089086
 0.06541724832100233
 0.06128518722906025
 0.05981624028944986
 0.05419706100980973
 0.05575008530653409
 0.05671465677022858
 0.05321509729655391
 0.05350188709287654
 0.05350282179392168
 0.05348844727726398
 0.05210665865760174
 0.05063642792551221
 0.05079401862608068
 0.05072279940044446
 0.04991738488864378
 0.05282415405878334
 0.05152464324761855
 0.05080314678725358
 0.04951543660641283
 0.0490995915434916
 0.05109271256880972
 0.05005619192636329
 0.0506968755453015
 0.0507386071686055
 0.05204127400824451
 0.04992945849504585
 0.04817010108795479
 0.04608120883113852
 0.04671444066941487
 0.04517436927109587
 0.04677845658451854
 0.04455864395390351
 0.04563451055150659
 0.04640878894352111
 0.04574721818531973
 0.04493834155192799
 0.04079967244731842
 0.0386865488225926
 0.03654542346981358
 0.03695972256738458
 0.03798303765306763
 0.03636262562086146
 0.03409907421786134
 0.03238470431086965
 0.03044018543249467
 0.03226932538615898
 0.03114293421022361
 0.03067453873672965
 0.02933795157936075
 0.02851688171751055
 0.03096705003206738
 0.03245676757561428
 0.03440702192270192
 0.03527688150373362
 0.03775898598004872
 0.03986204522793752
 0.0414441203062116
 0.03951406926158956
 0.03925509992775931
 0.04344685160506273
 0.03860997626758099
 0.03649047934513812
 0.03840659782937034
 0.03520564466587478
 0.03367790400905113
 0.03425526561849934
 0.0332969142247376
 0.03351333155605075
 0.03456891471946889
 0.03529721401477145
 0.039808875151557
 0.04159886304894701
 0.04136804800085309
 0.04163938230583647
 0.04141200143032361
 0.04083330301926587
 0.03954085170020225
 0.03853367166318755
 0.03865689805146756
 0.04412349893426738
 0.04883377074065501
 0.04681412607756175
 0.04607698155756808
 0.04468188482500996
 0.04594103139955947
 0.04931473168810246
 0.04623055868643584
 0.04554259428478104
 0.04489626055716856
 0.04874213367456695
 0.05059698489226776
 0.05341788213379561
 0.05894184427510465
 0.06295621856695439
 0.0675926866119458
 0.0747852670029332
 0.07931429320646481
 0.08090332973984879
 0.08369195423732581
 0.08452547915765013
 0.09094416091277728
 0.09108929736361797
 0.09351092293475341
 0.08978406579033736
 0.08522123435837678
 0.08964555227147875
 0.08553769814551578
 0.08453599167010757
 0.07728104203585008
 0.07329876625977202
 0.06816359193777419


