# Created by Octave 4.0.0, Sat Feb 26 15:15:51 2022 EET <li9i@spell>
# name: mean_trajectory_errors_dft_i
# type: matrix
# rows: 370
# columns: 1
 0.006215586147892257
 0.02669528101027482
 0.04882433296030115
 0.01460038213520459
 0.01203208559314097
 0.009520024289591289
 0.00910301398782001
 0.009794024103449192
 0.01081661282799026
 0.01232489667737122
 0.01614040110776771
 0.0183053888668481
 0.01920623726581389
 0.01776192836198625
 0.01956225421899822
 0.01562783772340458
 0.01435777071426949
 0.01374093568268568
 0.01030430289222426
 0.0164129232278251
 0.01208982086862441
 0.01658284430511032
 0.02137552271783405
 0.08886229152869596
 0.01822993241083273
 0.01163915066706639
 0.0106345181515362
 0.01049650626488138
 0.0328815878594304
 0.0107438270370535
 0.01001404919275512
 0.01183912444772582
 0.01155959164790131
 0.01262390402557879
 0.01289195966626971
 0.01324570767854273
 0.01633589684108158
 0.01465041193157943
 0.0146028793777423
 0.01672072863715587
 0.01671531208167179
 0.01610187238716511
 0.01994514099681068
 0.0189191474130961
 0.01809693696083122
 0.0188473274405943
 0.02226606879526869
 0.02272947426460721
 0.02280911142895151
 0.02418732767793798
 0.02224541682831166
 0.02163307744198524
 0.02345388852497041
 0.02439557771302511
 0.02609899356895242
 0.02545809651740523
 0.02988433448106227
 0.02903721223032831
 0.02555219714353072
 0.02215480842819517
 0.0206367984912266
 0.02241351925970158
 0.0202796695929487
 0.02074828722719871
 0.02164995633112161
 0.01830461216490529
 0.01701194764798616
 0.01583508769284341
 0.01933096584226462
 0.02346599480097977
 0.0392223826407039
 0.02090811999148311
 0.01647443527246179
 0.01232866825697138
 0.01251829145442433
 0.01064793631972384
 0.009927373870506151
 0.01010086898818536
 0.01174218849454534
 0.01005173693918678
 0.0127971639908154
 0.02656729198966856
 0.03090417923545839
 0.0457747027409262
 0.02855560021559325
 0.04617009981601933
 0.04664322454665809
 0.06637458127131597
 0.07067751889125401
 0.02783682133679794
 0.01868206827692397
 0.0197438078301146
 0.02063516583882871
 0.0139436590455062
 0.016801330303621
 0.01877479357734395
 0.03155393204767052
 0.05937393912673998
 0.06679414614809627
 0.04593958557215425
 0.01612893940059684
 0.01097087406076375
 0.01177944517500504
 0.009557692306672583
 0.008947868860868976
 0.009891127753324536
 0.01082953312214199
 0.01076735843859918
 0.01072697973005422
 0.01021977412243531
 0.01079203530257527
 0.01074179767059476
 0.01068440948711263
 0.0105003693558273
 0.01073168406999166
 0.01234267522515575
 0.01268737521914161
 0.01194324138259834
 0.01226793157701685
 0.01262959887140725
 0.01257653161546054
 0.01319733790014431
 0.01321290542446413
 0.01344835482514366
 0.01386761329649682
 0.01486343686049887
 0.0149892279906932
 0.01528468506247916
 0.01597119851308004
 0.01606607369790167
 0.01724270467432979
 0.01708289034246817
 0.01731386271603547
 0.01722050974484069
 0.01823404444864761
 0.01771192781538558
 0.01806286708862175
 0.01840404033998381
 0.01766545775286309
 0.02177860060831273
 0.01872239982517203
 0.0223373544480015
 0.01918801888332163
 0.01894894603041489
 0.01834211074076145
 0.0214176682331864
 0.02270092538214143
 0.02429691497338628
 0.02349121559850189
 0.03298073270904638
 0.02983769421111084
 0.03147609044936506
 0.03659859638962796
 0.03496238865209061
 0.02690365481580903
 0.02647823631824306
 0.0265665864871778
 0.02757165837972369
 0.02900382805091102
 0.02548036801221171
 0.02405884419105271
 0.02475572168094112
 0.02369537792708362
 0.0222147782296908
 0.02287919379951479
 0.02195159719051342
 0.02242965635442472
 0.02218962647261706
 0.02170580679355133
 0.02112435915196744
 0.02150806819107435
 0.0206406054137241
 0.02128988925640088
 0.02079953146459192
 0.02147987130113744
 0.0261432058057499
 0.02601392299859321
 0.02757592321560952
 0.02272563326605106
 0.02048936361287752
 0.020555190926012
 0.02044053767793584
 0.01990656102593636
 0.01964203934250102
 0.01976917034551521
 0.01940444955926351
 0.01930408666294707
 0.01868788004106164
 0.01830323515680126
 0.01797686147118879
 0.01808661088253394
 0.01800398794232165
 0.01887356903397906
 0.01667491886398945
 0.0177182721464371
 0.01863616940790367
 0.02071814160601586
 0.01784278254675075
 0.01804468572377312
 0.0189172073392063
 0.0211424256039263
 0.02039225120456095
 0.02240050192201628
 0.01980071207313708
 0.02029111193131394
 0.02065954958205631
 0.02092814368501577
 0.02110841419118478
 0.02182072227221142
 0.02229461295430974
 0.02349061311681966
 0.02382390530876306
 0.02465145199908276
 0.02519110769534211
 0.02559696658895078
 0.02773632345339767
 0.02727529434945658
 0.02799794599182542
 0.02867067233607619
 0.0326506159013589
 0.03831886113758118
 0.04168028789464458
 0.0456681043140069
 0.03943665066546787
 0.03743510293816237
 0.03748189078870329
 0.03750874801437014
 0.03706643453991344
 0.03245232251921005
 0.03418838624042755
 0.03431927265041935
 0.032266934112752
 0.03400064891283031
 0.03218008254334583
 0.03198708086180455
 0.03353471016242852
 0.03256129214230454
 0.03336391848654142
 0.03351237770578729
 0.0339333461400153
 0.0329946111965302
 0.03281457393066724
 0.03365508733544371
 0.03320209479220208
 0.03251655200813606
 0.03284213364132786
 0.03320593601132441
 0.03451239638491928
 0.03381764164156333
 0.03388290493582262
 0.03429909414368814
 0.03437274022275996
 0.03446403401606095
 0.03265363900105909
 0.03103370982199325
 0.03231360695331718
 0.03461284829809046
 0.03535135852458379
 0.03555204242392943
 0.03538612769766011
 0.03647118074003151
 0.03651323877187685
 0.03608130796156025
 0.03656045136181105
 0.03657289044506454
 0.03751355110364256
 0.03739036558746366
 0.03694471837602692
 0.0365668310541313
 0.03699321826365131
 0.03741919420735277
 0.03772878657215226
 0.03814995109878359
 0.03819972365239399
 0.03852791392775365
 0.0395160386862507
 0.03975723635034077
 0.04124578041832803
 0.04047830406761942
 0.04098926567731264
 0.04141615795723969
 0.042468157730702
 0.04416135361766088
 0.04451246947655948
 0.04582330951227162
 0.0449146346398769
 0.04499356553425946
 0.04512559947145474
 0.04309013784943806
 0.04204077929295025
 0.04160629661782155
 0.04113610987798467
 0.04069778408106705
 0.04707046142858407
 0.04977572966894912
 0.09285134116941295
 0.08385414140064945
 0.1298972162365654
 0.04412421741867498
 0.06462905426275412
 0.05973346236279019
 0.0517565759336865
 0.05043945316713683
 0.04926886855487886
 0.04803929003902696
 0.04420529832769397
 0.04424155910806502
 0.03608399003626191
 0.0357718105869886
 0.03564080513948471
 0.03574020168484237
 0.03587887028498899
 0.03590845460445313
 0.036080917961411
 0.03626559014019882
 0.03631024222281492
 0.03686852349463936
 0.03709257166466157
 0.03748619468910967
 0.03794236789873947
 0.03805519581834028
 0.03875820349984142
 0.03893243014206996
 0.03923466585201682
 0.03974931231883323
 0.0399799213944896
 0.04046282999270676
 0.04072362211491853
 0.04139365624845999
 0.04171714697826595
 0.04180963009849539
 0.04233685493232975
 0.04288637268314063
 0.0432026251950694
 0.04431116388089414
 0.04393096022661513
 0.04554745434631349
 0.05568295016667053
 0.06381572562661683
 0.05603814171306227
 0.05959917070687254
 0.06440285603679902
 0.05963232226937236
 0.05255466004165207
 0.05420523964063536
 0.04936308613503115
 0.05473140148384391
 0.05279024621925291
 0.05150251572523895
 0.05504270444854
 0.06362342065074404
 0.05304039241342748
 0.05915884241881475
 0.0657350122858521
 0.06129268933256848
 0.05432463198796967
 0.06820334543163224
 0.07012754585586443
 0.07324157093155241
 0.06473224302665009
 0.06718946986547562
 0.07242080500633258
 0.06269512769783024
 0.06724043379792066
 0.0568397313282601
 0.05881144506698804
 0.05679241306693202
 0.05691544409464527
 0.07385758506788122
 0.06396978719421954


