# Created by Octave 4.0.0, Sat Feb 26 15:12:31 2022 EET <li9i@spell>
# name: mean_trajectory_errors_amcl_i
# type: matrix
# rows: 365
# columns: 1
 0.05642628531179706
 0.01295031762176013
 0.02499147143266224
 0.02101529917295046
 0.008141009594775433
 0.008889930504780343
 0.0170101726136841
 0.01370743625877456
 0.01702495548613693
 0.01362318258836499
 0.009210435702727527
 0.02664657887639202
 0.0152741734864077
 0.01488991506072786
 0.01925826127222299
 0.02366707291406332
 0.01710054955766424
 0.01223783797113151
 0.01333913328430451
 0.007835204529415923
 0.008673991723183888
 0.01363676575003705
 0.01358913547353477
 0.009705634653145081
 0.0118210402255812
 0.01460102410193959
 0.00954958772377334
 0.00824371974425866
 0.01219787090026125
 0.01188054652680505
 0.01138308144163221
 0.0148884313672836
 0.01585433061011292
 0.01726428606160787
 0.01272710225022377
 0.01981796595677983
 0.02142268340677235
 0.009487235655766257
 0.01764355203398743
 0.01766290091670377
 0.01839604324315425
 0.0215410080735663
 0.01380903935787826
 0.02421566023271118
 0.01579674737906109
 0.01736688549941831
 0.02462129688982027
 0.02295955328761724
 0.02181274589391709
 0.02584709919169116
 0.02641425106933113
 0.02609209180482844
 0.02457979675232857
 0.02238249094831194
 0.02850991373210783
 0.02766954563131414
 0.02684335052435508
 0.02447152803423473
 0.02537841977848791
 0.02762607426235074
 0.03024432043967234
 0.02087597060929896
 0.02771244222731721
 0.02869502456642664
 0.03044482740326466
 0.02511155631622091
 0.02346194959025552
 0.02212227897160316
 0.01809521357063921
 0.01959575538353471
 0.02600395168831124
 0.03175590023397586
 0.02028901075630534
 0.0193186672233242
 0.01752019614125662
 0.01326723543210617
 0.0142336014296618
 0.01128812526439208
 0.01081621051584155
 0.01181673199836304
 0.01231855158864454
 0.01543669125350627
 0.01369399894578892
 0.01782270272168107
 0.02332167770636037
 0.02632291486825944
 0.03793595363843452
 0.035662090785718
 0.04037465772520218
 0.05142756197693863
 0.03368803008673543
 0.02533488342252704
 0.0394445060780772
 0.01573224403428804
 0.02083635922569455
 0.02100937335785261
 0.0217778429629915
 0.0271414919180255
 0.03619476304990016
 0.05673143814895565
 0.03260552487124727
 0.01979710779537273
 0.008793529835110857
 0.01154604402157567
 0.0107650733151249
 0.009917718033102619
 0.01156182495744289
 0.01046667122026872
 0.009601354266820685
 0.01317395198487654
 0.01234652566227333
 0.01321202319642902
 0.0104460582694335
 0.0103810366369002
 0.01335168553805782
 0.01254842283905445
 0.01110908319174546
 0.01263370505210436
 0.0152420484472692
 0.01286075130626274
 0.01154112604170982
 0.01402629099532932
 0.01400084654295107
 0.01343875292966265
 0.01617746005956287
 0.01328462204339107
 0.01485774683391847
 0.01530484335275105
 0.01554648941809747
 0.01572691159362078
 0.01762800034759107
 0.01738484657853363
 0.01612734027160167
 0.01741542344658899
 0.01745964662470184
 0.01815666342249453
 0.01743469364648689
 0.01672434262173256
 0.01634244214109427
 0.01758319896226557
 0.01805281212410804
 0.01758179554071971
 0.01920994411801046
 0.01804829928764536
 0.01917131173715638
 0.01854176895278599
 0.01832797746173893
 0.01782011331033962
 0.01925456604583088
 0.01978375150246771
 0.01987481774626744
 0.02136843381621874
 0.02276651404061945
 0.02334378474045271
 0.02556746919823525
 0.02532508859784574
 0.02449440560417638
 0.02702212289184144
 0.02745830248476397
 0.02408953923747362
 0.02383505881479136
 0.02285555430700733
 0.02163573906284869
 0.02204585802812236
 0.02189160902361855
 0.02116639219197119
 0.01923659633226572
 0.02102636966211473
 0.02092571767609153
 0.02097262648984318
 0.0207114999153218
 0.02050517357795374
 0.02030468854148363
 0.0201950994861944
 0.02078619805833062
 0.0212422715504185
 0.02468074318049996
 0.02399051978518128
 0.0260900573669762
 0.02447082390852174
 0.02000875419338668
 0.01956769490786311
 0.01918738050249756
 0.02018395005888771
 0.0208116223601293
 0.01959271453872621
 0.01959634115076789
 0.01889744723751158
 0.01814093659013436
 0.01826083876192214
 0.01808136043870874
 0.01802145672072943
 0.01763050838294782
 0.01708217227477424
 0.01758035527169433
 0.01716894117333873
 0.01762188017801092
 0.01841882008989175
 0.01739987987577632
 0.01809955994754567
 0.01778681506375685
 0.01907983817516331
 0.01875972730466055
 0.01860090823896643
 0.01998080312039088
 0.02054129199486912
 0.02096375265239509
 0.02092424080926895
 0.02271557680347363
 0.02355499731772153
 0.02334897273309868
 0.02444957689012518
 0.02458796095840084
 0.02532204897356874
 0.02623858060376898
 0.02680803563082131
 0.02821398070084026
 0.02811273042868941
 0.02874074219923064
 0.03361612327835072
 0.03487330504075661
 0.03634394404233954
 0.04000540740562235
 0.03685121462913079
 0.03661673053182189
 0.04384802595141117
 0.03999723426771246
 0.03501953070558855
 0.03277379588809778
 0.03310408668098337
 0.03391126684667745
 0.03393431369269404
 0.03724788396566121
 0.03277917164634576
 0.0342557663569077
 0.03308712575250137
 0.03362838798022914
 0.03292139823705605
 0.03306861244661664
 0.03422214093332368
 0.03455370289267393
 0.03451867189943349
 0.03353037460915802
 0.03416797342892202
 0.03371478400785662
 0.03291982954703246
 0.03399581507613104
 0.03440741871239084
 0.03479491484329353
 0.03490179769586862
 0.0344839726653492
 0.03501259577294564
 0.0352652681146414
 0.03444018202229372
 0.03420439980189403
 0.03290760097779317
 0.03263237912312505
 0.03545733441670194
 0.03537474975133059
 0.03645235106645298
 0.03619135356590781
 0.03714134658095723
 0.03704776750388342
 0.03640676560340239
 0.03694614426057743
 0.03668505824387135
 0.0368340555660087
 0.03662601078593517
 0.0368990472094711
 0.0370878840448432
 0.03686196548461162
 0.03743840965488925
 0.03778376010839522
 0.03814829741033669
 0.03926365573946575
 0.03948003198598948
 0.04019123262542377
 0.03998805942037115
 0.04052919393991433
 0.04066239368024218
 0.04063965178412834
 0.04208928528757415
 0.04217832417957305
 0.04266602425963446
 0.04293420677304612
 0.0427404833275622
 0.04244963668573708
 0.04188178640161094
 0.04189325891630704
 0.04189916547070537
 0.04173868276825295
 0.04102476232756899
 0.0410355326610666
 0.03996994299686357
 0.03943223287546863
 0.04075365331225524
 0.03951568767272575
 0.03698117374194092
 0.03915888242608731
 0.04073284504006071
 0.04262390456772699
 0.03939490311028974
 0.03668527206636513
 0.0420962196244126
 0.03784205607038229
 0.03748735645791963
 0.03778486275549393
 0.03710917267635321
 0.036324755803692
 0.03674995111208169
 0.03581962153035397
 0.03630730520848371
 0.03658893076014937
 0.03619308181390601
 0.03628636101124646
 0.03628336684248043
 0.03678758479325233
 0.0371929749852343
 0.03791133437770963
 0.03836335068167294
 0.03825199123619102
 0.03842353990416686
 0.03907555402601839
 0.0391193626378856
 0.03993193858734458
 0.04054205804034127
 0.040055544382634
 0.04080301355877646
 0.04048477432971231
 0.04163070449472242
 0.04198186218110006
 0.04263658189274552
 0.04286984633294656
 0.04363559443048428
 0.04425900626155246
 0.04479493962906116
 0.0437841054994977
 0.05438507543186
 0.05584300121875591
 0.05588448786410867
 0.05481736174377737
 0.04762332567255696
 0.04456286034042946
 0.04938440690684982
 0.05300552986516766
 0.05540002830404847
 0.05096324002584262
 0.05122418287305736
 0.05386582657707699
 0.05112388456093988
 0.05433623497040739
 0.05821597301460617
 0.05653031239612396
 0.05922453212179261
 0.06091785362917818
 0.0651282267375495
 0.05894426786638315
 0.05836955326446198
 0.05745706236027086
 0.0563437533508106
 0.05430992815580388
 0.05721369677122987
 0.05736585007596284
 0.05743497161822192
 0.05502325963295359


