# Created by Octave 4.0.0, Sat Feb 26 15:13:07 2022 EET <li9i@spell>
# name: mean_trajectory_errors_amcl_i
# type: matrix
# rows: 369
# columns: 1
 0.05166219283386214
 0.0148718903414155
 0.01349815074991848
 0.01551923128149574
 0.01574294808677686
 0.009150511049625899
 0.02041041382877998
 0.0297085399326885
 0.02628930543153802
 0.03603356569334777
 0.01299104568104054
 0.02306895300353825
 0.03493213971145748
 0.01346932978758939
 0.02230789100241568
 0.01807346920515401
 0.02471768768836656
 0.01602089361043603
 0.01045660816951513
 0.014573053188648
 0.009649422330411845
 0.01472080176948429
 0.01702778722134286
 0.01288264258033598
 0.01762791358253938
 0.01111287211573899
 0.01211483519584208
 0.0160373543618442
 0.01301107361508335
 0.01943337416824125
 0.00890591091711338
 0.01095630318309544
 0.01259261746973151
 0.01613812999258608
 0.01883693744976092
 0.01494627555894321
 0.01409289868375103
 0.01095145432366548
 0.01482505411590578
 0.02237920439084753
 0.01237197909124404
 0.0186152022552253
 0.01142812014196942
 0.01469165816467521
 0.0233507718823654
 0.01397396985095085
 0.01770654038305549
 0.02128931622723002
 0.01814692441538208
 0.03245041444050714
 0.02132320469348667
 0.02398007748385032
 0.02541970403495441
 0.01909279884726591
 0.02856018862840373
 0.02265845193128571
 0.01875530472031372
 0.02262458434534199
 0.02297563447628737
 0.03102852065709273
 0.03267963798761506
 0.01976952337268791
 0.02250126277093602
 0.03311772328749724
 0.03331322708755707
 0.02649485341004769
 0.02155527811567266
 0.01838080728070184
 0.01864892964939738
 0.02437125508701079
 0.02965875168018912
 0.02885058622585247
 0.02172072272780572
 0.02627172472625573
 0.02252116526063568
 0.01948422560760503
 0.01756739107403694
 0.01360918031511217
 0.01572360264138111
 0.01926969954870651
 0.01096130997826191
 0.01473055024120616
 0.01333854828878862
 0.01673419608194279
 0.02769420975753005
 0.03474454088591936
 0.04104574282203045
 0.03841110570129429
 0.04183776530796451
 0.07320998164862345
 0.0414324974465673
 0.04078173118160881
 0.02925788604951842
 0.02028796099853248
 0.0253741079839109
 0.01486036775685439
 0.01737306495958158
 0.02180052814654884
 0.03113077742970505
 0.03987318038487231
 0.02719628039763366
 0.0136619414788187
 0.008503694294860347
 0.01177449483169865
 0.01927110170483819
 0.01223675988792806
 0.01498098509507671
 0.01158039537031269
 0.01294604655132196
 0.02165438056470305
 0.01334692805168807
 0.0132932069650386
 0.01411342267721607
 0.01164331145757091
 0.02062693929962825
 0.01547399001947635
 0.01514932393091407
 0.01434413324313953
 0.01327121256927996
 0.01956509380161662
 0.01299143634672694
 0.01485064856638027
 0.01605122905532212
 0.01364313048055046
 0.02119863684647366
 0.01901060373424526
 0.01532798586518211
 0.01652715593850994
 0.01631116210446958
 0.02108508860165705
 0.01664321716716009
 0.02003389910597605
 0.01842732277182443
 0.02200636019080369
 0.02312116320568831
 0.01809284104356111
 0.0207142079299385
 0.01802929387076568
 0.01806913770542084
 0.0228015447743454
 0.02153674658734631
 0.02144000275947162
 0.01804359804472326
 0.01680099470691277
 0.02365825261113886
 0.01800183406503632
 0.01866355333123439
 0.01924022098874274
 0.01940344515432495
 0.02550601935975315
 0.02012468055491412
 0.02063966147476239
 0.02440711355152904
 0.02261463822594733
 0.03107744176255179
 0.02844655301082408
 0.0245580792891773
 0.02763883109942399
 0.02367487874098068
 0.02981186866290856
 0.02518315177201928
 0.02579966456619073
 0.02267220527713801
 0.02259002097535985
 0.02581532471789275
 0.02238952395687394
 0.02153937116081368
 0.02121609614922609
 0.02122743704991538
 0.02576236869585239
 0.02271412198184504
 0.02517570655934473
 0.02278140516812604
 0.02219912229676519
 0.02696580652058032
 0.0218059760579942
 0.02147061983983534
 0.02568008716380594
 0.03007777649948684
 0.02992644360440862
 0.02138010838695391
 0.02430342141800017
 0.02283553388718475
 0.02241385911553197
 0.02617017837906918
 0.02130417324537483
 0.02033586736932721
 0.01987986368842029
 0.02177365283875798
 0.02463122278497508
 0.02055516826078014
 0.01914732906168764
 0.01861366046655565
 0.02056729603814804
 0.02341024698556887
 0.0176630158782566
 0.01798696384175665
 0.02200377583713588
 0.01893688983591712
 0.02310789941954966
 0.02064339625493034
 0.02053290635357538
 0.02078900856928954
 0.02117115358323074
 0.02490869720796898
 0.02169612097521532
 0.02169927528215215
 0.02270767251052951
 0.026895630277324
 0.0272660472357945
 0.02408387724490529
 0.02514450719838831
 0.02599431026727186
 0.0264775784038227
 0.03099542654535189
 0.02787281582666033
 0.02895717020771396
 0.02843046013386264
 0.02841970476516339
 0.0323782592170684
 0.03163092410973577
 0.03621079168965126
 0.03962058245489009
 0.03402025666634943
 0.03957437712344315
 0.0368000023611391
 0.0372598728412897
 0.03748552097239478
 0.03280787051179553
 0.03666941849725334
 0.0344295755215616
 0.03445475406256747
 0.03529682056800815
 0.03618149747931661
 0.03778123988171686
 0.03541024910726196
 0.03482871925185223
 0.03456996715396096
 0.03673884762110725
 0.03831543935002699
 0.035371082498057
 0.03520869343029125
 0.03427556991436058
 0.03474021228220081
 0.03685219316260236
 0.03538070388979176
 0.03523087144913672
 0.03520809720047953
 0.03509413380423003
 0.03926797021839047
 0.03606633566728041
 0.03703988776651069
 0.03814584962712848
 0.03758206196276474
 0.03866374360080085
 0.03554003691104317
 0.03593040653696324
 0.03595440781055356
 0.03694725568163838
 0.0389958192705846
 0.03649944715166628
 0.03678581382144488
 0.03795223255100765
 0.03812040042016854
 0.04155529326667854
 0.0379533121540716
 0.03831949206848914
 0.03836469428743665
 0.03817052082607454
 0.04185362422550164
 0.03861074153972948
 0.03923996703963824
 0.03908859761647429
 0.03923037793873316
 0.04213776657605535
 0.04064808481014034
 0.04161093764988772
 0.04119187411147343
 0.041579025219543
 0.04570967006310912
 0.04412608722825251
 0.04389826958784692
 0.04446992040636812
 0.04449353773926685
 0.0460194028036711
 0.04622005080421644
 0.04773231818993596
 0.04451707964653946
 0.04528253794796843
 0.04601367906269981
 0.04692959343824969
 0.04694461780231239
 0.04613757914428974
 0.04244200341744819
 0.0409260921899183
 0.04655748570304394
 0.04367745998582042
 0.04483349610226792
 0.04692401119976414
 0.05375299632429074
 0.05401469252247511
 0.05168117521731345
 0.05030205387982133
 0.0489676428237386
 0.05837664636062752
 0.0481407751142009
 0.04691679977083218
 0.04337051044784412
 0.04060922942231088
 0.04080322562964553
 0.04111817038435231
 0.04138568108879816
 0.04244223007715787
 0.04214345896017777
 0.04005008860630314
 0.04224833586505081
 0.04167723396570903
 0.0427102640696845
 0.04329644721936918
 0.04130347669738252
 0.04326261398309985
 0.04401547691203835
 0.04594330772070904
 0.0474730871327288
 0.04425935532003046
 0.04696959134124833
 0.0462458605833627
 0.0466666921255775
 0.04823468593762525
 0.04456365960312021
 0.04927808960315835
 0.05132058313042183
 0.0509904524980455
 0.05247338098416005
 0.04732242851384736
 0.05406800216230773
 0.05360286710517149
 0.05603551243061956
 0.05791978418782861
 0.05831524980091195
 0.06400842961258375
 0.06167940382108458
 0.06008718250781882
 0.0714046342482557
 0.06191203333274282
 0.06850236220588347
 0.06834468227183629
 0.07607117278286203
 0.07908539170091373
 0.05779848493881683
 0.09743370567907368
 0.07243651110617746
 0.07524096695991794
 0.0828674783145246
 0.06092340571373274
 0.08620207554192383
 0.08754882600909472
 0.09563330225963151
 0.09863323614767371
 0.07305508771764145
 0.08783142964345356
 0.06968153065131491
 0.07123410870253583
 0.06698531185782311
 0.05711977492391983
 0.06872380757984752
 0.07343836059100574
 0.07521539541965047
 0.07960338382326712


