# Created by Octave 4.0.0, Sat Feb 26 15:06:48 2022 EET <li9i@spell>
# name: mean_trajectory_errors_amcl_i
# type: matrix
# rows: 2192
# columns: 1
 0.06023002386427104
 0.04677336627687016
 0.0603040200799469
 0.02175534767726493
 0.01691585264720737
 0.03703669478979128
 0.04405149078073718
 0.04372409319982366
 0.0195017689959982
 0.04168270622009168
 0.04387060027736025
 0.03444515181553294
 0.02900806077546242
 0.0334651693145366
 0.05718273214232963
 0.02582403647414496
 0.03115675810375481
 0.03095487350564748
 0.029442768687875
 0.04352383567965351
 0.02451281410405776
 0.01741009314492934
 0.03234712254224961
 0.02195081872595209
 0.02408292108905062
 0.03976809169232481
 0.02642896292938911
 0.03946902419461572
 0.03720107057302621
 0.02096888743973788
 0.03768575221145391
 0.02818254713966067
 0.03773262074743399
 0.04181180752142711
 0.03566342721562245
 0.03306899082491565
 0.03498886807485747
 0.02960357332300779
 0.04173683312903766
 0.03976326981508647
 0.03459438525124216
 0.04233951277963585
 0.03437128078726626
 0.04097438741225657
 0.03801209463453351
 0.03719451289896833
 0.03317997732287643
 0.0365335706636366
 0.03347425134321277
 0.03151022962016119
 0.0315536973658156
 0.02783781731349254
 0.02979068144620391
 0.02475511037880148
 0.0252308345929806
 0.02802846157861255
 0.02639373219740113
 0.02625956659670392
 0.02457150475250364
 0.02780136926362133
 0.02443020468999157
 0.02628320603533484
 0.02907004927730457
 0.02380061470782041
 0.02080775983985203
 0.02527522666479887
 0.02448080590822017
 0.01841153675042268
 0.01987901649325078
 0.01997285610192494
 0.01965686952925383
 0.01830293552935057
 0.01564335864768534
 0.01846333516434903
 0.01854112704129797
 0.01498453691328409
 0.01675259703741967
 0.01544869459807549
 0.01479864046270903
 0.01267639838792965
 0.01526244461449802
 0.01488795840297692
 0.013141131575248
 0.01196759039644416
 0.01247926420322828
 0.01260154575437673
 0.01071342198939088
 0.01239757818278643
 0.01397625796972284
 0.01523329635610549
 0.0127490127208972
 0.01297227511740315
 0.01269926311568469
 0.01152090179710252
 0.011401187682033
 0.0108951476136968
 0.01123779373008666
 0.009323197212739932
 0.007417266500897168
 0.009120896082759488
 0.01001301644158813
 0.009638979981901837
 0.009527105855654491
 0.007452178168412755
 0.009216932008482207
 0.008881345617653457
 0.009219664352423974
 0.006516444908300469
 0.008078533642046077
 0.007522561541062935
 0.007621817643558563
 0.00831238209015437
 0.009117906978324005
 0.009767654318561771
 0.0102501426505648
 0.008660171831887222
 0.00877421897912318
 0.008110273541540609
 0.006794313526937641
 0.006485707336027478
 0.008523829497340561
 0.007008164710299762
 0.007712734914034727
 0.008809883477347808
 0.008757728203269277
 0.008190904868459132
 0.007240006001548863
 0.007661005002717895
 0.007111309041900988
 0.007124316436120127
 0.005305301811030731
 0.006783282593618756
 0.005461553469904901
 0.006989724086020539
 0.005559728862838192
 0.005300334714127633
 0.005972221402109544
 0.00655309559183796
 0.006876474139456478
 0.006416220851059602
 0.006945280467106575
 0.00593334311793979
 0.008397561241004846
 0.008446997744129978
 0.008672801087281846
 0.01147680109225982
 0.01094653998742607
 0.01160707364028759
 0.008957760077224678
 0.007412638678700434
 0.007845660230463646
 0.007983872488608063
 0.007329665213142009
 0.007501786596588884
 0.007212645160944034
 0.007212589031401418
 0.008491426497020173
 0.008803107972570006
 0.008987853662110246
 0.01048434468832207
 0.009128281680641101
 0.01273338171763483
 0.01312001510674917
 0.01306206648100203
 0.01187144932459818
 0.01100131089955867
 0.009920130054397439
 0.01027450433857161
 0.01019857163032722
 0.009711598190646938
 0.009393717177815309
 0.01062860826167462
 0.01033786786245738
 0.01052893480435974
 0.009967075293742956
 0.00977570259189784
 0.01194418967282418
 0.01306171981677131
 0.01233257890059812
 0.01254965664442589
 0.00943709654547128
 0.01358471975956117
 0.01087215443826509
 0.01224266862250715
 0.01127210933195554
 0.01343905486702803
 0.01228579150957667
 0.01219228909161192
 0.01289737961799076
 0.01406617425662039
 0.01299839928582544
 0.01684788208030959
 0.01589703326475965
 0.01466302975371526
 0.01491843795548914
 0.01383600822871773
 0.01605096204026229
 0.01819444324536277
 0.01439111766168023
 0.01635839733600411
 0.01392313028829831
 0.0153309722306299
 0.01571489712148271
 0.01512146691089051
 0.01635629327734003
 0.0154158940634823
 0.01340313971091522
 0.01255406892605322
 0.01233350885064241
 0.01197477379563675
 0.01197963362167454
 0.01097280093019729
 0.01070371638798297
 0.01021945459502407
 0.01126778284709627
 0.01208212580196597
 0.0117182097241213
 0.01259312252253425
 0.01364641044965904
 0.01289153371561249
 0.01417674631432587
 0.01189865140285791
 0.01410347388978697
 0.01373544385422156
 0.01122894868433559
 0.01421584656809103
 0.01393434721850123
 0.01287922758650744
 0.01409819797282924
 0.01442188892412712
 0.01468175912067306
 0.01552549724669068
 0.01480329737649064
 0.01543890138923884
 0.01572906217929566
 0.01493747616161746
 0.01547755634779673
 0.01565567049742782
 0.01521118560304793
 0.01570856558166329
 0.01444473118234076
 0.01481394917137515
 0.01516262129673818
 0.01487635355465697
 0.01485766184841651
 0.01291569584389811
 0.01449107237890915
 0.01401411082729329
 0.01162750786079289
 0.01376642246307799
 0.01493469658755195
 0.01375694980515868
 0.01497332752587422
 0.0137535161923257
 0.01372888640254347
 0.01403486727779027
 0.01456210308862253
 0.01439274962416756
 0.01875340956610281
 0.01697303199247091
 0.014083834114115
 0.01776303999364675
 0.01598844630567657
 0.0145926795231844
 0.01535366197133011
 0.01435739181774782
 0.01440432740903629
 0.01315249178115198
 0.0132724807436987
 0.01478726033451795
 0.01563945162174605
 0.01446981029384015
 0.01438224682366223
 0.01493992952227326
 0.0157088798998483
 0.01541611611601738
 0.01531732471631819
 0.0146252008142164
 0.01490733432751423
 0.01440766125430531
 0.01592222560731545
 0.01622035265049649
 0.01708672377301593
 0.01762239403498679
 0.01733077468073356
 0.01784820631547949
 0.01707861999118916
 0.01817641571729199
 0.01800297098927604
 0.01808497579205146
 0.01834241829047866
 0.01852134541222539
 0.01854000005361175
 0.01789682791312691
 0.01924287121561628
 0.01821893434222149
 0.01827983937685876
 0.01607933203551034
 0.01765548954949595
 0.01799434038721848
 0.019445471126509
 0.01782951078184013
 0.01702714991669805
 0.01765173678232832
 0.01613218796196318
 0.01780788914094068
 0.01838715726796973
 0.01753791684824259
 0.01721443206454142
 0.01823511300184727
 0.01748588937848479
 0.01752185224690484
 0.01729446491197721
 0.01792505569084027
 0.01713226377297089
 0.01651395978214739
 0.01711801394464328
 0.01651019375622366
 0.01724037103185156
 0.01693299929397348
 0.01746138028931842
 0.01797869377558727
 0.01806869607774094
 0.01748203495153662
 0.01785785651525949
 0.01834724032776838
 0.01801194615978716
 0.01803792268027033
 0.01735144408488455
 0.01901262290810373
 0.01927784787176009
 0.01747877732761589
 0.01724513081030396
 0.01665813906767524
 0.01779571963124739
 0.01670336786102498
 0.0167871224214478
 0.01654914842501633
 0.01745160159586509
 0.01702995817917398
 0.01806727955036557
 0.01770186841302296
 0.01651513682902671
 0.01830270158704796
 0.01826351123664736
 0.01761174632104447
 0.01800660510475932
 0.01764351318384948
 0.01797112888259196
 0.01774217391285777
 0.01790094484961693
 0.01771751931778919
 0.01965485901090575
 0.01836323909459038
 0.01889386437682411
 0.01714878201482434
 0.0190030714606999
 0.01753566972233133
 0.01689306436160919
 0.01721017266670068
 0.01719470786106625
 0.01723331561335409
 0.0175196260197235
 0.01809015990224979
 0.01805274850695719
 0.01781675443738108
 0.01729250238963129
 0.0158449963410511
 0.01783057190445283
 0.0176485448711001
 0.01701267207809929
 0.01602989351876925
