# Created by Octave 4.0.0, Sat Feb 26 15:16:09 2022 EET <li9i@spell>
# name: mean_trajectory_errors_dft_i
# type: matrix
# rows: 358
# columns: 1
 0.005502111376017547
 0.03498173216748903
 0.08709521299851973
 0.03166607772242536
 0.01189606139389457
 0.008301209755310519
 0.007774678583289236
 0.01012581860602219
 0.01084691337882816
 0.01410055566687914
 0.01880848975736025
 0.01726636416313672
 0.01976007038285356
 0.0185553135311162
 0.0169054426216761
 0.0161197299225136
 0.01871227152694944
 0.01508921548978299
 0.01559588183246571
 0.01210293220197291
 0.01466173831860359
 0.0244934816192574
 0.03052621182620761
 0.06247792406350634
 0.02153843184498259
 0.01056513998524469
 0.00925455421820851
 0.01053492945199142
 0.02777311917123935
 0.009856451242005838
 0.009997516737221464
 0.0123672461875632
 0.0113544048337194
 0.01442689806605171
 0.013253188995099
 0.01273497136459317
 0.01560145709881464
 0.01584813788246934
 0.01693086613595789
 0.01841120742406904
 0.01732403854395033
 0.01598214730960497
 0.02073944168885013
 0.01856860832631532
 0.01967151144423231
 0.01825459733178288
 0.0210139121245435
 0.02107437314121041
 0.02471231691662825
 0.02442115835094712
 0.01989171040344002
 0.02101521456473412
 0.02266092803740566
 0.02418136938770486
 0.02318551369465506
 0.0286392667075176
 0.02682022895020551
 0.02498415978308018
 0.02398695389477778
 0.02056419189384692
 0.01959004110442446
 0.01898863745612916
 0.02028578927131798
 0.01931128009443387
 0.01836631955550344
 0.01792020381036291
 0.01509600668523243
 0.01700295696301418
 0.01846172258936081
 0.02964884336759309
 0.03517213509714679
 0.02801107373028236
 0.01700091982425718
 0.01378477856181934
 0.0139591007274268
 0.01301638880082287
 0.0102028641644985
 0.01191315745225361
 0.01174957400538764
 0.01206156245222453
 0.01627623533178631
 0.01737472679319657
 0.033753179433556
 0.03547477369178933
 0.0475597065214006
 0.07207080282027763
 0.06626714557965592
 0.04186358285082678
 0.05211740555094174
 0.0664556566924719
 0.04868472569270486
 0.01878130649444717
 0.02149364201153516
 0.01415981725601972
 0.01179166674689547
 0.017889271744028
 0.02564030741225226
 0.04949976290417052
 0.06055216753802716
 0.05264409801034852
 0.03377324162606715
 0.009652294480663758
 0.009193917467102592
 0.009037149338577801
 0.009287109980498554
 0.009955425006056954
 0.01076325525455151
 0.01062626283560436
 0.01089153027921645
 0.01272798154216361
 0.01158661576248627
 0.01103203143688628
 0.01088375083501578
 0.0107762194109349
 0.01069923720326213
 0.01121910942737973
 0.01217301764796146
 0.01212494478978489
 0.01350186706619701
 0.01318645480511133
 0.0129357471220276
 0.01321784079576451
 0.01409830720185275
 0.01440083442716595
 0.01402565297996128
 0.01519982915988364
 0.01506570632234428
 0.01600140007040028
 0.01532625080532399
 0.01605703188803363
 0.01739123254086591
 0.01815512280329953
 0.0178777852568889
 0.01705020130455212
 0.01725695410478839
 0.01811893340325961
 0.01782788644127144
 0.01819676585723224
 0.01759689759690957
 0.01817383575835235
 0.01805639768056196
 0.0183012364096702
 0.01833095746368632
 0.01830031684132906
 0.01774370904328746
 0.01946015160445642
 0.02472175698590799
 0.02820290304889415
 0.03534766832117933
 0.02791603545817836
 0.03768046173671832
 0.03423110306530781
 0.03152327163311006
 0.0394773911985196
 0.03878767383693352
 0.03201056643866737
 0.02798184039039856
 0.0328303588144776
 0.02565246506705622
 0.02488402828450661
 0.02737130744194041
 0.02711598320426266
 0.0233757473302237
 0.02161131117013917
 0.02160338695229829
 0.02146883502443298
 0.02093593860637921
 0.02085879436766324
 0.02150656334429684
 0.02034838585786149
 0.02098280558227209
 0.02128102394328725
 0.02044798191969497
 0.02060673647500907
 0.02107055097244423
 0.02441931093616796
 0.02662082901762473
 0.02486361045845144
 0.02284723477700635
 0.02062392406053084
 0.0201836609693132
 0.02063387148380096
 0.01990356378474894
 0.0199980670615605
 0.01941348126333716
 0.01902797598754703
 0.01898762547725075
 0.01864176311548585
 0.0186540432559676
 0.01799908701661485
 0.01813435430404671
 0.01790779583701386
 0.01738673750924947
 0.01712646312914422
 0.01672753903092543
 0.01910108301660895
 0.01851875082887698
 0.01884998016402138
 0.01961579250065002
 0.01784167361883797
 0.02336029534707463
 0.02117420452485352
 0.01953640649055987
 0.0207912022994856
 0.02083878170522353
 0.02083818094200508
 0.02118716740769296
 0.02127131668254194
 0.02157603918483317
 0.02193829881530983
 0.02314358669219878
 0.02412422273417688
 0.02427503036088932
 0.02472302095679426
 0.0252487616825862
 0.0267957136594462
 0.02734788072781289
 0.02797344239774508
 0.02865049908369539
 0.03013837696935133
 0.03597315758407402
 0.04315681063741511
 0.04177357734687462
 0.04376437927167472
 0.0390900748292825
 0.03946119195266976
 0.04079503420173799
 0.03407127135114548
 0.03825911873851352
 0.03589257343623255
 0.03558090177650882
 0.03410872242695664
 0.03340449464355653
 0.03385941260487448
 0.0326249384563205
 0.03765528324521738
 0.03595396925451617
 0.03328701424468498
 0.03430278765764729
 0.0336038249512376
 0.03433081383810841
 0.03296542731998654
 0.03510271591321106
 0.03287549716210086
 0.03342145696040553
 0.0333117116704871
 0.03319273496694955
 0.03422287942154242
 0.03388753975873657
 0.03394408938059318
 0.03419408939249077
 0.03417929474182006
 0.03446844909169797
 0.03318246726740466
 0.03195492561552823
 0.03161133656639647
 0.03469845434117399
 0.03498919311450507
 0.03543541927897281
 0.03565824938527254
 0.0365395433045949
 0.0367618979721582
 0.03619820899091884
 0.03609430319219774
 0.03691805224599951
 0.03703496898634265
 0.03760503067798775
 0.03715319028055446
 0.03673504109050091
 0.03737439581878929
 0.03835656359424817
 0.03785277691533724
 0.03806371968805947
 0.0380608143908658
 0.03826432722728994
 0.03913282359046193
 0.03934398895144403
 0.04002586451386791
 0.04041179061132305
 0.04191778561208683
 0.04415258227805359
 0.04376895974968269
 0.04623959484180474
 0.04660278235761589
 0.04525906380344409
 0.04703524805922787
 0.04454610936707178
 0.0452052021387138
 0.04242651729512166
 0.04244023169913004
 0.04354606889272181
 0.04277025865288892
 0.03906121534824596
 0.04553239707813068
 0.05460667501003241
 0.09190330890740098
 0.1565014779091665
 0.1179343504913593
 0.1207751253043168
 0.04317426529993743
 0.06003574566502909
 0.08120421345130602
 0.04262427707244406
 0.05815572906558808
 0.05197854277460195
 0.04794311793108741
 0.03794709502680743
 0.03873943621768411
 0.03701714907309944
 0.03663796437590721
 0.03580340126628881
 0.0358668359027137
 0.03574852260356146
 0.0363564053512288
 0.03617898927321801
 0.03646312817896298
 0.03675556452881454
 0.03706478095944509
 0.03733254051173357
 0.03793743522687874
 0.03804833338778252
 0.03840988392713119
 0.03890782767427742
 0.03930088408421625
 0.03981300540822438
 0.03977307555345665
 0.0403604388409655
 0.04051368458953165
 0.0410804358311026
 0.04164978565424267
 0.04169953863994867
 0.04206690358974246
 0.04286807871003662
 0.04279686666936088
 0.04353647557735885
 0.04475856383393802
 0.0462636777341725
 0.05354684711617124
 0.06050517029160632
 0.05862101649526199
 0.05351220378250142
 0.0786393609852674
 0.08037801301407783
 0.05097061825780599
 0.0528491866054737
 0.06094378175497497
 0.05533627833089788
 0.05819441444055148
 0.05382433857353667
 0.05585926458221166
 0.05609643998506161
 0.05408267239411196
 0.05414008249224771
 0.05753260964554809
 0.1155800918959899
 0.05478069278200107
 0.06683056570957911
 0.08300642338049803


