# Created by Octave 4.0.0, Sat Feb 26 15:13:07 2022 EET <li9i@spell>
# name: mean_trajectory_errors_dft_i
# type: matrix
# rows: 369
# columns: 1
 0.005762120970238212
 0.01143486817522805
 0.01230511886311524
 0.01243822233880227
 0.01364901620893671
 0.01561837570641977
 0.01453983689850746
 0.01501094506637376
 0.01682386417834809
 0.01768986970340721
 0.01867509660584648
 0.01676873835101701
 0.01934515615074101
 0.01811861498560767
 0.02109091352800447
 0.0173696653312395
 0.01533353498776383
 0.01269896818999632
 0.009631413909896542
 0.01041791635814509
 0.00855399556425193
 0.01002348969009694
 0.006882243118409348
 0.006518898026553894
 0.008988174238818297
 0.006752673465438007
 0.007862774916286057
 0.008620888151815564
 0.01092360227939268
 0.01201449453050524
 0.01600316990682153
 0.01555379512910307
 0.01565171793136965
 0.01577850161364957
 0.01688743881202446
 0.01471134956123528
 0.01556106835134342
 0.01686025146421386
 0.01681437923228092
 0.01805008569806831
 0.02089122248646496
 0.01612906602151212
 0.02318572087974536
 0.0187403724898583
 0.02022027075650898
 0.02374158632637618
 0.02545620469602788
 0.02684541118434675
 0.02863896186005073
 0.02853640454630253
 0.02741743386580124
 0.0282042819591774
 0.0274330632194446
 0.02629286652651817
 0.0243895963297829
 0.02624250930106741
 0.02616481426374263
 0.02470383574211885
 0.02564491912848987
 0.0272803510652493
 0.02441654037391218
 0.02306843267596798
 0.02520790190928999
 0.02292306409727591
 0.02393607780742551
 0.02244245013005111
 0.01892786154981765
 0.02029801070405907
 0.01868045029647801
 0.02839891701472794
 0.02683044367986289
 0.02234318094233222
 0.01780930584593225
 0.01461047289257994
 0.01439009272691979
 0.01190178196410335
 0.009915585239724311
 0.01110244594431312
 0.008963479160007819
 0.008784095424111968
 0.01364252119966764
 0.01062178582188493
 0.01432649807578234
 0.01709707088727978
 0.0319062895717545
 0.03805068517116367
 0.03814995738720468
 0.03962003037541729
 0.06421016631725857
 0.04006546913022532
 0.03646142850405013
 0.02368050055351429
 0.01733387026940269
 0.01390120681163231
 0.0128779428948729
 0.01343072625082338
 0.02893532718004205
 0.03745448142419623
 0.02966686736224257
 0.03479396257021704
 0.01442997696076839
 0.006835162919468238
 0.007237548392485669
 0.007639161199449756
 0.007553514161996018
 0.008380073341007908
 0.008865290488477718
 0.009134089934655193
 0.008989996330786055
 0.009229896597746024
 0.009132474250954724
 0.009006333478559597
 0.00965300306754888
 0.009861561704605372
 0.009840605985432793
 0.01046646895674735
 0.01039032532033009
 0.01209809794205542
 0.01175700452860334
 0.01131308345682514
 0.0115331920985126
 0.01190297479591458
 0.01204902243864762
 0.01250503860464115
 0.01275654350664473
 0.01365176266039534
 0.01366744238300996
 0.01398662084616703
 0.01424614011028731
 0.01492657873831607
 0.01478142181055534
 0.01549859263121994
 0.01588116110247766
 0.01569578817336065
 0.01610005128128393
 0.01595650480903576
 0.01577506877703123
 0.01596922758797944
 0.01628074998361791
 0.01657663223537152
 0.01675234833475471
 0.0166817524311118
 0.01715392479403624
 0.01684858140399722
 0.01643341884362922
 0.01706624286814651
 0.01768832138145853
 0.01818054828567775
 0.01859973794185304
 0.01863359732216318
 0.0182434032642092
 0.02161212085445755
 0.02207296237636293
 0.02314817616269338
 0.02662332793401698
 0.02515615150236289
 0.02304944121206459
 0.02429290102892845
 0.02384952133101069
 0.02352979141931733
 0.02433453931455251
 0.02215171320951238
 0.02068867001302074
 0.02044172033745999
 0.01983282305506587
 0.02010839725397066
 0.02016041083070039
 0.0199821984865053
 0.01958681127554244
 0.01936075078788017
 0.01967272310158556
 0.01935563459976728
 0.0194225956414257
 0.0195083177181368
 0.01966945422062553
 0.02052880108346235
 0.02382698264561824
 0.02509138873464007
 0.02157084476685602
 0.01930895488238151
 0.01955053556768786
 0.01925652264207714
 0.01875172646323732
 0.01875370590764379
 0.0183381447954419
 0.01807095455709724
 0.01784966741558576
 0.01731037621071134
 0.01738966935649472
 0.01717997067934678
 0.01691096157769055
 0.01680476024717184
 0.01649168822941108
 0.01592423756521003
 0.0160501806501819
 0.01595913296022961
 0.01631029611621724
 0.01625962706850819
 0.01659407868793879
 0.01661209690361087
 0.01611561349209676
 0.0169149265748788
 0.01737268783400326
 0.01878323554072624
 0.01943508407864769
 0.01970272579148909
 0.0202651508546074
 0.02053976340270656
 0.02104814357935929
 0.02169512739512358
 0.02240830294339097
 0.02319205516634022
 0.02387908800987129
 0.02435328190918745
 0.02511885463242923
 0.02626244177794093
 0.02624081167052935
 0.02681680291959833
 0.02766683784659579
 0.03063796271173312
 0.04021587738492492
 0.04436296259779543
 0.03540669903642594
 0.03507878249057016
 0.03650534460335988
 0.03756517469786932
 0.03774891298927086
 0.03196381747613918
 0.03162005755749617
 0.0311063507005755
 0.03142815196952529
 0.0314936498486965
 0.03296966744489584
 0.03158680073050417
 0.03142436142632643
 0.03228803251348902
 0.03178189912880995
 0.03476377117037443
 0.03277404117262127
 0.03300671046873953
 0.03307994212568977
 0.03230930200705987
 0.03240941671398183
 0.03225981807009233
 0.03253908286313828
 0.03300761606512072
 0.03280984166308302
 0.03300627554120479
 0.0336428745873643
 0.03338794240938468
 0.03373468071883402
 0.03404125955806939
 0.03397933456857864
 0.03358036710638587
 0.0316338503376672
 0.03295039201449249
 0.03454707985022674
 0.03497412639837971
 0.03536990426597894
 0.03514883512908538
 0.03543923282411669
 0.03574075538052215
 0.0360119550370222
 0.03607417702147792
 0.03629387326103642
 0.03632024222074545
 0.0361015311024539
 0.03647222546018235
 0.0363136997669594
 0.03629017830568144
 0.0369683369742694
 0.03728148478904271
 0.0375902106144723
 0.03797651793692521
 0.03841167367170286
 0.03909363483051433
 0.03980825185474383
 0.04006441388982658
 0.04042110125667335
 0.04117326488939854
 0.04136741075138647
 0.04121906716839491
 0.04185668321335383
 0.04186830562809614
 0.04262607852950033
 0.04221783350718442
 0.04187173296091742
 0.04139330803463338
 0.04139227350023948
 0.04129527319329094
 0.04107530403808871
 0.040096715321323
 0.0357238963100123
 0.03620577931871071
 0.04265089770832782
 0.0377722247514263
 0.03949323903896949
 0.04006579681280027
 0.0493157611672573
 0.05191652655664833
 0.04823591150180979
 0.04679524611786685
 0.04375997670401571
 0.05408966803707391
 0.04648623215501746
 0.04215917677384316
 0.03636159307429578
 0.03559578683803784
 0.03633082290805692
 0.03586310087821458
 0.03588986800547404
 0.03570173796518386
 0.03587249239371618
 0.03608562283103451
 0.03609406240740486
 0.03669641046298663
 0.03653653543428353
 0.03696582251977391
 0.03754597776954446
 0.03766255968440099
 0.03800789493036286
 0.03847547994970534
 0.0390759973641408
 0.03906187702759262
 0.03984312273029053
 0.04042658988586689
 0.04074047895949578
 0.04138022451271376
 0.04180657971057653
 0.04174167831105483
 0.04180024037947867
 0.04240894963928758
 0.04323574229998649
 0.04357966511520466
 0.04375698203421487
 0.04441305063796299
 0.04553186912034041
 0.0489663043772123
 0.05682175470100277
 0.05648771365619341
 0.0493680775247998
 0.04774198446696967
 0.05719402251370036
 0.05933145678285372
 0.05330182976725431
 0.04993606345161544
 0.05902574310478381
 0.05837320424299376
 0.05377890551808975
 0.07925354127831881
 0.05101384727687904
 0.05050915067462167
 0.06097163059787272
 0.05209401415819641
 0.05496774813460249
 0.05153496269117976
 0.05785217568206086
 0.06901704349279701
 0.06458168722003486
 0.05642988903812581
 0.0508169810428586
 0.05526913637643582
 0.05230505005301634
 0.0524801999884127
 0.05365021167327658
 0.05206240834019759
 0.05237715354694309
 0.05205379988248409
 0.05254935899608681


