# Created by Octave 4.0.0, Sat Feb 26 15:16:27 2022 EET <li9i@spell>
# name: mean_trajectory_errors_dft_i
# type: matrix
# rows: 364
# columns: 1
 0.01226121613202543
 0.03092179945069767
 0.01223259360601243
 0.01401682844393444
 0.0187993323104007
 0.01057128562726752
 0.008637893539629661
 0.01005189833675185
 0.009926830604645932
 0.01155247864614231
 0.01376857894760228
 0.01322260669834253
 0.01631155235449037
 0.01571957193426595
 0.016956523945241
 0.01549467956012329
 0.01422356503244517
 0.01271741578301946
 0.01054678146808496
 0.01939303902629277
 0.01297187140303951
 0.01944806508172081
 0.05076006364031063
 0.07422683836646331
 0.01188821636021101
 0.01412686455988404
 0.008774938101694009
 0.01768390128256851
 0.02913547372185164
 0.02153082339745922
 0.01083691113188521
 0.01259552064767016
 0.01263617191012512
 0.01515771920989203
 0.01348956751310907
 0.01619544610150736
 0.01744709377077395
 0.01782867802866725
 0.01459158327124378
 0.01725532893138438
 0.01922948757041433
 0.01748686855084257
 0.01948878738017124
 0.01836545674157458
 0.0202220230131254
 0.01997861743336944
 0.02339220942429367
 0.02188513509790624
 0.02409555671928889
 0.02435960953800468
 0.02181412803171482
 0.02366778723125232
 0.02410374430782914
 0.02297247656755231
 0.03264470165670291
 0.03512019663744821
 0.03997302550129989
 0.03594889697237787
 0.02560278549226789
 0.02704479147842152
 0.02147301723827317
 0.02127263522001941
 0.01985391302677355
 0.02125637011192437
 0.0238071442033225
 0.02045685348632127
 0.02158733633731271
 0.02205440177168172
 0.02844192526483341
 0.03355626552259273
 0.02866272600970202
 0.01660519413283607
 0.01524458618344853
 0.0111523991370363
 0.01298605723037554
 0.01080830745664662
 0.009957724392426932
 0.009822802746241685
 0.02428506990416362
 0.03681637757255692
 0.04003747477554895
 0.04620509508659011
 0.05931193093951925
 0.04840470843869462
 0.03850291641497248
 0.05744869168464943
 0.03853160344412292
 0.06178791511683827
 0.03284614867661696
 0.0126432393302138
 0.02816844207297477
 0.01922058241064338
 0.01132426205545269
 0.01088830741864279
 0.01197066871121899
 0.01406967419810028
 0.02294391250712103
 0.05265449682750294
 0.07749210954076925
 0.06508338046035415
 0.03402271477952801
 0.02053163131627694
 0.0159224460050479
 0.008351326674600663
 0.009223971521710677
 0.009644304253015689
 0.01137771379188163
 0.01036995175963988
 0.01077342462335341
 0.01269845157150518
 0.01198791218798396
 0.0118720173178235
 0.01078011068188084
 0.0111876195664366
 0.01128808697072693
 0.01171182342554815
 0.01336889062343408
 0.01380123293857129
 0.01353446729991452
 0.01254801873384225
 0.01316850351463711
 0.01350699289625126
 0.01317321615178855
 0.01377871927256973
 0.0139664747909533
 0.01510839667781996
 0.01521727953560529
 0.01532363413267671
 0.01582814742484364
 0.0184196978115822
 0.01893672749490859
 0.01884080437639123
 0.01762396337326299
 0.01693786113772089
 0.01844240415935133
 0.01789003353663594
 0.0180294855262509
 0.01819198981988841
 0.01781157053863256
 0.01851578291088344
 0.02185452924428783
 0.02038214763633893
 0.01946691326432306
 0.02752181713367682
 0.02860780853968231
 0.02263994857527473
 0.02649883770868991
 0.03473980698946384
 0.02498046107223769
 0.03611396341810067
 0.03331171284828693
 0.03912972393706428
 0.0354163773552064
 0.03990330235307751
 0.03944871217450858
 0.03275748996497033
 0.02875941197794496
 0.0288065706933885
 0.03127239781283518
 0.02794986231949355
 0.02719048567320006
 0.02500955522559025
 0.02619049911197835
 0.0240061519400025
 0.02179251719269707
 0.02183695016969248
 0.02134612699174067
 0.02152110814239873
 0.02053491672559292
 0.02013831965935087
 0.02091525733050336
 0.02040907911076113
 0.02070518668864017
 0.02047950621640507
 0.0215937092052512
 0.02714618299071249
 0.02903078513011565
 0.02672523110156544
 0.02481545949701335
 0.02057476720874181
 0.02134853782845988
 0.02036587725399115
 0.01992071716526627
 0.01981039478827551
 0.01967811787388993
 0.01953893292939538
 0.0192234506514765
 0.01863187543645613
 0.01824257552916332
 0.01834085347691738
 0.01801882550382198
 0.01810008136557904
 0.01761922910753885
 0.01688915428059451
 0.01870925254249904
 0.02020069703645599
 0.02382953160046091
 0.0207405627411286
 0.02113156770628725
 0.02734352651026913
 0.02412506277808521
 0.02359601123463725
 0.02474669079492247
 0.02154147834233727
 0.02317902220841602
 0.02222923106921374
 0.02130643376507068
 0.02138592882280876
 0.02182555182113625
 0.02246087176358702
 0.02307658656382124
 0.02402292050735482
 0.0246457368004617
 0.02724038757722902
 0.02780948697515714
 0.0291396697952994
 0.02811185825345678
 0.03206005213514566
 0.03225229239878886
 0.04143104840790617
 0.03914843773106658
 0.0438134234634468
 0.03698295886432271
 0.03653143693925461
 0.03831673003752983
 0.04266784925011896
 0.04358656474078623
 0.0425123493786827
 0.04269262612767419
 0.04242704375068805
 0.03560232754245013
 0.03642378502668479
 0.0350524335854365
 0.03537939104577625
 0.03372415555750169
 0.03414196544410324
 0.03594168547634883
 0.0353703998221919
 0.03400533200767863
 0.03509085120809324
 0.03340472821216515
 0.03398979676461416
 0.03537452529287376
 0.03348225815506533
 0.03342218926342262
 0.03364601598751606
 0.0335134813076064
 0.03368766728046458
 0.03417280796017839
 0.03450281816800312
 0.03446967044835735
 0.03522502675306879
 0.03440320272098425
 0.03464736390747845
 0.03317680064557477
 0.0330123333549044
 0.03420107212473018
 0.03544227806122349
 0.03573038441660618
 0.03571826099101372
 0.03638959205539925
 0.03642014167829674
 0.03616534443215255
 0.03594154158507946
 0.03625184708842452
 0.03779539831640413
 0.03702035205803858
 0.03682759988809981
 0.03688364751756325
 0.03681679349679431
 0.0372466662955394
 0.0376255099081841
 0.03796777916368219
 0.03791413000008285
 0.03848278731586458
 0.03864505655425305
 0.03959889786793002
 0.03961792679027611
 0.04021483156311793
 0.04100931834313228
 0.04490307031424431
 0.04623621028199383
 0.04181273694732573
 0.04633142290943536
 0.04973957554118256
 0.04703015187971547
 0.04591693487665263
 0.04550825578148115
 0.04449338026426288
 0.04461498424516216
 0.04513026043146147
 0.04760101852003703
 0.04150684655065734
 0.04704758607128305
 0.0959263863567756
 0.05438626664009007
 0.166159658383744
 0.3681834156275692
 0.3422522335493385
 0.2851626702026401
 0.06214164781247487
 0.05581386428818951
 0.05557868356423188
 0.04354715453432062
 0.04402238534939684
 0.04095016148114266
 0.03830031067122085
 0.03705391232047888
 0.03517279881001138
 0.03527400150213161
 0.03479084917774829
 0.03523090183175622
 0.03596373255626251
 0.04211797860803682
 0.03619779787530224
 0.03658371977223055
 0.03663434135589803
 0.03696698682245925
 0.0376047659283022
 0.03735385009899797
 0.03788299212079513
 0.03826384923183375
 0.03859564205317041
 0.03905491169601171
 0.03968109593858813
 0.04007863268721185
 0.04050010083757796
 0.04071409085613993
 0.04120236191648803
 0.04180467968226565
 0.0417261306624612
 0.04292602619287626
 0.04254306617106782
 0.04275061935472185
 0.04369246493645443
 0.04544274500545347
 0.04624988124246331
 0.04998740440341485
 0.06485821517678109
 0.06411413220279463
 0.08113097080713225
 0.1073142397077538
 0.1261717829882545
 0.09422720789928431
 0.0700464042684726
 0.05186891136909438
 0.05637895138165654
 0.05379702723303076
 0.04750853393679898
 0.05396568760596928
 0.06115472207810044
 0.06571721116796554
 0.07055717584478222
 0.08346960128898112
 0.1387349340476948
 0.1607151563761289
 0.1558961059387629
 0.1684085449686797
 0.1291672241624358
 0.1269611770653715
 0.1265265594406792
 0.1464509572329389
 0.1541287740460872
 0.1061113836834214


