# Created by Octave 4.0.0, Sat Feb 26 15:10:26 2022 EET <li9i@spell>
# name: mean_trajectory_errors_dft_i
# type: matrix
# rows: 2244
# columns: 1
 0.01358615880826331
 0.01503537182221879
 0.05125317504512073
 0.05291479133559052
 0.01426087430738575
 0.03312854766427085
 0.03797647214136743
 0.02138764641314258
 0.01106693425791288
 0.01210499740388559
 0.03128356621128995
 0.01717078535038474
 0.01317916336358351
 0.0123756417017254
 0.0275044936658699
 0.02446287644266039
 0.01207646535491234
 0.01183406080616353
 0.01172196513333948
 0.01170522761928738
 0.01130459834700336
 0.01061390775063677
 0.01315205155288821
 0.01180252021228039
 0.01215403513124656
 0.01103284170560356
 0.01176685752617507
 0.01138966549442928
 0.01122505516660132
 0.01078201649995585
 0.01208556231854967
 0.011303281896932
 0.009679987153402323
 0.01078001451573814
 0.01059475493878182
 0.01011030004485162
 0.01172415393729913
 0.01135310557482445
 0.01078268055309237
 0.01091814454541524
 0.01197293578148185
 0.01099071637631441
 0.01012707007296082
 0.01085041844615217
 0.01141615440830948
 0.01191039038825933
 0.009983299092149038
 0.01093667696001578
 0.01244308772256485
 0.01146747360494258
 0.01073400859508821
 0.01076148767744028
 0.01103039123324932
 0.01018671769103344
 0.01076786213718773
 0.01003972777930885
 0.01060644207493731
 0.01052019853943489
 0.01042237385497928
 0.01006628439230201
 0.009984002106096228
 0.01065875255848127
 0.01035476745068598
 0.01029465521431714
 0.01061710342778298
 0.01004365520611555
 0.009960012482463336
 0.008983025990752036
 0.008900918166871826
 0.01019642423639951
 0.01032444064504033
 0.01071235786936475
 0.00892201438417866
 0.008952035595476472
 0.01052941471682615
 0.009927846127891261
 0.01078917909332937
 0.009739515862755425
 0.01046835982828637
 0.009913768052269845
 0.01163013549325255
 0.009782518595659064
 0.01233061084176528
 0.008856174557601766
 0.01198293945747715
 0.01325089857694782
 0.01183755616440041
 0.0132522618582434
 0.01364065536232737
 0.01418149499516201
 0.01161456557627603
 0.01075372972058741
 0.009168669882286651
 0.01066704589057093
 0.01075154772466816
 0.00999685233235938
 0.009894627523041166
 0.0114367668402255
 0.009261999627980581
 0.0118542924269742
 0.01061923913214589
 0.008418672793580842
 0.008318234705994125
 0.009676643307455631
 0.008532409609521731
 0.01006011467840027
 0.007082515774259221
 0.007898932782576069
 0.01020078683136815
 0.01052755624219015
 0.01350203193844258
 0.01295891442118625
 0.01218163689843036
 0.01201510792102645
 0.01090755828442615
 0.01141466354873758
 0.01104413967607875
 0.01124913554649074
 0.009756236550802161
 0.01049292271885546
 0.009487689216866907
 0.01034499235336856
 0.0112852513745492
 0.01492852394329771
 0.01169299855542463
 0.01361743783865117
 0.01218640170931155
 0.01186091372179658
 0.01104368116168575
 0.01339443540304979
 0.009184626381489003
 0.008478423419087576
 0.008252906574840329
 0.009013613354685302
 0.008350260693147364
 0.008104590003248901
 0.007909090139275207
 0.01006853685081001
 0.008910704725089971
 0.01197753253711652
 0.01009218124617757
 0.01168507142949625
 0.01100043917043173
 0.00841872827729085
 0.008007438492690085
 0.009042848247545039
 0.00878337712758584
 0.008666710865803579
 0.008537075646589924
 0.0089581748473321
 0.008914074080280006
 0.007296864178846721
 0.008204236004637263
 0.007349812677955592
 0.008486517585400697
 0.008420468855425401
 0.008874026926055028
 0.01178153077241964
 0.01267907149420413
 0.01396314163791419
 0.01169599178162468
 0.009198550011021022
 0.008541421757498979
 0.008874133855997163
 0.00848001987686159
 0.00779974582453549
 0.008403171748629104
 0.008057205246628956
 0.008272269810525042
 0.008650991800551596
 0.008249295624417105
 0.008729925774606254
 0.00935108028989752
 0.01049851069684461
 0.01038115996432375
 0.01003563523478778
 0.01096542167792294
 0.01042033595680796
 0.01114866755137505
 0.0114076338994304
 0.01097511346544121
 0.01131462506204456
 0.01186195890379598
 0.01120875761952564
 0.01109956409438614
 0.01162426368875363
 0.01197696973817468
 0.01188215686142997
 0.01181360074960829
 0.01262204353083942
 0.01249797060241146
 0.01309890128618378
 0.01330003639179263
 0.01341784442890885
 0.01300094021080603
 0.0123963049796873
 0.0136259533264085
 0.01427470968716668
 0.01392068190113481
 0.01425350938332398
 0.0128376275927489
 0.01387933932511117
 0.01195368111710869
 0.01234749630342895
 0.01210687022174005
 0.01135381990036387
 0.0115489816503208
 0.01178764569566811
 0.01150644363921702
 0.01209060586436223
 0.01143401837815186
 0.01117363533266399
 0.01133966612398291
 0.01090622497171402
 0.01248775519954722
 0.01268836373247741
 0.01169817674943869
 0.01276851147631161
 0.01243480171917935
 0.01365737467047889
 0.01380921315435685
 0.01420329547337689
 0.01408269292121601
 0.01336591559622693
 0.01366164411393814
 0.01506757287467891
 0.01482634406515898
 0.01478976339737067
 0.01508841275333923
 0.01407621204887538
 0.01461052680244632
 0.01461556634300507
 0.01391621683370584
 0.0139978772530574
 0.01422919089900484
 0.01435466930395637
 0.01357401751053299
 0.01371743227049446
 0.01618047531599523
 0.0151777911621613
 0.01386497749156049
 0.01486796221035582
 0.01500257673627111
 0.01437861414770101
 0.01486589125870335
 0.01451423623190037
 0.01429202938196015
 0.01349485348323129
 0.0122568556203872
 0.01182148482464716
 0.01295288947827686
 0.01418116156762235
 0.01577982038920908
 0.0162738697256214
 0.01824424642767429
 0.02055161221157838
 0.01817421171034057
 0.02055910517514822
 0.01945623548872706
 0.01644718900058632
 0.01752278881425073
 0.01389073921826509
 0.01387455805170034
 0.01456387175574827
 0.01477642278533669
 0.01363170251237409
 0.01537089218405256
 0.01497628545948964
 0.01488747754029848
 0.01449740344057934
 0.01555297923633858
 0.01482870903030012
 0.01582055154394729
 0.01529451241918169
 0.01672707265993239
 0.0173838962038884
 0.01668326707306253
 0.01855012635479111
 0.01980202656566801
 0.01981648854116379
 0.0206098245796715
 0.01884230269025165
 0.02163008519159917
 0.02127494333196489
 0.02086061713771549
 0.02104437180321407
 0.02274511889376126
 0.02342263325012481
 0.02198612996175237
 0.02271457510741514
 0.02176675436849274
 0.02308898381964092
 0.02363560551549802
 0.02409252259221029
 0.02393847702559166
 0.02302421927951086
 0.02379677693446313
 0.02391092458405961
 0.02253096864915807
 0.02303112989422619
 0.02286369849799643
 0.02351278099062202
 0.02194653028753914
 0.02268425542929703
 0.02107542275939698
 0.02247397319089832
 0.02351391554894471
 0.02235455469293322
 0.02221485526106959
 0.0231667746200896
 0.0212037777031811
 0.02279388492058951
 0.0216611152883691
 0.02356732351262156
 0.02258945837005318
 0.02287032153935145
 0.02280880646089797
 0.02240132943374673
 0.02410737344931733
 0.02012270911458229
 0.02141215743005902
 0.02303451607063575
 0.02063234543886704
 0.02168794524281212
 0.02096356784478956
 0.02179370095677182
 0.02084240267942562
 0.02244897116675161
 0.0211841788094336
 0.02035493786024618
 0.02081025684820157
 0.01987986060495688
 0.0210741384291155
 0.02006446299425071
 0.01993993178500545
 0.0192609616096159
 0.01928383791177735
 0.01914552192390389
 0.01991560581240092
 0.01918646725594679
 0.01930472404598948
 0.02010278294331972
 0.01872244716923839
 0.01865332291972102
 0.0191436103461957
 0.01946240799786218
 0.02026553164108691
 0.01942714530016057
 0.01995247576050745
 0.02091375650575497
 0.01927504274648388
 0.020015047613477
 0.02118926579019174
 0.01952861425327517
 0.02074683114508458
 0.01984481878261025
 0.01964219178896591
 0.02196241838569962
 0.02049415219094784
 0.02038650723922579
 0.01925229864195162
 0.02049950968542967
 0.02000055286050011
 0.01969293924179059
 0.01785507271219321
 0.01901043664653674
 0.01899328182162413
 0.01997735030665002
 0.01803602505529754
 0.01806880778250729
 0.01958062940388089
 0.01879468356719866
