# Created by Octave 4.0.0, Sat Feb 26 15:12:49 2022 EET <li9i@spell>
# name: mean_trajectory_errors_dft_i
# type: matrix
# rows: 365
# columns: 1
 0.006782357105340633
 0.01578095212394839
 0.01124349133231159
 0.01205893151818594
 0.0124527852615841
 0.01351248034983197
 0.01435754785636067
 0.01527262906980772
 0.01633805965784767
 0.01575265081243958
 0.01790010387717932
 0.01669070534711866
 0.01893280524894999
 0.01740574605847173
 0.01873803015773615
 0.0191458266165732
 0.01741047470532615
 0.01112118209450142
 0.009169865008574127
 0.009831529992503805
 0.009515722289534146
 0.01089997971821312
 0.007039157577968992
 0.00795599875408688
 0.01115362229368913
 0.006957694274813568
 0.00767045678263975
 0.008480918332754196
 0.009972081624677333
 0.0123989637330654
 0.01618201517163349
 0.01453734831649825
 0.0167677936817467
 0.01565846327635614
 0.01720926680905613
 0.01581344724219288
 0.01503697457384268
 0.01758390860137144
 0.0171821067294156
 0.01827343228686745
 0.01834416916413686
 0.0166331781463119
 0.02348431746069457
 0.01914951283807052
 0.0186757097510274
 0.02102550824978322
 0.02307016705835783
 0.02525228709567606
 0.02823790908484206
 0.02749382470648281
 0.02560087166672178
 0.02828267608234169
 0.02720477109563981
 0.02553971186038313
 0.02785556573836521
 0.02640210614686497
 0.02793883193498791
 0.02909071129907801
 0.02552072924320119
 0.02521272087829197
 0.02611795490716117
 0.02428651945692496
 0.02275796284444833
 0.02428581661170673
 0.02124138131261455
 0.02007338833042837
 0.02001566283957417
 0.02128821354470696
 0.02145012142532415
 0.02464361353850443
 0.03743092699530804
 0.02041312432082922
 0.01743426403908277
 0.01432462566554513
 0.01338646094030409
 0.01201320856135836
 0.009449169941851313
 0.009094547356730905
 0.01079649856951992
 0.01069333596652971
 0.01447071300373212
 0.01295891303961803
 0.01312239490313149
 0.0143208616129547
 0.03693961198200651
 0.02419608970570991
 0.03637477682801615
 0.06349589222850981
 0.04570567575761268
 0.03909731758346476
 0.02722680793582834
 0.02467366736938615
 0.01752436442411255
 0.01855261615679819
 0.01224852844685408
 0.01716954529355009
 0.03414243380835136
 0.05646911071439603
 0.06136788007689006
 0.03036328779016745
 0.01499678780094761
 0.007573095260955187
 0.007277674120939473
 0.007607448787022231
 0.007778114431779242
 0.008429111365382706
 0.008934475778922018
 0.00920741177588549
 0.009003985708498445
 0.008886841346335139
 0.008873686123924808
 0.008953120329307049
 0.009727112240305012
 0.009496128159731219
 0.009707427501388376
 0.0101643663285624
 0.01063392255445778
 0.01064477793184126
 0.01135680818519044
 0.01137021274086034
 0.01147634766199676
 0.01181397678507467
 0.01214750596664557
 0.01245753053021993
 0.01308595330442815
 0.01356004852497067
 0.01371105283369746
 0.01421393040412992
 0.01451252314923939
 0.01475037410397938
 0.01520377323635427
 0.01536948843082197
 0.01562412588550575
 0.01605504743880967
 0.01574550090799472
 0.01599617759240204
 0.01598549716544455
 0.01596085417148244
 0.01627518378529534
 0.01656339284866606
 0.01652327090945083
 0.01688960347148411
 0.01670252785580226
 0.01684055470158565
 0.01690938027115873
 0.01685355542752067
 0.01743308036800268
 0.01833133073365692
 0.01828259228881373
 0.01847172312470398
 0.02025559119770699
 0.0211394780417806
 0.02141027585983016
 0.02384725235286991
 0.02531881726918478
 0.02493710930891006
 0.02104359214932867
 0.0259917180294097
 0.02322333257067759
 0.02184684644073205
 0.02229077085042463
 0.02184343574658909
 0.01988360241305486
 0.02141938970896175
 0.02044734284002183
 0.02023409299480976
 0.02068939762480563
 0.01962943789092927
 0.01995084778914569
 0.01982014385260433
 0.01956047641970637
 0.01954788131152195
 0.01938907591706265
 0.01952844272007254
 0.01957908216542131
 0.02037027072521385
 0.02403044763930579
 0.02748679607161314
 0.0230626015106001
 0.01919423362963044
 0.0195317564231661
 0.01931430494238756
 0.01883422771136809
 0.01870987688896174
 0.01856252677280065
 0.01847748533456204
 0.01777898376983783
 0.01803830585436728
 0.01720624123789768
 0.01708842755058453
 0.01701374435871639
 0.01645556495232761
 0.01621532082782453
 0.01587830077945747
 0.01564602170170072
 0.01581664318301253
 0.01605323652513218
 0.01608474649225702
 0.01557681953543495
 0.01636472216593732
 0.01657034244315197
 0.01728172552936869
 0.01755440031155039
 0.01883618741024827
 0.01944764647915184
 0.01976040857725737
 0.02023930729379921
 0.02053127057142282
 0.02131459128699065
 0.02180053080801727
 0.02309428963930737
 0.02316751134085657
 0.02378467823219257
 0.02458435112678248
 0.02492349281209383
 0.02565600680011087
 0.02637348147422625
 0.02687899861619978
 0.02985727926689349
 0.0348757875739385
 0.04110451560524437
 0.0377878244245094
 0.03681792488933201
 0.03605740588321848
 0.03661119157633223
 0.04108626839281051
 0.03511054431234596
 0.03353661676291617
 0.03245830511803945
 0.0322238564805896
 0.03094567480681307
 0.03151234761578838
 0.03152607486614466
 0.03155134135812074
 0.03155710440106013
 0.03199148467874213
 0.03321216006419126
 0.03246206221637001
 0.03225523225605756
 0.03219332727901492
 0.03230312533307101
 0.03605547082563112
 0.03217448953392796
 0.03436927775504504
 0.03225545631707859
 0.03223884140314398
 0.03271997054206006
 0.03330763400742975
 0.03333583551987508
 0.03356536808727191
 0.03389840346298829
 0.0337045977188602
 0.03420579879445131
 0.03338554126785702
 0.0314297292115496
 0.03114827811939147
 0.03416512314818444
 0.03469242793659126
 0.03490881409268085
 0.03522876989184334
 0.03537968745628201
 0.0353706737817487
 0.03596856966954773
 0.0361021911554805
 0.03605121089381907
 0.03601633788255482
 0.03645905539364651
 0.03622148426115415
 0.03644272105363109
 0.0367098927349758
 0.03707242484274177
 0.03717764017586698
 0.03774817760088536
 0.03792727656461256
 0.03866465036382394
 0.03926024805488812
 0.03936236126605253
 0.03990918386365779
 0.04064966767307199
 0.04088601569576836
 0.04169289110519884
 0.04150944526712391
 0.04147142830868103
 0.04163350282210516
 0.04177633327320217
 0.041577233709135
 0.04191112505775622
 0.04168454344479135
 0.04121513429775895
 0.04143029024453318
 0.04137733733464276
 0.04126277419874188
 0.03963509718714418
 0.03986625931878253
 0.03946942967770958
 0.03907755530886337
 0.03699914221388871
 0.04329686690090018
 0.04255364772526407
 0.04539123422615423
 0.05302223055794551
 0.05274303934061858
 0.04725158016142297
 0.04316522313013565
 0.04538565036026072
 0.04146463799462793
 0.03562409143076395
 0.03543377618851702
 0.03589902860781287
 0.03621179929851177
 0.03592736765553067
 0.03552726443216454
 0.03514337041084602
 0.03591553137488507
 0.03592740947388504
 0.03667482000581703
 0.03649464457849556
 0.03705742487964887
 0.03709801829556456
 0.03759610480227545
 0.03807943661098911
 0.03866083753365048
 0.03855193386382684
 0.04034596090234587
 0.04032533073146653
 0.04023393723439414
 0.04125681711063982
 0.04134906413811445
 0.04151272479358634
 0.04204687267703935
 0.04214266564690499
 0.04270948217041961
 0.04334353965843255
 0.04359842874950512
 0.04375374851157199
 0.04490421652099478
 0.04660279326621605
 0.05181362350011359
 0.0616740841531291
 0.05855037575262601
 0.04902143560166675
 0.04514551517515614
 0.04571971832979346
 0.04784401650312074
 0.04664478564393251
 0.0483443349283399
 0.05100128771567827
 0.04837686889769779
 0.04827419276348587
 0.04959897377891431
 0.04933584239300817
 0.06085776670487091
 0.05997313199677587
 0.05172432746650573
 0.0589525881967117
 0.05236333342890764
 0.05140606053466693
 0.04979342750122577
 0.05444295226268989
 0.05096986164626923
 0.05155895631572916
 0.05235964889307475
 0.0664411047172774
 0.05852196098515849
 0.0528366597664451


