# Created by Octave 4.0.0, Sat Feb 26 15:13:25 2022 EET <li9i@spell>
# name: mean_trajectory_errors_dft_i
# type: matrix
# rows: 374
# columns: 1
 0.01169773387894823
 0.01325879652818449
 0.01211524406041311
 0.01370877432612698
 0.01233937279269995
 0.01182680747836269
 0.01185491611114954
 0.01613577755416016
 0.01329207158078996
 0.01552696733937435
 0.01356115234443916
 0.01476630085109249
 0.01478913456834734
 0.01271450454015963
 0.01555127042555611
 0.0163756279250486
 0.01339379028508722
 0.01168200551617097
 0.009902588754172175
 0.01220119682903581
 0.007120911433241005
 0.01059079595247956
 0.008344159898198563
 0.008844901808631454
 0.007641010064051045
 0.007021271797318121
 0.007170052108379258
 0.01475118660340694
 0.009865978211221687
 0.03115396157953359
 0.01559608188583512
 0.0155607893051081
 0.01629859433704904
 0.01659605200306703
 0.01501734081312231
 0.01386673959991503
 0.01638371464417774
 0.01916378521699898
 0.01661151906353164
 0.01989454293543626
 0.01935005022480216
 0.01698213494975079
 0.02314565236359594
 0.01826727530891683
 0.01972733801881577
 0.02694447353851099
 0.02723467019286355
 0.02778765082948726
 0.02720478642692232
 0.0258214660989599
 0.02564942065532482
 0.02733639836227859
 0.02987740496099888
 0.02486057588839432
 0.0254453976536379
 0.02311440449943479
 0.02709809918270947
 0.02541639963746814
 0.02511940218775353
 0.02779295068220131
 0.02438539548453522
 0.02213908224422881
 0.02556066165363784
 0.02592214947253364
 0.02430688867323825
 0.02489565244217566
 0.02332140797669559
 0.02949653221333952
 0.02512171841953459
 0.04661505277348277
 0.02514777106059419
 0.01755070010062589
 0.01574442826293143
 0.01387994256252413
 0.01229707345901774
 0.009888317983667332
 0.009719465415271921
 0.007191001534178479
 0.007266685026467177
 0.01483705227941572
 0.02175176397612952
 0.01729247076808438
 0.008283974891855485
 0.02138114474984675
 0.04137669758241204
 0.04073890700692797
 0.03720266534214359
 0.03931831550228975
 0.03627469471504973
 0.01080217608253557
 0.02385611382332107
 0.01398312657298846
 0.01307801510444373
 0.01055854382662418
 0.01103923973565687
 0.02900194212948633
 0.02101476083812163
 0.04774580222825144
 0.03321522155686989
 0.06665976941092901
 0.01507019373688332
 0.008095765376219232
 0.007534212657539533
 0.007070810185448141
 0.007333085562468034
 0.008838790681277466
 0.009540533396830005
 0.009550762422665894
 0.009138185150765006
 0.01051144974780496
 0.0101036188767428
 0.01009027775612998
 0.009573826088747329
 0.009699685469052218
 0.009714002053444627
 0.01107971247356645
 0.01182900087506525
 0.01129570504232065
 0.01151091393599838
 0.01091627118361865
 0.01156971648775755
 0.012099668376922
 0.01224052814185835
 0.01225931027187032
 0.01240947011935072
 0.01310234130676693
 0.01347179429700683
 0.01356456680082374
 0.01408215336260392
 0.01430348982415232
 0.01567263032638195
 0.01560707735492275
 0.01551281535640889
 0.01562107783502173
 0.01618322596349897
 0.01682430598714139
 0.01603470939891255
 0.01578396806889255
 0.01581002795167489
 0.01992298653604046
 0.01721386375071384
 0.01666915711776611
 0.01678209688551906
 0.01690727734994019
 0.01736805417828488
 0.01762110040727317
 0.01783198766662905
 0.01709428099243554
 0.01779464090111907
 0.02604346270759568
 0.01849075388805763
 0.01863200682562446
 0.01964841180312584
 0.02169117174694673
 0.02942018144732689
 0.02379534347004596
 0.02722907285513382
 0.02168801909141538
 0.02557304206408295
 0.03005763741078087
 0.02228402352618266
 0.02539144792359834
 0.02051692487834983
 0.0203086634543584
 0.0196907223385677
 0.01982130017267852
 0.01986310017755377
 0.01942690838784705
 0.01933412307314878
 0.01973137424669953
 0.01955458048669351
 0.01950753214138423
 0.01951567826885921
 0.01953425287959843
 0.02238862648324218
 0.02064990864273427
 0.02130880000927192
 0.02463694675704659
 0.02236137464813226
 0.01972010039396511
 0.0193281311951687
 0.01904104052242115
 0.01925657834626985
 0.01875673558221881
 0.0186130648165312
 0.0185748463059604
 0.01817709682607306
 0.01790142252205915
 0.01762060257471836
 0.01693205018527246
 0.01716947285627634
 0.01719327029665876
 0.01683744278693309
 0.01593150680757051
 0.018095549085974
 0.01616706372394778
 0.01626812198441846
 0.01594087318593224
 0.01640799199558034
 0.01786122042247757
 0.01645960593370039
 0.01761541813992254
 0.01723684409664023
 0.01815067683205366
 0.02208125452168754
 0.01996036034434415
 0.02095358983611731
 0.02024856652217463
 0.02054857412820794
 0.02167238598634857
 0.02243341704671904
 0.02299379570489369
 0.02319628916236584
 0.02387229343179792
 0.02555961699886581
 0.02555739854723767
 0.02638964962621428
 0.02799701805942377
 0.02938863257596141
 0.0343660739675279
 0.03761545499355421
 0.03935640788351411
 0.04577074195026926
 0.03135977571503435
 0.03541412722809844
 0.03238843719214365
 0.0320093708085681
 0.03115617667858911
 0.03167458365957273
 0.03868400923452022
 0.03324045287103525
 0.03423281179623566
 0.03407022004700399
 0.03495317795340354
 0.03241272110295212
 0.03287294331339537
 0.03438027213440998
 0.03367826789271985
 0.03509920088455356
 0.03282967053407845
 0.03352422980382071
 0.03312380265806797
 0.03319585259393068
 0.03356813319019308
 0.03277625319700192
 0.03386800931124474
 0.03410525120151067
 0.03316166006763596
 0.03329124632966422
 0.03335892283880076
 0.03383618034543219
 0.03416087182897719
 0.03443268663079321
 0.0339841031337408
 0.03263044133425745
 0.03245901075079528
 0.03295877585768537
 0.03546053686008808
 0.0352857933415891
 0.03523049018216669
 0.03526779096433132
 0.03559776649359179
 0.03524761188686891
 0.03592647324323602
 0.03589036750248792
 0.03645593522676949
 0.03606453293679301
 0.03751611506201315
 0.03678948510593474
 0.0366903181773427
 0.03716429075288073
 0.03740887107792663
 0.03758034436071691
 0.03785244271219752
 0.03840085887288053
 0.03840918975216875
 0.0393800848606887
 0.03950347356253343
 0.0396357266912552
 0.04204115144386097
 0.04109469821193759
 0.0413831628509392
 0.04145801487260974
 0.04161938246146324
 0.0444248829540358
 0.04248178122820457
 0.04226424510799089
 0.04207974288457761
 0.04160506659997672
 0.04323170171383563
 0.04185169689577704
 0.04210696715685674
 0.03899697689913323
 0.03672249550418921
 0.04831634769050747
 0.03854651649474037
 0.03605503720640487
 0.0396375077015817
 0.05700058956726075
 0.05772602975713551
 0.03580259873754187
 0.03661036234706829
 0.03627820545780446
 0.04219964169853789
 0.03955995235945709
 0.03691970487945397
 0.03535312087410675
 0.03533756897939449
 0.03526409269968202
 0.03521492928583378
 0.03537595853907891
 0.03546881263778261
 0.03617387896582532
 0.03584999057789374
 0.03575119922089667
 0.03640352242372086
 0.03686399877423738
 0.03739268989368207
 0.0380633142590748
 0.03765585639933315
 0.03807668068595382
 0.03858279993097324
 0.03922909580911196
 0.03956714884293402
 0.04001543037783359
 0.04112342480938594
 0.04131972741258519
 0.04237137063447908
 0.04158462127845864
 0.04211908377252715
 0.04324091879057154
 0.04277781021463685
 0.04363236356001427
 0.04354030705391763
 0.04579262383744639
 0.04445432052048535
 0.04501668725331024
 0.04847788455739969
 0.05482521657744356
 0.06264464694055015
 0.05032917568427097
 0.05918597820975972
 0.04920135583092556
 0.05327740492403939
 0.06020140946088032
 0.04677964259315213
 0.05056133085014857
 0.04880266886288077
 0.04683129354010838
 0.04897424565485614
 0.05745949779618303
 0.04999648030229413
 0.05006586013490302
 0.05035333211649491
 0.05517077814464215
 0.05607856291331504
 0.05092984557225634
 0.05331248814470648
 0.05163571079556424
 0.08171260944279896
 0.05058661909009119
 0.04931429567811918
 0.05289260050630298
 0.05294282573666845
 0.05608406749483501
 0.05321180531227525
 0.05223141383370346
 0.05298329469985548
 0.05231211659183417
 0.05216518332426202
 0.05241223003331601
 0.05209647776273523
 0.05108843940193194
 0.05204215308638305

