# Created by Octave 4.0.0, Tue May 28 09:59:05 2019 EEST <li9i@spell>
# name: mean_errors_amcl
# type: matrix
# rows: 500
# columns: 1
 0.01263763490381435
 0.01389112039465466
 0.01313092679145694
 0.01368807017704793
 0.01480049841490606
 0.01417141094269955
 0.01285252896021353
 0.0142121883274239
 0.01340743303826442
 0.01495189689112264
 0.01310795906744959
 0.0135552526483652
 0.01425782859365322
 0.01331070055642947
 0.01301848951081091
 0.01448999366328547
 0.01355915766290137
 0.01360391686256316
 0.0143257233633054
 0.01282928438352599
 0.0130913956154967
 0.01302183272490915
 0.01299064839136419
 0.01279894473767122
 0.01281059701200203
 0.01356273012915104
 0.01289791859514275
 0.01299813841382124
 0.0146736862039338
 0.01310264067185266
 0.01282352429977573
 0.0132809017447823
 0.01478277614917371
 0.01332340904537024
 0.01350265952464079
 0.01159945321819795
 0.01299574641474919
 0.01339619706191393
 0.01412228168936537
 0.01284499656368223
 0.01448100483050402
 0.01290611306073682
 0.01373968600245862
 0.01284074742033776
 0.01303576422008142
 0.01365152230277633
 0.01304238358292173
 0.01286074071577045
 0.01299845186667773
 0.0133113624656802
 0.01359359404237718
 0.01354096450922032
 0.01364716490213827
 0.01413408756735775
 0.01318436435211944
 0.01442610314970452
 0.01462397030970039
 0.01291767190762697
 0.01460964963233821
 0.01358601824484724
 0.01291779283953738
 0.01283799553601885
 0.01324965312812239
 0.01498922946341626
 0.01293342706996073
 0.01430556510017197
 0.01334263036812706
 0.01294962045850255
 0.01295759272519541
 0.01292759405401198
 0.01380009150211553
 0.01320738592471419
 0.01316897952111544
 0.01414190328975977
 0.01291993224561919
 0.01305590607428661
 0.01291694856904007
 0.01432406448745544
 0.0132810283021458
 0.01297010610809691
 0.01285164635068327
 0.01463982849946911
 0.01295817433270946
 0.01449623300309694
 0.01320290949849679
 0.01307835894924447
 0.01385567605575365
 0.01369316290769523
 0.01427860944789623
 0.01556253937318162
 0.01291155686398888
 0.01291938187440417
 0.01306676974218401
 0.01314257657090695
 0.01285805846155578
 0.01433325441368817
 0.01291276853967021
 0.0144273377152052
 0.01317787714781072
 0.01283767106272899
 0.01249917601561886
 0.01239773741646009
 0.01250941788496234
 0.01297337874913871
 0.01252419538103956
 0.01233827159167097
 0.01243511034493269
 0.01228412656021909
 0.01240920130606064
 0.0125949248041405
 0.01336392819991059
 0.01370243550112868
 0.01361712201051418
 0.01301524131535056
 0.0137340519586515
 0.0124903865553739
 0.0122975653729685
 0.01224218239769701
 0.0127646243273373
 0.01242169219285172
 0.01242863218906019
 0.01398303251338815
 0.01224011586880775
 0.01281053487845346
 0.01360133708858861
 0.01248905471072345
 0.0115193636616126
 0.01274906778319305
 0.01268953399829398
 0.01359351092929235
 0.01239214829299486
 0.01452876774392424
 0.01341558882485953
 0.0126897404622122
 0.01258491138695565
 0.01231760651224642
 0.01235318968291392
 0.01400044715307952
 0.01324356315731161
 0.01259558813868183
 0.01351482332729504
 0.01247051349148572
 0.01243454878324321
 0.01239369470667199
 0.01247567811890355
 0.01337966524087492
 0.01236131949843358
 0.01346593592555678
 0.01258422751514441
 0.01231534391115347
 0.01250297932584487
 0.01240021522578702
 0.01312816898317855
 0.01270899655086523
 0.01312957838230493
 0.01242755995705402
 0.01231366883056284
 0.01376754444049864
 0.01228157192742499
 0.01251083671948363
 0.01274281178883423
 0.01382506078443498
 0.01385845632212806
 0.01345046828542143
 0.01362756634785093
 0.01248269884336211
 0.01382441153392346
 0.01373195794304681
 0.01234907132636939
 0.0123856194223499
 0.01315879902683981
 0.01353826309693624
 0.01274861163020988
 0.01450226821132925
 0.01239244751441404
 0.01239207754031504
 0.01274059185003029
 0.01249130111993398
 0.01281936693396227
 0.01349249321347714
 0.01402173843474665
 0.01256470405463385
 0.01265987281503732
 0.0124870204500096
 0.01240039759499314
 0.01334470629383681
 0.01253229363509431
 0.01233653586629442
 0.01353165329339818
 0.01290251062951083
 0.01355879701670485
 0.01251746877674733
 0.01312236296573695
 0.01325494012843123
 0.01383289419263215
 0.0128687500401497
 0.01330536553356426
 0.01344534951879113
 0.01242862350586152
 0.01293009630209214
 0.01200046457957986
 0.01205146025731739
 0.01242604038496158
 0.01312110600726206
 0.01191056358902539
 0.01191106670052246
 0.01214795278261419
 0.01191936803701368
 0.01172737508499703
 0.0130256971701613
 0.01214989342140499
 0.01239964588064234
 0.01185065620353676
 0.01170046762216394
 0.01216395141014912
 0.0124289272488075
 0.01248192473048714
 0.0119935141168199
 0.01188688026848831
 0.01213905911659689
 0.01180010388261079
 0.01255302295836871
 0.01213460620840613
 0.01242774707890849
 0.01213367571955558
 0.01200246676087513
 0.01205201406158831
 0.01215085238064751
 0.0120621218694677
 0.01178151074193438
 0.01361105784207968
 0.01234262440161032
 0.01183750174434773
 0.01213232444654059
 0.01183565437726374
 0.01198591306192513
 0.01216504532145064
 0.01206945541558491
 0.01230917306406239
 0.01313491455278584
 0.01216041323435481
 0.01191161712527906
 0.01286554364968106
 0.01202792615775352
 0.01206529771267276
 0.01209214879184449
 0.01253187307953528
 0.01222208221614582
 0.01190741994883102
 0.01265145650339784
 0.01203635449023217
 0.01192153510472186
 0.01213497159172049
 0.01337254367355816
 0.01303868111102264
 0.01186653973152834
 0.01212547303026899
 0.01215170034626578
 0.01208244806110635
 0.01231319319874077
 0.01217927982883267
 0.0127754330926537
 0.01193169666281741
 0.01261191228759437
 0.01312154283511289
 0.01226022573310872
 0.0124575602720892
 0.01313007532553273
 0.01249131560918459
 0.01202381707016775
 0.01199815408217657
 0.01213590967176844
 0.01177176425417474
 0.01276924742156479
 0.01168836130469399
 0.01202364166483102
 0.01218489174454567
 0.01193031515386949
 0.01182498263490103
 0.0118597921063581
 0.01225363898456499
 0.01253447556643758
 0.01299438152281824
 0.01347005816796296
 0.01303241766338989
 0.0118494924163304
 0.01326258401503983
 0.01245036518329816
 0.01268690883059227
 0.01216453687990727
 0.01290225661671436
 0.01305024780346156
 0.01192922768762063
 0.01204013762402978
 0.01214103137225675
 0.01233655637222569
 0.01214981575877848
 0.013958718040351
 0.01197348473883961
 0.01229425343428198
 0.01196293320325969
 0.01211595095808902
 0.0122426969981201
 0.01191380989711125
 0.01194510203953099
 0.01215574696370424
 0.01190251874889615
 0.01215091688113565
 0.01179821660973772
 0.01196888219061126
 0.01290385253156291
 0.0118104255475946
 0.01249915653403473
 0.01189002391934249
 0.01183666055521725
 0.01206229333859476
 0.01316952811045782
 0.01297204132779493
 0.01157330985937966
 0.01229553209128409
 0.01167029873709104
 0.01189293819115609
 0.01155066921975164
 0.01239356305220228
 0.01220214269752817
 0.01165234479040532
 0.01228257516487394
 0.01193041162495549
 0.01167511595247545
 0.01272005576485282
 0.01183600535638823
 0.01174378268841177
 0.01196271864154161
 0.01176268826964851
 0.01145068059945238
 0.01232386813417927
 0.01211297658133398
 0.01306098006541435
 0.01084559344984046
 0.01201910454264954
 0.01315889034983405
 0.01289410385550796
 0.01178667204409451
 0.01216876546179946
 0.01189375434260358
 0.01163530528619643
 0.01282531830267503
 0.01273925404331193
 0.01150229430308739
 0.01263129284422554
 0.01155808011215188
 0.01176528410631809
 0.01167217776138621
 0.01172160416392386
 0.01180603630998174
 0.0126048484869154
 0.01266890746347917
 0.01295638586994394
 0.01181948633827922
 0.01210901756318668
 0.01195446948750741
 0.01206255268305538
 0.01203079819452882
 0.01279006815057975
 0.01230349716844659
 0.01201078632228647
 0.01168462262066802
 0.01181758794472789
 0.01171779210301358
 0.01149782209764036
 0.01218020240227392
 0.01133176915905493
 0.0116103073137322
 0.01240251141361324
 0.01180386985166255
 0.01325974515163837
