# Created by Octave 4.0.0, Tue May 28 09:59:05 2019 EEST <li9i@spell>
# name: mean_errors_dft
# type: matrix
# rows: 500
# columns: 1
 0.01311845818552382
 0.01364884010137757
 0.01347749658700492
 0.01420214588259549
 0.01460109520794755
 0.0142553711184129
 0.01337645264109686
 0.01412890288374353
 0.01398300848908435
 0.01401842842711868
 0.01344940331169197
 0.01412142664818613
 0.01432650880170904
 0.01387962750568165
 0.01352771539753124
 0.01444329406452057
 0.01413207040911833
 0.0141554667766851
 0.01346587498009887
 0.01332218626641582
 0.01346441399481368
 0.01358970845986669
 0.01340567573718809
 0.01318121492625021
 0.01322377228206586
 0.01414025444786506
 0.01320732930047878
 0.0134207548351474
 0.0146506526192519
 0.01315825266873975
 0.01321122390479723
 0.01390661847027899
 0.01469864243034788
 0.01347206536261276
 0.01352323079556328
 0.0114915786039482
 0.01322668397463812
 0.01392236016390488
 0.01459402610157173
 0.01324390836393318
 0.0144369600755012
 0.01334440295433889
 0.01352021202787382
 0.01320587833696424
 0.01315654251841884
 0.01424217674928361
 0.01319284370459932
 0.01317829779922278
 0.01311203900183875
 0.0137383418782558
 0.01342942580616845
 0.01345674089375289
 0.01419667457982324
 0.01424921270705438
 0.01376198641279198
 0.01443784254218208
 0.01464035132575092
 0.01344024593529271
 0.01383264098659257
 0.01416788561166657
 0.01317733373831479
 0.0130234247830215
 0.01353376532063136
 0.0139039292244673
 0.01315045140282193
 0.01441556690360515
 0.01360923450342055
 0.0132744818684031
 0.01313591799983438
 0.01320739091735881
 0.01398249065989807
 0.01381785858068395
 0.01350958049756327
 0.01421650259026782
 0.01319474531520571
 0.01343557859508179
 0.01310709177285641
 0.01434961321903566
 0.01382017686374676
 0.01316057580560482
 0.01326328683772735
 0.01450797363900314
 0.01339293613459243
 0.01446889858515038
 0.01359054724612522
 0.01322837117598737
 0.01377118906843524
 0.01419794832898146
 0.01434705814795326
 0.01477990401095912
 0.01314369636839671
 0.01310127483440582
 0.01343810856829818
 0.01345204185711172
 0.01337504286335069
 0.01432128615284935
 0.01335758906865049
 0.01448302968923923
 0.01351177895439276
 0.01325923769016715
 0.01325404468732268
 0.01343199038588899
 0.01327770896646131
 0.01373408330397623
 0.01324509027409071
 0.01322716845626974
 0.0135438487649848
 0.01319386880739913
 0.01328696508217234
 0.01361465974617915
 0.01420806304974167
 0.01440701261980959
 0.01427698921697175
 0.01424105061147495
 0.01469600066981346
 0.01346830341224587
 0.01314597064168047
 0.01335344512696068
 0.01403010765105488
 0.01322389674156263
 0.01323719855739009
 0.01459697206792322
 0.01335814238318783
 0.01414466386871865
 0.01425890261550788
 0.01330876068128428
 0.01251178151169812
 0.01392630759732803
 0.01397820554031229
 0.01434754974736193
 0.0133505849113426
 0.01467935319138576
 0.01417531749997264
 0.01349824499683315
 0.01360520834605972
 0.01332757270734488
 0.0132266540032391
 0.01465385931028242
 0.0137572074045244
 0.01353715081796728
 0.01353070927429667
 0.01332388946874793
 0.01348929232446562
 0.01323715901532639
 0.01320763956541388
 0.01412919436380344
 0.0133720783088028
 0.01424228087334857
 0.01352698754059001
 0.01342598161438661
 0.0132099459953335
 0.01308345227160003
 0.01370943526719783
 0.01387122803670116
 0.0140785382724978
 0.01321696744846512
 0.01332211217743513
 0.01448070833671598
 0.01327503172189992
 0.01352297043002546
 0.01388263345210683
 0.01461836568052654
 0.0146065366598826
 0.01427520147730333
 0.01429143092187928
 0.01342617688846523
 0.01455308067913371
 0.01439576229458663
 0.01336749919281473
 0.0130839170676806
 0.01379265347764983
 0.01439271733579803
 0.01335021890307781
 0.01462913985950352
 0.0131328543201338
 0.01326444339180858
 0.01397583769487484
 0.01318392206121826
 0.01402442635614969
 0.01437043210738435
 0.01458171272853663
 0.01320774760382316
 0.01358981093949289
 0.01346022009742915
 0.01324590346544917
 0.01361033184532579
 0.01316834932040216
 0.01344003578201289
 0.01417716070190481
 0.01405176402757302
 0.01377437866142706
 0.01382101946871019
 0.01362992925784238
 0.01383035056373481
 0.01445924666450556
 0.01413543979695261
 0.01416412237350528
 0.0135651746296947
 0.0131143567996605
 0.01414240057907054
 0.013848977866676
 0.0132183654378699
 0.01418623769074932
 0.01447442873687223
 0.01316212607818046
 0.01345344622025654
 0.0136986053033329
 0.01381991703623551
 0.01338383775101069
 0.01373368644462238
 0.0131890815047479
 0.01406845965100336
 0.01343582505514002
 0.01323037847064575
 0.01321961576554164
 0.01388180042053452
 0.01418654445308197
 0.01319750020099599
 0.01315443357638224
 0.0134795359068603
 0.01315314761946381
 0.01367539815106598
 0.01321072194923367
 0.01425951508885695
 0.01316429736278063
 0.01320128845818152
 0.01341219351936556
 0.01354315977139823
 0.01368430233833601
 0.01339102063512891
 0.0145293362198591
 0.01362733984423645
 0.01338801577903496
 0.01388981795594411
 0.01324609099989568
 0.01323675978487627
 0.0132421639130316
 0.01317063241603285
 0.01382309470104199
 0.01441397279235012
 0.01326557687093071
 0.013429057975178
 0.01412056421238249
 0.01346739905806836
 0.01315652285946508
 0.01398344164074661
 0.01431277378222624
 0.0140317368518572
 0.01350597952386238
 0.01412349437250553
 0.01331747628359262
 0.01348238383735911
 0.01403564861734915
 0.0144663267159788
 0.0144432527669454
 0.01373038574591296
 0.01317004024019933
 0.013261695865232
 0.01325224765598369
 0.01390053953615913
 0.01388422628920164
 0.01365217799639904
 0.01312174800724948
 0.0142641227293565
 0.01470693281141469
 0.01376536480849135
 0.01412116624208421
 0.01471629339257901
 0.01414205209857549
 0.01323891871293573
 0.01380261994670409
 0.0132968362266184
 0.01314164926895956
 0.01425936396250224
 0.01322768135909895
 0.01349609870664215
 0.01331103809646621
 0.01314710698857989
 0.01320278673825402
 0.01343196790721754
 0.01415013893277724
 0.01345462658642232
 0.0142762068325175
 0.01444341893377278
 0.0145020426051762
 0.01355023312149485
 0.01456982066860645
 0.01420144935473639
 0.01397211830294884
 0.01323590696479814
 0.01440201925004967
 0.01445388692957223
 0.01304113969363341
 0.0132550516028331
 0.01387986913730048
 0.0140512484803394
 0.01355794104124938
 0.01462133733335608
 0.01351302672887965
 0.0139539507106844
 0.01316972870076524
 0.01345715289754819
 0.01410657691630059
 0.01349958886415738
 0.01344076787608838
 0.01337830437642178
 0.01348996292616124
 0.01421840887041477
 0.01347147688832647
 0.01321470672841364
 0.01441358441651005
 0.01319109736069714
 0.01382482512909652
 0.01333426047094485
 0.01334158115023007
 0.01386449629625413
 0.01463800715426133
 0.01442450552972725
 0.01325951921012541
 0.01363474980247467
 0.01320549864981509
 0.0137146338112795
 0.01337896183561333
 0.013665548701411
 0.01398628351912275
 0.01349409825378491
 0.01381042597482643
 0.01330467239169638
 0.0133235990809908
 0.01467178717317612
 0.01313671927266148
 0.01344173270588837
 0.01338012876368088
 0.01390865262049614
 0.01339639196301017
 0.01369750976996209
 0.01319742639741535
 0.0145816032839046
 0.01270072033713745
 0.01363486159564757
 0.01455447253242483
 0.01410939144520466
 0.01339576418780606
 0.01417272778728124
 0.01320237292453989
 0.01314235067966054
 0.01455495191272612
 0.01419480344822243
 0.01335095747718663
 0.01374587798771885
 0.0132616465231139
 0.01334580709952048
 0.0132196324662089
 0.01319515668832727
 0.01344898196027237
 0.01427398124204921
 0.01395938950025819
 0.01444648954807072
 0.01316646664776922
 0.01375151318320844
 0.01384747302854814
 0.01380468987090413
 0.01387760440286996
 0.0142613615341065
 0.01396845678785338
 0.01317411518910743
 0.01326906317480917
 0.01341652016927238
 0.01316104724554841
 0.01340178433785593
 0.01420094131246371
 0.0133482290192063
 0.0134121128183372
 0.01392304780847298
 0.0136813981693654
 0.01454725322033623
 0.0132170976060525
