# Created by Octave 4.0.0, Sat Feb 26 14:31:56 2022 EET <li9i@spell>
# name: mean_trajectory_errors_dft_i
# type: matrix
# rows: 2038
# columns: 1
 0.009442070744474472
 0.003489742269934462
 0.004883095478940558
 0.007248960054210191
 0.007615863136764647
 0.0105470594267153
 0.005805366942881955
 0.007379240476257646
 0.007284445050781539
 0.008739519114303731
 0.005527627844803261
 0.006586190456710272
 0.006843825341295953
 0.008877978662804556
 0.005792309031327762
 0.006455048376464314
 0.006355719333917111
 0.007114040119956297
 0.005254173874306749
 0.006379605369814386
 0.006724261467264976
 0.006907519540758012
 0.00590161705357067
 0.006586683193468473
 0.007067665341415625
 0.006921961445212193
 0.005967674571553583
 0.006382324909206181
 0.00745581612000908
 0.00748702182207807
 0.006737404458942171
 0.007431663211934805
 0.007649747638123493
 0.007194831692748748
 0.006939558169718857
 0.007647933095832461
 0.007918993489758483
 0.008519759822483665
 0.006569542887347934
 0.008254076061762362
 0.008369445789519061
 0.008329281822556132
 0.007750210597702415
 0.00838166386949107
 0.008727213371614587
 0.009089847382857836
 0.006622292298568373
 0.008196829342080774
 0.008577150795468912
 0.008608249399651061
 0.006829755945331298
 0.00850615575322437
 0.008706419230656546
 0.007795611790195093
 0.007653601377996311
 0.008448719124180916
 0.008757712210098245
 0.008734904981190618
 0.006639534274384575
 0.008933400074533179
 0.00914097379791199
 0.008784007153117484
 0.008153516923549198
 0.008899755777490869
 0.009320443832275893
 0.008950218010314296
 0.008071784331133449
 0.009117068466205098
 0.009432697852532129
 0.00951364885030466
 0.007976432339269878
 0.009063658304149479
 0.009492581215926525
 0.009749092845520269
 0.007765457121688284
 0.008653443787582881
 0.00891206057404037
 0.008726522226269608
 0.008110674535725454
 0.00857622616901596
 0.008882823256423611
 0.008841441383935406
 0.008261945270366996
 0.008679872783011765
 0.00886496450370451
 0.0088433076832337
 0.008398757984209072
 0.008326441600593643
 0.008949986877524867
 0.008599007535937328
 0.008084752020417568
 0.008723692682988549
 0.008836530717400981
 0.008716380014564127
 0.007998092541001128
 0.008222156072929542
 0.008742788905687658
 0.008775083886544799
 0.007673979721962612
 0.008573942898917566
 0.008706458780538507
 0.008263703215244011
 0.008170641848129621
 0.008766637956770339
 0.008929510207050668
 0.008617214437346886
 0.008412364133138086
 0.008769056970354794
 0.009112979617136772
 0.008439490442989517
 0.008503804088460173
 0.0087675426004794
 0.00923232447937811
 0.009063741681632966
 0.008378045047708775
 0.00898071744433831
 0.009338026286641977
 0.008760656652176298
 0.008332351088052461
 0.00900469224988891
 0.009292359973498046
 0.009543812422257282
 0.008837692626658337
 0.009171681699157344
 0.009869252602943676
 0.009471926397438355
 0.008697807279632562
 0.009338619781342265
 0.009696718198234934
 0.009502929153568131
 0.008930340287544816
 0.009432856754312501
 0.01020969052627655
 0.009985500019024615
 0.009213610770432014
 0.01007178085753763
 0.0103756485029411
 0.009671746401414572
 0.009253639826218876
 0.00940308673529339
 0.009961714504974167
 0.009546298144768409
 0.008871447313459811
 0.008630034900636272
 0.009755604714002296
 0.009186165522270372
 0.008718886939870316
 0.008763047331990449
 0.009088272027922867
 0.009584287735744115
 0.008959697364021846
 0.00880842343062541
 0.009537226809038469
 0.009826432184060135
 0.009413330960106527
 0.009171237661961486
 0.01008658731339674
 0.009869460757410069
 0.009438687421479136
 0.009397213004610541
 0.01000620470653261
 0.01005458690822209
 0.01001546043228548
 0.009528810658304257
 0.01011328171516064
 0.01065117688525022
 0.01024070697928771
 0.0101247060067221
 0.01046804883397623
 0.01081895052711289
 0.01019901211804068
 0.0104933454509504
 0.01086494218462856
 0.01108825963513672
 0.01076192445805808
 0.01086770023085185
 0.01107082533209135
 0.01112285835652769
 0.01121826663769821
 0.0111414456978536
 0.01127978790354271
 0.01158530187279724
 0.01138688528369002
 0.01125959449740043
 0.01156319524805877
 0.01172454185886862
 0.01179693091732227
 0.01186265873074716
 0.01180571969358483
 0.01182586918799546
 0.0117569631150167
 0.01184535933207293
 0.01160391065012122
 0.01227145271120472
 0.01233851403920146
 0.01186230660223025
 0.01182242305184613
 0.01204156166249777
 0.0117245707108458
 0.01207071441996257
 0.01192924528417542
 0.01200741417146465
 0.01196252306088717
 0.01192692284873328
 0.01137465315066339
 0.01192403037301496
 0.01232104613887905
 0.01223421628363856
 0.01244984401331971
 0.01236496250944763
 0.01269810057775122
 0.0120191472893255
 0.01214642572713635
 0.0123436669500482
 0.01256712905429224
 0.0122006728064655
 0.01289241998721347
 0.01250545517610974
 0.01244817944710094
 0.01226957498689031
 0.01247143542636391
 0.01268267859396897
 0.0131606882589269
 0.01244224105489207
 0.01249529689153741
 0.01324482317509805
 0.01278649367164028
 0.01232140032171372
 0.01232166349136734
 0.01257766386836849
 0.01214107192011305
 0.01275418400944042
 0.01241716343209122
 0.01277965943725397
 0.0122000406861189
 0.01229215355833314
 0.01258657394047606
 0.01201377804959401
 0.01234012594201037
 0.01304959765480291
 0.01249115382689758
 0.0128433331364689
 0.0118798620735356
 0.01287758514871791
 0.01255453985412056
 0.01182136605739261
 0.01254574218411508
 0.01243688581990927
 0.01303491886455598
 0.01224049986444587
 0.01259181034174823
 0.01190980125968601
 0.01345509869980985
 0.01272363110968232
 0.01226754182377239
 0.01238190479733728
 0.01321109959817311
 0.01205283694037346
 0.01134474789289476
 0.01165911471079223
 0.0120137577020429
 0.01212960583228948
 0.01175464475205485
 0.01049099826728516
 0.01151822006274756
 0.01195442496018013
 0.0110756308393767
 0.01106113633231412
 0.01194030409803329
 0.01072328865435897
 0.01012790345619341
 0.01115250337525337
 0.0107652592100671
 0.01104090890727033
 0.01107127387132168
 0.01143173875770771
 0.009841706786622932
 0.01193101737437988
 0.0109382654290387
 0.01107359131454697
 0.01071391896536405
 0.01097310694131831
 0.01112932147548843
 0.01118994976112273
 0.01101154621395836
 0.01081637867613663
 0.01059860737061315
 0.01179632975706264
 0.01060034387963207
 0.01156388995618099
 0.01046750096540215
 0.01231269157494272
 0.01131111135826243
 0.01053479100898803
 0.01095754751286805
 0.009625924962684579
 0.01137378935733672
 0.01148773723212454
 0.01029989686752034
 0.01070116589729917
 0.0102554994858759
 0.01210526137695198
 0.010602426664563
 0.0089816190136148
 0.01007887584723135
 0.01238610946244002
 0.01152014686016065
 0.01012166041666092
 0.01067954896901087
 0.01154776098029021
 0.01291167664548161
 0.009891491480385633
 0.0104463640896951
 0.01083014268957426
 0.01273996183147033
 0.01082082048461483
 0.01033051694768285
 0.01083421263346356
 0.01313171270181988
 0.01040051515451279
 0.009961072119380014
 0.01103287377508509
 0.0133511343964535
 0.01184014975941039
 0.01008395233784619
 0.01118606581977005
 0.0126972140496816
 0.01179581638255627
 0.01042160724654878
 0.01047932625436774
 0.01232401425597107
 0.01070533994193421
 0.01086483031179108
 0.01072219615234819
 0.01103627436593138
 0.01133398528794701
 0.01100763586809243
 0.01121539262781311
 0.01129104097352109
 0.01063442827891998
 0.01043880547521653
 0.01003526801762941
 0.01074356454267137
 0.01118216056532872
 0.01133497565021307
 0.01039633588204341
 0.010893776519257
 0.009835975345059393
 0.01126676680994331
 0.01113516032189878
 0.01121316153518841
 0.01131995188084046
 0.01153062915768641
 0.01034440238726868
 0.01139726625634128
 0.01184993482547228
 0.01101510151125465
 0.01111184134274745
 0.01116651459437041
 0.01084868293386748
 0.01101943391022689
 0.01169539852496993
 0.01084716191014556
 0.01154788963320104
 0.01105502851976296
 0.01243843254491872
 0.01042834249081488
 0.01090338226955774
