# Created by Octave 4.0.0, Sat Feb 26 14:45:09 2022 EET <li9i@spell>
# name: mean_trajectory_errors_amcl_i
# type: matrix
# rows: 1336
# columns: 1
 0.0457318826745416
 0.02180022282249336
 0.01017966649696917
 0.007578860560054094
 0.01344220050260424
 0.01210301267603038
 0.006422682328594751
 0.007845062930864663
 0.008724829915912715
 0.005317895703399852
 0.005979831485196025
 0.007986887100576961
 0.01010733330051564
 0.01174950262809053
 0.01160572978113677
 0.009462831790363087
 0.008352326652352148
 0.008289433932729129
 0.008166810627102873
 0.007661510742569372
 0.006545868219921005
 0.008511154191726086
 0.008785969434760753
 0.009708201355839699
 0.009429965482194186
 0.009264066106845032
 0.01048941845793536
 0.00915255723486926
 0.01012118596802743
 0.01118847258986299
 0.01006613899394393
 0.01000546836350567
 0.01120973773106785
 0.01104077032883755
 0.01094491362259736
 0.01119368005209347
 0.01155474962260324
 0.01215931388456718
 0.01081825920331598
 0.01019710756886332
 0.009329971214032021
 0.009051204078967052
 0.009693237926456464
 0.009415204444781548
 0.009400372439576692
 0.009823966853970013
 0.009597906346328023
 0.009747999096864423
 0.009752615125103919
 0.009678677457520227
 0.009657249501537131
 0.01036296046005022
 0.01073549411926566
 0.01032297852152194
 0.01072397352927096
 0.01042214328298842
 0.01054060909008579
 0.01115470117741718
 0.01074859049813644
 0.01115570551454527
 0.01130125816402054
 0.0108555157985808
 0.01075633364491279
 0.01163024642981347
 0.01163581945565394
 0.01152152628123443
 0.01182108838320815
 0.01159368955217086
 0.01133010124570182
 0.01171515891067849
 0.01216246466226159
 0.01186018382644663
 0.012222082039671
 0.01244454894275929
 0.01216570083355555
 0.01245638007391786
 0.01255860130504547
 0.01206806459896771
 0.01283482109920725
 0.01262465387086367
 0.01280649771408942
 0.01314925865477836
 0.01347744325984939
 0.0124619460921466
 0.01399588751529332
 0.0136137400519078
 0.01317874534151161
 0.01438753146974333
 0.01380326046375947
 0.0137006452865576
 0.01429444364459888
 0.01416662504766868
 0.01331840619013058
 0.01466309230496961
 0.01380612382707046
 0.0131422384515182
 0.01432447146917712
 0.01449079990746837
 0.01350368251055538
 0.01429644183753338
 0.01487682928117321
 0.0136572896079611
 0.0146364473572586
 0.01434283633301094
 0.01271484255705293
 0.01433503376705514
 0.01391252963284417
 0.0130918139604537
 0.01394761130256507
 0.01379048728979888
 0.01379088138105866
 0.01291406073132193
 0.01345907169848763
 0.01237381773839771
 0.01355250884871726
 0.01355059871853582
 0.01330462520063138
 0.01366745969218523
 0.01287022525425997
 0.01408660483655202
 0.01313796040179957
 0.01253347904411115
 0.0127298798883557
 0.0117200686744118
 0.01299279916467364
 0.01249992828390741
 0.01358386848672305
 0.01206555214914512
 0.01289263081646544
 0.01208187416623252
 0.01282261229298621
 0.01228635364667093
 0.01228278440979744
 0.01131943746415731
 0.01178957818259452
 0.01206707479675446
 0.01189225963353054
 0.01145939903523354
 0.01333497940932336
 0.01151241894591297
 0.01286715837959781
 0.01238406842947617
 0.01299079667288939
 0.01260990552197357
 0.01304371317406561
 0.01197267109334944
 0.01179981379357254
 0.01381626365729209
 0.01200403359293489
 0.01271339876659482
 0.01279006722425498
 0.01350182998665502
 0.01387462211396414
 0.0136424823849687
 0.01315639155957716
 0.01323941156454201
 0.01339742398295885
 0.01211354861746357
 0.01297862698174061
 0.01356758967539204
 0.01292313357578145
 0.01340505277007241
 0.01181645958233639
 0.01317389577931813
 0.01308879465365216
 0.01208438564919712
 0.01354587838181117
 0.01293603108587981
 0.01331990100361776
 0.01325996161777902
 0.01307028665096488
 0.01271024444034757
 0.01219975955993133
 0.01301704578759222
 0.0135510802077406
 0.01271784529705576
 0.01237306157171472
 0.01243163143034806
 0.01243579980986897
 0.01368220567871176
 0.01184698306669583
 0.01250882504201854
 0.01244783583746954
 0.01285091754893404
 0.01330089389671472
 0.01194068422033726
 0.01292559620980162
 0.01333362280652144
 0.01294862643666929
 0.0132866603934408
 0.0134609039599172
 0.01206267385761025
 0.01322946223357325
 0.01264444504118264
 0.01238109547933262
 0.01330986209498789
 0.01257782588916704
 0.01299731512084509
 0.01124312353788007
 0.01378939211052523
 0.01355268346068771
 0.01170560023665278
 0.01324192202929996
 0.01335279532453784
 0.01310399292702431
 0.01302922073307692
 0.01294115206618254
 0.01356329088168323
 0.01340775859179963
 0.01334436554858642
 0.01252924905488107
 0.01322873257215335
 0.0128440194415976
 0.01293245455530775
 0.01298321411454021
 0.01337207301886368
 0.01215442028921858
 0.01277214943787361
 0.01391345985844933
 0.0128767920183472
 0.01290579291828668
 0.01426551147555123
 0.01248682532590125
 0.01414015504698763
 0.01452564701645101
 0.01291981349987188
 0.01418934658602745
 0.01399123573143494
 0.01416487224177912
 0.01381458927939539
 0.01387180208738011
 0.01373608472097806
 0.01368872638110835
 0.01371166716345927
 0.01409905265002621
 0.01363077622073102
 0.01433415553847063
 0.01399029975415605
 0.01412483934813
 0.01487954438208699
 0.0133141377336693
 0.0130680115693747
 0.01501557170138092
 0.01502239498094509
 0.0148291779400625
 0.01395640985593658
 0.01435642778415757
 0.01422690037621494
 0.01427246207624751
 0.01397710133163007
 0.01429046639363209
 0.01485281703425284
 0.01406694489742219
 0.01407827839117015
 0.01422111060825137
 0.01509342323423185
 0.01485099252369101
 0.01478070984905872
 0.01453801307792024
 0.01421802661370164
 0.01488230958045436
 0.01426381315020854
 0.01479947449597616
 0.01485208374100006
 0.01473093102991811
 0.01498193110362829
 0.01436354194463732
 0.0144970889813326
 0.01401415818907123
 0.0155400506560842
 0.01464314714819509
 0.01495872780843461
 0.0151763420765141
 0.01473785445679521
 0.01511164275231192
 0.01532656376999791
 0.01549662810852907
 0.01450200893625246
 0.01473644768692674
 0.0144421084987723
 0.01443481115574572
 0.01504877903443629
 0.01530914055940723
 0.01530210644163196
 0.01508924818421535
 0.01561035455870398
 0.01615734060173806
 0.01518913252217758
 0.01582288476572664
 0.01611025393546294
 0.01545868971335697
 0.01548892855846205
 0.01537701680246965
 0.01524811163866408
 0.01470790461832244
 0.01522385575754594
 0.01478452904128997
 0.01553169580638796
 0.01476109442974848
 0.01576225415983801
 0.01537198325071091
 0.01567287677680365
 0.01589384681342547
 0.01553321380353409
 0.01580607450701128
 0.01608974411811049
 0.01545007525163077
 0.01533809109326342
 0.01480201070525737
 0.0152316950145611
 0.01521925541253547
 0.01501381782609388
 0.01552060352692448
 0.01530915166166419
 0.01629981711563546
 0.01523166142267561
 0.01564254591848819
 0.01536590476033746
 0.01616547310288164
 0.01617301379668171
 0.01515383241858012
 0.01637286341078724
 0.01382940806794012
 0.0152486452135989
 0.01603424567787519
 0.01459990558226482
 0.01426278241468457
 0.01541600926869477
 0.01446984314340341
 0.01458089196574187
 0.01556996483799942
 0.01480891124378707
 0.01504845939825471
 0.0152397408003582
 0.01461482737085205
 0.01504187970151152
 0.01510362515869716
 0.01477712270351778
 0.01485852625108402
 0.01523501842751382
 0.01485495912048315
 0.01442524632531438
 0.01512536485302777
 0.01591795697642484
 0.01498788597972928
 0.01506501126836603
 0.01556302942998537
 0.01419177211939716
 0.01518245346617241
 0.01533436937612223
 0.01507578587726899
 0.01457149350469115
 0.01476669919235431
 0.01488544432038423
 0.01502625298390296
 0.01494970780814938
 0.01497434965199906
 0.01411435422974481
 0.01409941052777201
 0.01438712935783261
 0.01389065566999036
 0.01348872786841119
 0.0141366158215441
 0.01440895900506873
 0.01426431435250426
 0.01405156506433302
 0.01410463071145569
 0.01385212644221424
 0.01395816605366396
 0.01388318335313271
 0.01404336052828438
 0.01468835489998892
 0.01422290092210859
 0.01493239756420449
