# Created by Octave 4.0.0, Sat Feb 26 14:48:08 2022 EET <li9i@spell>
# name: mean_trajectory_errors_amcl_i
# type: matrix
# rows: 1337
# columns: 1
 0.04002311849075366
 0.02406073997118542
 0.01065579413086022
 0.008177500571527451
 0.01205445094464123
 0.01224696527936421
 0.007498720326525016
 0.007294811819851703
 0.008685228292865733
 0.00599649615192418
 0.008166010531951269
 0.008677706309513006
 0.01003108005228978
 0.01244757762352944
 0.01077732090323007
 0.0110590557771741
 0.008759404680705459
 0.008687218137755765
 0.007585724851881859
 0.007357063718186824
 0.009107527319962332
 0.00972464996662689
 0.009567041060072654
 0.0100119042016792
 0.009796925641935319
 0.01019338717418966
 0.00984132142026352
 0.0100787318095041
 0.01151813009324152
 0.01068961707428197
 0.009574199088158243
 0.01009016766042493
 0.01059420830678571
 0.01062430009934485
 0.01184223931491772
 0.01150375630387774
 0.01167371404584601
 0.01124982276257318
 0.01039644970144745
 0.01060524481180178
 0.01018299927291222
 0.009496472853030926
 0.009899001724296606
 0.00954417848500002
 0.01003149622499373
 0.01030674048366035
 0.01034408448485199
 0.009921421914452193
 0.00996236064560535
 0.009890406779462742
 0.01129931998754798
 0.01034373526703485
 0.01020501438041583
 0.009861514032726847
 0.01058651519466479
 0.01109609773772388
 0.01156001179288028
 0.01037386371006152
 0.01094161336408377
 0.01126556840486764
 0.01175216369473466
 0.01143944545271289
 0.01169851806831663
 0.01140627562943576
 0.01167322788957126
 0.01252934116942071
 0.01213112243100009
 0.01164972973892609
 0.0118601702918848
 0.01188114263091574
 0.01196929461657427
 0.01287467974870441
 0.0123664552767982
 0.01240262930188752
 0.01271209017743364
 0.0133810410109354
 0.01274890952838486
 0.01262069123997588
 0.01269538082597252
 0.01272028419715169
 0.01363552109921811
 0.01366133264271755
 0.01336048969143946
 0.01335996038292125
 0.01340635652120521
 0.01386132730572862
 0.01419500041460409
 0.01346296958808061
 0.01392224087667118
 0.01386150820049048
 0.01415019905079189
 0.01357101585435404
 0.01379774366360192
 0.01333946844797012
 0.01313260216378644
 0.0139157540882519
 0.01331914930344687
 0.01315717275529652
 0.0133987375940273
 0.01369218361904804
 0.01401527074870942
 0.01412860112431887
 0.01339514782565789
 0.01372826326899553
 0.01356313425130393
 0.01297985000016792
 0.01266740032837197
 0.01224066500655141
 0.01342341471599333
 0.01340584112859938
 0.01338390921386119
 0.01267970810357143
 0.01360074390336653
 0.01341655809549865
 0.01294809478581609
 0.01370308271956394
 0.0141184783472263
 0.01310339487917485
 0.01438634789570173
 0.01337447852032989
 0.01260835059851698
 0.01325654875687676
 0.01264512259949609
 0.01319498624011703
 0.012607325971514
 0.01428683324831396
 0.01324447788324129
 0.0132071059510425
 0.01260160837134902
 0.01241968920443562
 0.01224859302987303
 0.01263633965219361
 0.01260640077403309
 0.01220539411993669
 0.01217835518198808
 0.01304319020962725
 0.012840485024131
 0.01188893570822241
 0.01282975468061649
 0.01193036330162399
 0.01258574719991666
 0.0121156554728018
 0.01255374307962031
 0.01204200843900318
 0.01217666143266105
 0.01245746011235128
 0.01241663711522531
 0.0122069868515763
 0.01250279980777315
 0.01267609178921448
 0.01180475034097494
 0.01284448240965589
 0.01309775357633189
 0.01300568979865183
 0.01390714898927725
 0.01300484632016251
 0.01246575238713955
 0.01282145782667834
 0.01213547368032904
 0.01319939531237437
 0.01230576970122203
 0.01264856459166557
 0.01382082160144096
 0.01291296271084613
 0.01241454649072815
 0.01404535192595181
 0.01178052237302105
 0.01262717422485503
 0.01284450561804512
 0.01298456218133046
 0.0131631041526552
 0.01373257686285417
 0.01362121511614534
 0.01275422045143515
 0.01307080235844379
 0.01240406766362153
 0.01276914141682743
 0.01350045275291316
 0.01269094376632031
 0.01323441054393681
 0.0133860097927931
 0.01352747574431077
 0.0134399758066023
 0.01337910724968256
 0.01362040123396694
 0.01219922211244782
 0.01217382528332683
 0.0131817339244918
 0.01296249267072905
 0.01272016983703371
 0.01202752415800465
 0.01220553341205271
 0.01169069761882417
 0.01220827549410234
 0.01297232158569411
 0.01244605299965286
 0.01283556309982032
 0.0126010710676515
 0.01165689220795667
 0.01299402590293814
 0.01331636061821738
 0.01263713257687886
 0.01269473794445398
 0.01378101778746203
 0.01205004661498039
 0.01288391691719489
 0.01325972525242004
 0.01216777375878107
 0.01248691549175635
 0.01239939667205455
 0.01337381564580619
 0.01326080653917338
 0.01359545210281081
 0.01382376509258667
 0.01294903614232357
 0.01432272286306333
 0.01316340164709594
 0.01278243415163665
 0.01330386027875907
 0.01374726379291162
 0.01251265069753208
 0.01360113461818422
 0.01359285556376236
 0.01351182927351353
 0.01373802737193728
 0.0135395622522641
 0.01330511498943406
 0.01346159985669201
 0.01379632320316133
 0.01258637909967429
 0.01405433086497984
 0.01377338171640219
 0.01277235342438405
 0.01329985585281353
 0.01413185869708481
 0.01348217219021165
 0.01418867682815777
 0.01455085512152875
 0.0139727660713278
 0.01342044466585517
 0.01554592389995107
 0.01507378006063922
 0.01476783442998634
 0.01420090185898852
 0.01427869217283309
 0.01521560211058207
 0.01491147155152187
 0.0145635767948331
 0.01436308708437185
 0.01482427250223133
 0.01539971488627767
 0.01500744912844328
 0.01441353513256532
 0.01518110722583316
 0.01516899531587008
 0.01518924260295951
 0.0156376283610796
 0.01473357148108196
 0.01496869537323782
 0.01607552088766643
 0.01507513379537596
 0.01398064459323871
 0.01523833734210688
 0.01478351975815525
 0.01521231146135163
 0.01505984230156105
 0.01458379265867818
 0.01491743443351696
 0.014747336755788
 0.01442034664574709
 0.01603919998684403
 0.01476528025095702
 0.01516027147993952
 0.01532802464723003
 0.01546167168822059
 0.01515721584994384
 0.01554284319503194
 0.01498584091770514
 0.01582612661896128
 0.01509067051782443
 0.01613290107854135
 0.01578793736715051
 0.0153670056375299
 0.01547439143904835
 0.01512023427392879
 0.01570584205376976
 0.01572879736228055
 0.01568388973915007
 0.01568849924677183
 0.0152251899627651
 0.01545269990993824
 0.01506307031668736
 0.0152454509109038
 0.0159052672893271
 0.01498490148181903
 0.0154793500270348
 0.01634374953429339
 0.01498478917870299
 0.01584535917181706
 0.01625462928940685
 0.01535537507820576
 0.0150815520622837
 0.01520441769270196
 0.0161992975789829
 0.01582875434443562
 0.01601792265091506
 0.01532727889407514
 0.01540086618636914
 0.01568597321591105
 0.01472727326997405
 0.01588506814090788
 0.01563468041832287
 0.01616998249006123
 0.01559863091433318
 0.01510640545168056
 0.01661378244657589
 0.01610755376326548
 0.01602369636577187
 0.01599622786258367
 0.01588789200234362
 0.01618591460001632
 0.01545431118007238
 0.01507258842815409
 0.01618528403193193
 0.01615633026341285
 0.01526706425955431
 0.01561814532056194
 0.01535694592726532
 0.01542399222544703
 0.015686319780533
 0.01489829774307965
 0.01460202834088208
 0.01345924933555202
 0.01485034505183263
 0.01438834702120233
 0.0137148592410192
 0.01456496253104482
 0.01468025503774733
 0.01500626253487748
 0.01424982387060225
 0.0151462988033259
 0.01485953908325158
 0.01494078883266413
 0.01502610072278035
 0.01541021036863829
 0.01550366078795784
 0.0147968162100734
 0.01521936400109184
 0.01531562719269866
 0.01531611622945697
 0.01577927639557632
 0.01410214989169679
 0.0146536991766728
 0.01522607907164962
 0.01531207013904305
 0.01477597227269069
 0.01383850084924406
 0.0141715841018953
 0.01439212714307215
 0.01395106703105623
 0.01503602225944549
 0.01395473974554482
 0.01374665948866111
 0.01347883149739823
 0.01396631299761896
 0.0139368916475293
 0.01385664262775515
 0.01478375620648614
 0.01391524428483814
 0.01363135492726319
 0.01465724105760438
 0.01442832850419444
 0.01418306977548536
 0.01481717248320882
 0.01498986036287893
