# Created by Octave 4.0.0, Sat Feb 26 14:35:22 2022 EET <li9i@spell>
# name: mean_trajectory_errors_amcl_i
# type: matrix
# rows: 1337
# columns: 1
 0.04589154470458831
 0.005390709245326569
 0.009181259379274343
 0.005631671979780472
 0.01146832504197282
 0.01165196309642322
 0.01033558454896286
 0.01117743510291071
 0.0097246554541345
 0.01087288123219358
 0.01194579463479857
 0.01108295041163664
 0.01216829783197271
 0.01234821807667122
 0.01198538936549046
 0.01239331287158408
 0.01199077091200296
 0.01231145016967894
 0.01283025688822345
 0.01107185330706375
 0.01278606421495103
 0.01179578139194169
 0.009586116198446244
 0.01235940104885542
 0.01229222809481014
 0.01200345282272092
 0.01177388622777156
 0.01214527268490502
 0.01248882025377009
 0.01193620428717681
 0.01233471485282693
 0.01226618075840487
 0.01286172869291767
 0.0125677663384893
 0.0132871739650223
 0.0135071402104972
 0.0131260622916088
 0.01373889618062754
 0.01238536982132332
 0.01168434992978747
 0.009881346011508141
 0.009470905164025939
 0.009822958991484252
 0.009683553024260648
 0.009757133854617055
 0.01004714429002642
 0.009811038219632601
 0.01022480726330876
 0.01063410060708372
 0.01036930208099071
 0.01074993914302517
 0.01025055402419019
 0.01068808587226108
 0.01085625869423868
 0.01084058051878775
 0.01056447667573017
 0.01108464996475967
 0.01111495116737981
 0.01149737559542359
 0.01161323870205844
 0.01137599768837821
 0.01155181455490945
 0.01156796231903321
 0.0117912237044269
 0.01204400390849329
 0.01215319246409602
 0.0120202436153789
 0.01222394897792707
 0.01211224287613521
 0.01268064539731573
 0.01255581763495502
 0.01245535271794891
 0.0127293270262668
 0.01259112199026008
 0.01250263094626563
 0.01311341080853443
 0.01270107407069374
 0.01319712355406786
 0.01299606460445395
 0.01324091760170441
 0.01306311110514732
 0.0133743555534764
 0.0127636351132637
 0.01389603425640887
 0.01402256941333564
 0.01317278075718573
 0.01350685226408076
 0.0136386951606209
 0.01449847239774842
 0.01370860514315216
 0.01438151567391581
 0.01440523102307415
 0.01424217323134888
 0.01404433806064728
 0.01418920031790425
 0.01371611872024369
 0.01498126879752785
 0.01433052268883076
 0.01389871936420975
 0.01406011779709583
 0.01416521153975067
 0.0140657050068037
 0.01437707581844275
 0.01475920419522255
 0.01465563128724672
 0.01521413577165556
 0.01340790745935476
 0.01244097170116885
 0.01421029353855245
 0.0131415004801054
 0.01481683615387912
 0.01398167769809811
 0.01296731934569477
 0.01350980455264497
 0.01395331654592094
 0.01242847150716237
 0.01195008395755347
 0.01390633832998914
 0.01260066243845411
 0.01396637541800907
 0.01346473319490315
 0.01287063605986942
 0.0124435200022872
 0.01185281968273663
 0.01375283068661132
 0.01363762142703123
 0.01068693894700848
 0.01410873067474176
 0.0124634446288322
 0.01109022666184404
 0.0128190035409032
 0.0118864021690797
 0.01114228168301616
 0.01203847815050213
 0.01198397207600263
 0.01130603851567271
 0.01224701350469904
 0.01319085557619518
 0.01003885410907283
 0.01222573370952873
 0.01291190658700454
 0.01099474268088137
 0.01203602531897521
 0.01223346223588345
 0.01180611756939401
 0.0129246865760966
 0.01455097657244426
 0.01309948876270012
 0.01262941334402537
 0.01345991643509567
 0.0128757890541449
 0.01279294478213935
 0.0129931303976363
 0.01375586127380244
 0.01208398975490392
 0.01191578760637927
 0.01361688094182917
 0.01167083243267599
 0.009511516948417838
 0.0129782192865915
 0.01230162112862457
 0.01279609038737608
 0.01299940829426076
 0.01252650491267197
 0.01150364746012368
 0.01290588026842457
 0.01378639107401641
 0.01134166322797011
 0.01282328250452874
 0.01359800915097096
 0.01253161491839265
 0.0132304583200518
 0.01198407251993611
 0.01046843487956841
 0.0108552660433341
 0.01338638382770559
 0.01388670910175848
 0.01291950504121701
 0.01378065975626873
 0.01267694839717938
 0.01226586038140191
 0.01402259170756765
 0.01197870289929948
 0.01160901396416474
 0.01165131100883207
 0.01268394843826364
 0.01134747760724297
 0.01086088992676101
 0.01389548608137977
 0.01156289137481013
 0.0122141264244619
 0.01362285068799031
 0.01222543697569431
 0.0110759992555157
 0.01376510522551267
 0.01116624468263527
 0.01194158600886471
 0.01422955282444384
 0.01288018841341888
 0.01208661467145071
 0.01422412949960502
 0.01185949360653757
 0.01193477230101008
 0.01261853221163129
 0.01317851900807956
 0.01251208720258168
 0.01240821984545368
 0.01291935114210748
 0.01276810749151508
 0.01261308085845475
 0.01280162027002826
 0.01435736628130116
 0.01313990156654092
 0.01392953036652436
 0.01362541032758832
 0.0135387563234341
 0.01492430616352843
 0.01229979521335918
 0.01410605864764778
 0.0141356161235307
 0.01289588155197599
 0.01443093808529011
 0.01309683596736678
 0.01181319204815339
 0.01323121059648279
 0.01252381353433754
 0.01313340505221877
 0.01412510954127544
 0.01438704892461371
 0.01345170694690155
 0.01499748269282471
 0.01368228532024438
 0.01452079800136306
 0.01566056921531835
 0.01474739652057598
 0.01484959412141154
 0.01454246432296347
 0.01461696315769113
 0.01422025754810992
 0.01532928989436791
 0.01481247357866197
 0.01333096852243395
 0.01573958214389201
 0.01566851953368749
 0.01354644362442854
 0.01390102834325225
 0.01584925555707821
 0.01475219212815794
 0.01464338905737086
 0.01443986691063404
 0.01489264905002983
 0.01461184135338105
 0.01521028900507243
 0.01540229073515813
 0.01590672766317253
 0.01532868155941188
 0.01473669977394006
 0.01538564886004175
 0.01561930257433017
 0.01639687101865883
 0.01435487718493081
 0.01503873045005942
 0.01531736651185999
 0.01522147684606822
 0.01468222408595645
 0.01518012159622787
 0.01720642431614334
 0.0147710632800456
 0.0156080050978313
 0.01552094434502375
 0.01362791659946913
 0.01546148885112677
 0.01483533322255981
 0.01478817946257612
 0.01666849340981656
 0.0150597434299749
 0.01637650116687938
 0.01424335470720286
 0.01409433916133942
 0.01654860570970086
 0.0152604520170706
 0.01590464470302676
 0.01528710515395013
 0.01552175945771693
 0.01657478234360818
 0.01619017494783043
 0.01646261897009957
 0.01527895955944008
 0.01572040912847121
 0.01476200903361469
 0.0151290706719343
 0.01640958848900983
 0.01510049145732228
 0.01625500040662445
 0.01669892925618838
 0.01444556180869511
 0.01729127518097889
 0.01467252745119525
 0.01395847211792107
 0.01696419762212525
 0.01538299806299705
 0.01488006949952349
 0.01727417403826693
 0.01563732321360235
 0.01664155110212353
 0.01580163729843613
 0.01664984277658391
 0.0171015160038958
 0.01481565101377626
 0.01660616052897439
 0.01567551490465372
 0.01482198537465203
 0.01463334181593794
 0.01644067730652679
 0.01493951858613306
 0.01614474850128295
 0.01711638884045857
 0.01272062334853159
 0.01550300712409643
 0.01730236566235834
 0.01336802554892287
 0.01473730793488995
 0.01518129949373023
 0.01481017585548468
 0.01708255918363779
 0.01487915934630232
 0.0152022675613403
 0.01708929367478317
 0.01422941481051145
 0.01364724351171478
 0.01425746169228729
 0.01598011989044665
 0.01423456882968798
 0.01474386292122472
 0.01528578585896696
 0.0144090466957217
 0.01381925712052028
 0.01425262599636592
 0.01493157400668985
 0.01319482323407693
 0.01386017509747821
 0.01469762668727966
 0.01416898179855619
 0.01462631892498637
 0.01358205662751034
 0.01440799989419358
 0.01526397580087611
 0.01434808405204772
 0.01375750347736333
 0.01436693486942064
 0.01251430685941987
 0.01332049249771025
 0.01300354027917773
 0.01234707596755718
 0.01577168725087408
 0.01418614657480703
 0.01344031409980801
 0.01477081695848509
 0.01510892103099767
 0.01388589804346839
 0.01337680399821592
 0.01424293652153519
 0.01489207725077511
 0.01378714597387637
 0.01323919138205736
 0.01501422501297368
 0.01448132776827512
 0.01419758358364475
 0.0144546065320006
 0.01378783849058951
 0.01363959536564207
 0.01504426343032603
 0.0141157418058767
 0.01411566256856208
 0.0144795903966363
