# Created by Octave 4.0.0, Sat Feb 26 14:45:09 2022 EET <li9i@spell>
# name: mean_trajectory_errors_dft_i
# type: matrix
# rows: 1336
# columns: 1
 0.003828338702161799
 0.009150286585976931
 0.008636340584406233
 0.01194224375341432
 0.01192460141943496
 0.005916920062999976
 0.006148320359696192
 0.006199393542879662
 0.005249540333137419
 0.005609029772638106
 0.009111840746827856
 0.01130176223479155
 0.01158892484650514
 0.009783391540358545
 0.008491631742978338
 0.007899092377612325
 0.006828091318978811
 0.008176932737502272
 0.007242085982122703
 0.00774258173329399
 0.006900059573560548
 0.00839142462832906
 0.008523983814282718
 0.008465850156358749
 0.007869582571626055
 0.008588915280234626
 0.008469701002823498
 0.008312967094866973
 0.008625855207119884
 0.008932757959047291
 0.008651898065578948
 0.009688940207467139
 0.0103590682045396
 0.009786253885574477
 0.01006196149443426
 0.01010026326492825
 0.0111465355669194
 0.0113407091858298
 0.009523871557566305
 0.009566120971871719
 0.009469786829962834
 0.009291225600117706
 0.009027764804012814
 0.009512432787513271
 0.009656135327728747
 0.009972570887267267
 0.00983959122896093
 0.01030233970986326
 0.01036823617600124
 0.01033134423934848
 0.01046773329449654
 0.01054952678838668
 0.01046768055672889
 0.01065569367531202
 0.01052342616421359
 0.01097347591166281
 0.01100114284316597
 0.01112301476288694
 0.01130147424993292
 0.0113326574327174
 0.0114578167778258
 0.01205279975179201
 0.01185801077555707
 0.01163243858090992
 0.01214119146369277
 0.01175519327432443
 0.01186942033075716
 0.01228155387668388
 0.01209802548184212
 0.01267896526572866
 0.01231508716784124
 0.01243513982297346
 0.01266613721431382
 0.01256798387351523
 0.0128977435704596
 0.01313673527789112
 0.0131389205250837
 0.01336777329369002
 0.01330309512980209
 0.01361547060854485
 0.01382965042135751
 0.01375541711089156
 0.01319360028803447
 0.01300136742085795
 0.01448301137479685
 0.01337165145503899
 0.01329858951734422
 0.0136611804701973
 0.01352739678972671
 0.01354774442317762
 0.01436483499761308
 0.01388251631468895
 0.01347658189636766
 0.0140046428214934
 0.01357309339757246
 0.01357147491389473
 0.01458912806456368
 0.01358570645426486
 0.01259740161503823
 0.01460731283040414
 0.0124421371075959
 0.01375901707480334
 0.01340038643990035
 0.01258512802943408
 0.01249147099401075
 0.01346312225826962
 0.01248795050294705
 0.01297308569665611
 0.0129543406196487
 0.01190728091511352
 0.01363144759041503
 0.01243522317705656
 0.0120779584825274
 0.01237274743720889
 0.01265694953080179
 0.01247102365270547
 0.01241072474501743
 0.01304814353323263
 0.01225681301919821
 0.01214022590341905
 0.009398329558249579
 0.01087180161415835
 0.01138101236083391
 0.009873616309986538
 0.01199337023121686
 0.01027976862739736
 0.01092804903631649
 0.01039228711221109
 0.01069824810558822
 0.009220306672631854
 0.01179022144397643
 0.01061424309572601
 0.01052460783850801
 0.009256567829648312
 0.01119920372992446
 0.01082126371418949
 0.01024546865746201
 0.009392438538566509
 0.0116554867674512
 0.007846798757084515
 0.01008405445815022
 0.01231701392592
 0.01145916030649223
 0.01071382314887684
 0.01187024495130942
 0.01127847059113082
 0.009305430645245943
 0.0114897991837526
 0.009673260430033262
 0.01099673134115252
 0.01072785123441268
 0.01260663323314996
 0.01265269810005293
 0.01183686469419364
 0.0115590360471885
 0.01100386705993206
 0.01210633075411038
 0.01244205995298839
 0.01295844093999608
 0.01167803326138674
 0.009992269868699805
 0.01118997157106424
 0.01062473847986135
 0.01072079767631911
 0.009793610921381741
 0.01185770056745567
 0.01244127676896544
 0.0106748588788107
 0.01306309476813616
 0.01162296596334973
 0.009761771391061505
 0.01308226165366005
 0.009490749782233923
 0.01228270704135666
 0.01328950477411747
 0.01127401708908672
 0.01114767303580617
 0.01182453333952759
 0.01087009708224669
 0.0121543640648634
 0.01066636855294915
 0.01088625888163543
 0.01141362862532407
 0.0115942632375418
 0.01225295999565313
 0.01168106836950338
 0.0118156659675123
 0.01301301245454771
 0.01225263283740267
 0.01132252849262721
 0.01136938211681597
 0.00946822994600905
 0.01018213206103193
 0.0104803570430595
 0.01171544705884387
 0.01150598336473284
 0.009974180048594895
 0.01250864068309599
 0.009662331933512477
 0.01167391748490258
 0.01081400009407949
 0.01036271929724191
 0.01204658875485468
 0.01141810390956307
 0.01322022520658323
 0.01084225060722497
 0.01224404808986493
 0.01224635389736296
 0.009622169916153099
 0.01149963948741083
 0.01136684565583717
 0.009930292505337772
 0.01147608888090696
 0.01072151999403256
 0.009361720023152725
 0.01154322881927363
 0.01145267559384043
 0.01107392322056382
 0.01119917808160367
 0.01056448376186796
 0.01051924729847782
 0.01218295678948896
 0.01078791842085566
 0.01341117391121689
 0.01272203817666248
 0.01200821350848198
 0.01235660375570129
 0.01184755106788014
 0.01204253971866092
 0.01190186831191977
 0.01221646593159105
 0.01179811835139292
 0.01192970124929569
 0.0129276685427605
 0.01226757804324247
 0.01281565587080267
 0.0109285691238048
 0.01038358089575337
 0.01305299406033437
 0.01126607804702391
 0.01148467520031585
 0.01307233404871202
 0.01289634155588141
 0.01213564227056066
 0.01277147416420779
 0.01290603237424003
 0.01210007462507551
 0.01247557733311875
 0.01334489190006297
 0.01234569070729975
 0.01310022742612354
 0.01350222501180001
 0.01205610733347379
 0.01324682814343245
 0.01315929959288024
 0.01251906975279579
 0.01394178442176673
 0.01337674607071264
 0.0114710020266686
 0.01324785828965349
 0.01308667058570931
 0.01143030818320455
 0.0136301605751811
 0.01314423272827211
 0.01273622896257805
 0.01326470990453171
 0.0124656612186914
 0.01321397093657255
 0.01298008272144496
 0.01328462519306039
 0.01282273102463462
 0.01234587443661262
 0.01305954168184257
 0.01291049748151601
 0.0142522112578728
 0.01250039582201676
 0.01240946562874426
 0.01242238612636054
 0.01297873291289303
 0.01240779193339971
 0.01382046367957776
 0.01504015377288095
 0.0124828187939186
 0.01366017975661924
 0.01500346698499497
 0.01415657501460259
 0.0140550167568858
 0.01356271743838462
 0.01464516612640064
 0.01503374685371995
 0.01430082012044319
 0.01419479990934403
 0.0138896964371194
 0.01444229246187086
 0.01438791544396508
 0.01328536584490988
 0.01505497872699981
 0.01555939542185198
 0.01426582884637688
 0.01427661566569208
 0.01385853251665508
 0.01444582231208561
 0.01454090133655226
 0.01505059383534496
 0.01473211906456939
 0.01410671917096821
 0.01492970926044583
 0.01368871651935634
 0.01334682972194899
 0.0147529875350532
 0.0143175670919129
 0.01401338273255548
 0.01393107276773265
 0.0145793614741644
 0.01458353610280096
 0.01348141027080772
 0.01547243573834743
 0.01400019259544288
 0.01426210398276724
 0.01507122190260553
 0.01542245533749218
 0.01525895330363201
 0.0143563492835118
 0.01439584343964275
 0.01442984801346551
 0.01224415126382742
 0.0136225161428135
 0.01410365382121102
 0.01267859588400629
 0.0136851909075421
 0.01544029188640471
 0.01412637134028898
 0.01465887563411744
 0.01346596590201946
 0.0131521329887702
 0.01439618113574925
 0.01431634382852512
 0.01413924946485823
 0.0142933798459128
 0.01426347573741811
 0.01446488068934895
 0.01502008367673657
 0.01478814180348071
 0.01553807782914822
 0.01531375913014177
 0.01496225197041539
 0.01376681477535145
 0.01419272018179541
 0.01578205085435472
 0.01430066953308629
 0.0139567194186402
 0.01515293557156612
 0.01421822975994014
 0.01373624058825596
 0.0144680693396669
 0.01354469723366349
 0.01324261592076445
 0.01292429090009225
 0.01364479690391873
 0.01324963399408676
 0.01278431436788411
 0.01292309307031675
 0.01334145028607186
 0.01288773465768134
 0.01398238534047904
 0.01340068334317849
 0.01452743469482015
 0.01437474231382962
 0.01378781854636643
 0.01462092662041996
 0.01488730339804367
 0.01492177408149163
 0.01412045506616196
