# Created by Octave 4.0.0, Sat Feb 26 14:39:16 2022 EET <li9i@spell>
# name: mean_trajectory_errors_amcl_i
# type: matrix
# rows: 1334
# columns: 1
 0.05047323712856711
 0.05240353820999603
 0.06093752493895532
 0.0693223339010188
 0.07358536505957722
 0.07367111680482921
 0.07330086342333575
 0.06907563599776936
 0.06428407705849801
 0.05962566099988963
 0.05692173428323609
 0.05441749089699406
 0.0529020385231859
 0.05205155604337458
 0.05120889985209865
 0.05169073543800114
 0.05311172314819876
 0.05471965504228111
 0.05541649595520567
 0.05765322390546601
 0.05993514133555289
 0.06183917082070262
 0.06341196676237953
 0.06466247853880433
 0.06616775567370294
 0.0665153948386308
 0.06784435609034428
 0.06792742757266787
 0.06852287513906323
 0.06922417072742702
 0.06891370339613706
 0.06943422317782427
 0.06887272794794458
 0.0686599435226331
 0.06877673790998863
 0.0681152444534807
 0.06751010536694591
 0.0667308788259609
 0.06583885432471073
 0.06384509369812523
 0.06282520655206919
 0.06258563633541092
 0.0614117232707517
 0.06083034537061742
 0.06119229010180232
 0.05998149885556597
 0.05956925021793148
 0.05857522207992648
 0.05685702729666371
 0.05632409581705648
 0.05607746238804891
 0.05502231485801622
 0.05453494481269475
 0.05358763193953105
 0.05296127972923938
 0.0533792285385627
 0.05204575379119011
 0.05113622226308902
 0.05053130580361198
 0.04949442197955048
 0.04850803206815463
 0.04826723420579508
 0.04682643938140589
 0.04664166333774898
 0.04548630604781997
 0.04369030089389513
 0.04289873711944159
 0.04355165598414909
 0.04192662593108687
 0.04231935189311478
 0.04197444572901449
 0.04119448899588285
 0.04114775255809763
 0.04027966039569052
 0.03991251034848616
 0.03944432428504338
 0.03908683820984633
 0.03870691441050199
 0.03812296802487201
 0.03821679560901843
 0.03734567907923619
 0.03716015864827937
 0.03726338154750343
 0.03627673915060529
 0.03653658676170805
 0.03654397812460625
 0.0359905765107898
 0.03537625769045047
 0.03569369936931883
 0.03524408325234372
 0.03508901479085645
 0.03547818938524631
 0.03438967433303304
 0.03407917988867573
 0.0343739894677066
 0.03369612190632225
 0.03346919071696142
 0.03308098653501323
 0.03284872949238618
 0.03277717978221743
 0.03146510450399679
 0.03224075742947211
 0.03203392410811499
 0.03140805329149218
 0.03178487298850338
 0.03108107813647895
 0.03120352891641142
 0.0309745267528778
 0.03090579864193758
 0.03089099538271889
 0.02961306818203991
 0.02964371264647754
 0.03005510438955077
 0.02880699844079886
 0.02941444974830552
 0.02830235299923354
 0.02897682754951779
 0.02834097013877704
 0.02866335968289761
 0.02864474591860917
 0.02784557538187376
 0.02803976444098523
 0.02781598488639737
 0.02741708950298397
 0.02769531785325574
 0.02729788649891514
 0.02718730568618043
 0.02632260692748849
 0.02657978718535235
 0.02672700554128143
 0.02597712842232074
 0.02623163298693333
 0.02633845650876881
 0.02527695262833841
 0.02609993648810879
 0.02546941996751642
 0.02494739553739996
 0.02545637592572225
 0.02452028275115498
 0.02453359239189376
 0.02520401474188221
 0.02468543957656779
 0.02451949622538508
 0.02426161597918045
 0.02471226213176494
 0.02483059764364198
 0.0241586924340088
 0.02379461965073766
 0.02404085288363875
 0.02391555185114859
 0.0229708627252494
 0.02346524323448249
 0.02282416866094047
 0.02328620766475376
 0.02263062777880915
 0.02308477212548855
 0.02237226467284948
 0.02244533897484316
 0.02257681967821636
 0.0217872262042054
 0.02222549439629084
 0.02213342387109094
 0.02121123284449437
 0.02146078331065321
 0.02139438821553925
 0.02098517636828527
 0.02094053618521828
 0.02120978719443227
 0.02090235107931303
 0.02165589130164734
 0.02115519367610832
 0.02095389783668397
 0.02093219809151017
 0.02099808531069064
 0.02067288474298733
 0.02076101144684208
 0.02066108505257754
 0.01969225720712234
 0.02014142422006572
 0.01999983879425138
 0.01967039259699874
 0.01955365190762562
 0.01940623948369964
 0.01938170481736567
 0.01873344714055591
 0.01882125267223665
 0.02016268360447977
 0.01838734072553325
 0.01825507725157358
 0.01938875942768189
 0.0187367911896569
 0.0179449213635622
 0.01882842255913075
 0.01873286171713002
 0.01743083814018997
 0.01820671044644001
 0.01804520490818007
 0.01769689946679655
 0.01742715614329242
 0.01767364456710549
 0.01672409240699432
 0.01736913488570438
 0.01719697956539737
 0.01650840318165432
 0.01679671106077452
 0.01627648313851646
 0.01657187710540508
 0.01644468483102113
 0.01612664718387362
 0.0167412779062131
 0.01683538055494515
 0.01613193389854958
 0.01655289615911996
 0.01616439573663121
 0.01553896813919307
 0.01619712295886301
 0.01516412016493589
 0.01605193919658825
 0.01607069443391136
 0.01458048397890543
 0.01601814603221546
 0.01504566030802663
 0.01493630384307285
 0.01562748090407554
 0.01440054077360299
 0.01466853852675336
 0.01442825744915151
 0.01442876972084397
 0.01482378297571416
 0.01571601074582286
 0.01436574023994514
 0.01392735639857622
 0.01407348111986366
 0.01441534638954858
 0.0140470848585233
 0.01481940732111197
 0.01419287452595485
 0.01405247690801916
 0.0144132830840523
 0.01461868115240692
 0.01428302463125037
 0.01471306706166533
 0.01380465091842626
 0.01431014749469728
 0.01366178098131963
 0.01421794952986981
 0.01350862779880455
 0.01388389708002235
 0.01365612267253479
 0.01366058367617647
 0.01353677863074573
 0.01265570792575458
 0.0132404062435872
 0.01327537109224153
 0.01263453519894955
 0.01346692369882818
 0.01358493550188911
 0.01263660319894355
 0.01313868170697826
 0.01336105406933614
 0.01368920028047787
 0.01333056560876467
 0.0131815726674181
 0.01304118747990516
 0.01353485860273769
 0.01340016130523992
 0.01351450645418761
 0.01336584996988993
 0.01353634588935777
 0.01345494122456518
 0.01359582248434362
 0.01290007180523997
 0.0129564255130888
 0.01412462908583199
 0.0128491848992044
 0.01295296043872016
 0.0139585700751549
 0.01294538209341941
 0.01273625533938872
 0.01325418605459383
 0.01350431425829245
 0.01357216217883764
 0.01323439809511661
 0.01442849910377324
 0.01363152988428749
 0.01352725937337023
 0.01441757624657594
 0.01376681628641819
 0.01416232533771505
 0.01398439281163355
 0.01420470975864154
 0.01368136620642564
 0.01362758597014452
 0.01399435306275844
 0.01329004579811912
 0.01389343764357511
 0.01352471585872166
 0.01365293326773178
 0.01362307633687781
 0.01353395115843407
 0.01384616220330542
 0.01356252759596298
 0.01372406933052132
 0.01339241167560226
 0.01382057663797234
 0.01316932693259844
 0.01310983441800253
 0.01357707956872771
 0.01395042648681067
 0.01372562988144802
 0.01425876410986789
 0.01422563661681075
 0.01344865938577097
 0.01404734471622615
 0.01344156971991915
 0.01370115145789815
 0.01438186849439707
 0.01404626723268209
 0.01385099463657679
 0.01351159095518375
 0.01348575874592271
 0.013393393160542
 0.01365407663098848
 0.01411176619962307
 0.01415109064738977
 0.01402041221669889
 0.01376717368387091
 0.01426115734361353
 0.01436909152017074
 0.01444508666941234
 0.0140548061830344
 0.01409156136210883
 0.01372627360548844
 0.0137672168278581
 0.0143337894194297
 0.01319490550793606
 0.01454135694231539
 0.01450270965796837
 0.01361449795952266
 0.01434490747003853
 0.0133759462472167
 0.01456382955999203
 0.013877604074919
 0.01400430614939128
 0.01416697203700171
 0.01399670126580063
 0.01452168309076651
 0.01422279278987261
 0.014031608220876
 0.01473458637827701
 0.01392643218937075
 0.01414704523129562
 0.01457519475411953
 0.0142651808217005
 0.01378681331819232
 0.01416687737841728
 0.01355441651296794
 0.01404524312809953
 0.01382516798306678
 0.01401294736286033
 0.01360261376462682
 0.01450918320255391
 0.01389015140494823
 0.01360953668406972
 0.01448498557018887
 0.01309465099284924
 0.01334441242658465
 0.01419726589254233
 0.01341854382404973
 0.01323906435794004
 0.01369563526184051
 0.01269766601833148
 0.01391533846698668
 0.01382166053557702
 0.0143263926966088
