# Created by Octave 4.0.0, Sat Feb 26 14:30:27 2022 EET <li9i@spell>
# name: mean_trajectory_errors_dft_i
# type: matrix
# rows: 2037
# columns: 1
 0.009805967841617393
 0.003034624540176889
 0.00530785650252925
 0.0072280258527118
 0.008088803788524848
 0.008889667773583399
 0.00565773979478116
 0.006324485529064191
 0.007619062990387835
 0.009109213448157846
 0.005781357149001002
 0.006361702311240723
 0.007851500798993331
 0.008787186142629936
 0.005681127374416028
 0.006090633976567537
 0.006796268915753391
 0.008497802626698546
 0.005628587434174413
 0.005736085166470209
 0.006768002436825869
 0.007440894997544153
 0.005782862093238963
 0.00562838195163337
 0.007212315858293412
 0.007945716450480204
 0.006032774395668441
 0.006266158196374132
 0.007638799059816407
 0.008132448002484763
 0.006098087077961042
 0.00712332156179295
 0.007992154906254222
 0.008134982977427964
 0.006714393161913468
 0.006588943411422284
 0.008602469891582597
 0.008766027394792732
 0.006863244124866673
 0.007290985508358431
 0.008649717472376516
 0.008657181898056386
 0.008034297280395069
 0.007973010147840265
 0.008695684413281958
 0.01206263158528918
 0.008088028622879537
 0.007397806875666555
 0.008800970036581691
 0.0091596609775102
 0.007555561533221823
 0.00793177729124318
 0.008699163020792921
 0.009198945168873356
 0.007514313899353172
 0.008112923470178874
 0.009016429997664218
 0.008966927166968681
 0.00764948086967863
 0.008119419955974101
 0.009307625208372798
 0.009314030040376892
 0.008798606825930496
 0.008733970319849609
 0.009395548342740227
 0.009390103926575851
 0.008074390252493454
 0.008682781388428363
 0.009480971971722464
 0.009819931656066296
 0.008151912349428084
 0.008718455015391469
 0.009478950679751692
 0.01091948328441447
 0.008602149013732801
 0.008786271490565021
 0.009181388751671344
 0.0114562046321333
 0.008030493422011451
 0.008477078375585097
 0.009136136475604149
 0.009845346341906883
 0.00756888295492281
 0.008417976187628001
 0.008966613593528735
 0.008930765332995638
 0.008443589222392162
 0.008289250391198374
 0.008983284356738216
 0.009605717155426019
 0.008198451652724412
 0.00828921030775223
 0.008926718192228657
 0.01048386444947098
 0.008448527421934499
 0.008364978792893354
 0.009009490487172388
 0.009776759797391897
 0.008433823567542163
 0.008272265955161054
 0.00917582048581414
 0.01048787108218638
 0.008409782585117412
 0.008648061332604822
 0.009079061112670862
 0.01000666597768507
 0.008723855247652169
 0.008588057042429318
 0.009268659080093208
 0.009499131883987183
 0.008697508379663392
 0.008863915283361355
 0.009583438233744379
 0.009846872497974068
 0.008583227459363806
 0.009028104328649481
 0.009525252832235848
 0.01056698303098515
 0.008819482269181129
 0.009221934787335349
 0.00990119323843943
 0.009686082681679573
 0.009047513814733758
 0.009368548768354207
 0.01040672529468201
 0.009828802344080317
 0.009239156117753965
 0.009458228283054764
 0.01050237335478507
 0.01008341754627625
 0.009503834454502921
 0.00966737556700617
 0.01119388747475038
 0.01033408380670313
 0.00982709743115584
 0.009856852172288554
 0.01173880580264078
 0.0109418209093136
 0.009856428928869506
 0.009971038210169883
 0.01154135922275782
 0.009772633788357195
 0.00977293191407913
 0.01005450652044147
 0.01133265967153346
 0.01062157419786059
 0.009948161992573709
 0.009804646909070562
 0.01139275962339189
 0.01026258435997293
 0.009598121681589033
 0.009549870489234041
 0.01104775324729771
 0.01007268836986872
 0.009444567080536363
 0.009634068015761377
 0.01098502585358165
 0.01027635549893629
 0.009562541832157212
 0.009737638747746441
 0.01086768700827675
 0.01092384868562937
 0.009815776518423688
 0.009917947142329426
 0.010759295556406
 0.01084098718333823
 0.01026526119093047
 0.01045837830321268
 0.0108831572142134
 0.01094477353286303
 0.01035330973237927
 0.01040064491400214
 0.01118221821673963
 0.01126359073255946
 0.01070048595301753
 0.01086708171385444
 0.01099470776908044
 0.01128850754735667
 0.01101246780049575
 0.01135323893585868
 0.01120091361595045
 0.01159448532133695
 0.01139533866401412
 0.01131319820073107
 0.01181277161000428
 0.01172994778333374
 0.01184878182177827
 0.01174318347702
 0.01149104282554589
 0.01202650327047621
 0.01187668783363327
 0.01201824759381762
 0.01218011275853795
 0.01275171509283004
 0.01195247131993244
 0.01200807259990038
 0.01244081828706614
 0.01242006954767346
 0.01255805094861174
 0.01182320491095062
 0.01213142333501792
 0.012646768447648
 0.01260788194021101
 0.01202087195766806
 0.01182730946395595
 0.01275832344766654
 0.01234563653921682
 0.01225399373755301
 0.01231161981408938
 0.01289235595211425
 0.01228130213059068
 0.01248308676633638
 0.01265011510504326
 0.01297840507144877
 0.01292387928069712
 0.01292441748352047
 0.01220825595545461
 0.01334326871006049
 0.01267483061478869
 0.0132307826109932
 0.01240176744712833
 0.0127288278658924
 0.01282258280698132
 0.01205636482669149
 0.01220206406408381
 0.0127046959858331
 0.0131713961647071
 0.01304920141083963
 0.01226545070537289
 0.0125726010500524
 0.01311342536639375
 0.01266130326053405
 0.0122141470425773
 0.01244712422101223
 0.01304471090880956
 0.01256515654529129
 0.01181381234976563
 0.01234305852737803
 0.01335666821534433
 0.01328716275105273
 0.01254906485983986
 0.01291927878384916
 0.01298400910749698
 0.01337989650842842
 0.01260409630507172
 0.01212386939727935
 0.01339190769721784
 0.01213371384476602
 0.0119099645724306
 0.01269975001221748
 0.01271681627830326
 0.01292905146894481
 0.01279683862247919
 0.01119564086533434
 0.0134242707186761
 0.01222546930356472
 0.01227138051763282
 0.01067919653998016
 0.01122883196283527
 0.0129274995626237
 0.01299277260676152
 0.01077901615608066
 0.01058922350594401
 0.01242920009126409
 0.01254586168358353
 0.01146583955751848
 0.009326728620441788
 0.01333596572233903
 0.0122193565997674
 0.01075161855401337
 0.01048767172123521
 0.01136392733361225
 0.01323459076121259
 0.01081342536349132
 0.01149280371307543
 0.01108602177642238
 0.01170822130741356
 0.01120501212010908
 0.01131872580919179
 0.01100429865696011
 0.01161968376438729
 0.01134766498299623
 0.01253605664372039
 0.01152612904433256
 0.01008586949833476
 0.01141660366525202
 0.01222136242970401
 0.01210427198100309
 0.01155486371928639
 0.01019680088480836
 0.01174707261987178
 0.01189641118499405
 0.01201502327274868
 0.01063606580398128
 0.01156488193603417
 0.01117710353028034
 0.0121867799749878
 0.01152480888616039
 0.009822930212342942
 0.01181319213815904
 0.009603174656050074
 0.01190790610505343
 0.009370399980583984
 0.01245832771955666
 0.01119759247299028
 0.01037872624938401
 0.008248678997303574
 0.0120977478037729
 0.01133520756070533
 0.01044416819777289
 0.00958411819438983
 0.01268349209689191
 0.009962460888913931
 0.01000093705105992
 0.01058559338381971
 0.01243101369906395
 0.01198653082990771
 0.01041824841437415
 0.01021847744668163
 0.01159635788532241
 0.01237842636843587
 0.01079624333253448
 0.01086378426551936
 0.0118231868069456
 0.01058858750363751
 0.01083467342965541
 0.01065071798911898
 0.01200544844934459
 0.01166820459337262
 0.01131910418679484
 0.01086244808020375
 0.01124136255868531
 0.01094666847917901
 0.01144606591145327
 0.01092828708807086
 0.01143135456766036
 0.01077608705717928
 0.01103247420016812
 0.01098226374471362
 0.01143343408528035
 0.01009024992833851
 0.010537196585452
 0.01149308507686235
 0.01133654466225127
 0.01059488841736789
 0.01093866924387558
 0.01220673865347998
 0.01105078800439818
 0.01060070812412769
 0.01094094661615945
 0.01099880011091749
 0.01185827289256507
 0.01089609121177947
 0.009782952097990905
 0.01155351308966583
 0.01180734050746481
 0.01094859164231167
 0.01111309739502371
 0.01133486911146081
 0.01166557325777049
 0.01105621646761781
 0.01076243081377378
 0.01104566283767822
 0.01212763961653761
 0.01115958782399623
 0.01101296891046699
 0.01037491347372654
 0.01209076671263672
 0.0113553764529577
