# Created by Octave 4.0.0, Sat Feb 26 14:28:59 2022 EET <li9i@spell>
# name: mean_trajectory_errors_amcl_i
# type: matrix
# rows: 2043
# columns: 1
 0.04587787677887113
 0.04909730576447303
 0.01272788047544062
 0.03680480969511893
 0.04236876050224162
 0.04103498207245204
 0.01817556010702024
 0.006529531055762216
 0.03844395024905571
 0.02257635662161975
 0.01982827235723461
 0.02337705220110198
 0.008824433048133047
 0.01080785089298616
 0.007598560206469356
 0.008361500762088843
 0.01124032624828641
 0.008240591930740247
 0.01150970266464977
 0.005514540061867373
 0.009631152094065985
 0.01180228646392348
 0.008125332838956344
 0.007231120945805908
 0.01190629554592139
 0.006397057629021791
 0.0105310107895942
 0.007115344010145025
 0.009365670173015912
 0.01032103637328567
 0.004373750031418296
 0.007161202400235932
 0.005902478855085908
 0.00699788148058886
 0.006459712490329875
 0.007177644904143175
 0.006062061285310243
 0.004494727182067903
 0.003633597501833051
 0.00717784445508024
 0.006891837875636983
 0.007605026449776404
 0.006126167884909125
 0.003872163677782425
 0.004842144954722729
 0.004494791386866045
 0.005959731352834357
 0.004942915973907485
 0.004031441425603671
 0.005941674197096294
 0.004062975457065599
 0.005004414013193529
 0.006260092435732851
 0.005584898040905771
 0.005266961911206163
 0.006112221216628219
 0.006405868899358182
 0.006146806253413798
 0.006234331127419581
 0.006719999236719654
 0.0068490750965635
 0.005609413221029088
 0.007191451964574014
 0.008044179762498445
 0.00637287010761123
 0.008322282613739355
 0.008531490131938121
 0.006221092555655883
 0.008327529417160386
 0.006996108210445211
 0.008003547664435801
 0.007599486463375889
 0.006226366683357958
 0.00668799451577645
 0.007952701193853228
 0.005232292424618158
 0.006713452082991445
 0.007431587094933797
 0.007387956817014662
 0.007263057692671346
 0.008009130456588177
 0.006720967379544852
 0.008301306821808961
 0.007712888205208127
 0.0082084769493663
 0.008925826603464453
 0.006310304182529512
 0.005739275600424207
 0.007303200463789338
 0.008002101667066157
 0.007790888963902749
 0.006653068940730733
 0.007232095878110864
 0.008183744012444042
 0.007595520178685772
 0.006947573668837713
 0.007746150429573025
 0.007916408810679345
 0.008357556534037434
 0.008388112328041708
 0.007730917989558618
 0.008091614400991896
 0.0078883612078481
 0.007486995585426266
 0.00784202972027313
 0.008655586630155893
 0.009012476630594384
 0.008833025882518738
 0.008643819704204934
 0.008283828738897644
 0.008634597500084419
 0.008232844761501715
 0.008273898588520043
 0.009214351319841758
 0.009241977660941886
 0.009159249717509685
 0.008330421912549457
 0.0095032793133231
 0.01037367314089366
 0.009738784748507697
 0.008734365987115147
 0.009199397531646114
 0.009993556023363197
 0.009656845072907596
 0.009761595908348637
 0.008142059643193329
 0.009690125405152652
 0.01021725390063967
 0.01042647548704893
 0.009502253664351807
 0.01030112742972668
 0.009105557612504284
 0.008949578885888531
 0.009235379940049138
 0.00942219450991167
 0.009480688257800766
 0.009859974278195582
 0.01062519403429198
 0.01068532223562577
 0.01043301063283215
 0.01071296030523604
 0.01140128356655754
 0.01021590133656881
 0.01027075068401653
 0.0110845225989885
 0.01057514655002397
 0.009269180597899839
 0.01025311296757091
 0.01038985958868863
 0.01035722012496757
 0.009805549389169738
 0.009545815447778841
 0.009372801322989271
 0.01008664273774098
 0.009704617965856831
 0.01093860561939227
 0.009228589719821835
 0.008715965304534428
 0.008880846359847046
 0.007964261121524006
 0.008923075003307458
 0.008856109515305674
 0.009259966103389802
 0.009745552877465983
 0.00864889393483328
 0.01090464186743218
 0.0103270506547513
 0.01074531558283237
 0.008538421766115675
 0.009610191433810075
 0.009747118797676126
 0.009415752399045789
 0.01008828610416364
 0.01031432200040727
 0.008858651406253108
 0.007681882808870669
 0.009137874012492931
 0.01052656752813651
 0.009240784842050147
 0.009351207882674215
 0.01035358618766181
 0.009310849915035942
 0.009522434504734532
 0.009883663980101348
 0.009963012862607607
 0.009623865015288795
 0.009869866708362839
 0.01045683440497722
 0.009349304484181212
 0.01054285400834316
 0.009731726157734245
 0.009989220160454157
 0.008968697290966532
 0.009344580281557418
 0.0100201194357184
 0.009463854135475845
 0.009975977149998767
 0.01121665005502746
 0.00872670597523105
 0.00965062629490555
 0.009995635477800592
 0.009960312516400383
 0.01003993442876909
 0.009915133131685414
 0.01083943882001227
 0.01011566854024072
 0.01098124531782634
 0.01038717102919068
 0.009941459057759613
 0.008948221361078524
 0.009848830641941999
 0.01014798991884788
 0.01174491616300074
 0.01010377519750904
 0.009243772167654478
 0.01019790573332474
 0.01040829574747227
 0.009897492684607382
 0.01040393044638201
 0.01017651135132333
 0.01224592842670829
 0.009312909140345927
 0.0108537232371097
 0.009168470880216401
 0.008426106009448106
 0.009093497919680477
 0.008996839795716142
 0.00960094031774748
 0.009426074675307327
 0.01054973396673379
 0.00871400992772464
 0.009564134788080225
 0.01013653776765691
 0.01038101635359589
 0.01017561849348537
 0.01118260936833886
 0.01066284474441673
 0.009512316597511585
 0.009906603925610118
 0.009698733688551491
 0.009531518209011495
 0.01037940827523359
 0.009262632292130446
 0.009671928423348993
 0.009579640440645191
 0.008954135693544928
 0.01000780825990073
 0.01055750665293969
 0.009532008571967225
 0.0101621786369693
 0.01082906874753575
 0.01023811305823698
 0.01023197342926485
 0.009623638736979254
 0.008977268280343984
 0.009874386257797928
 0.009171143573797641
 0.009094779360533989
 0.01066020715263552
 0.008608598242896361
 0.00862824271440548
 0.008557230912053418
 0.006887033676945075
 0.009677055823889887
 0.009573319935546437
 0.008581315134850494
 0.008537855716892195
 0.008362998841933901
 0.008621518764516396
 0.007031755515446795
 0.009597146098458633
 0.007861708141290561
 0.009197460784736926
 0.008512692129316213
 0.00887610375782609
 0.01035823478323585
 0.008379625311085643
 0.009127082859807437
 0.008097849916821784
 0.008851627192804568
 0.009425679221977713
 0.009778668761752284
 0.008608312114522875
 0.009883525727510459
 0.008817050984031832
 0.008867801662161841
 0.008371129744674308
 0.009459673543497117
 0.008216458868092101
 0.009413435048025724
 0.008422456090681721
 0.009760032365836464
 0.01065212446267773
 0.008662056169027377
 0.009573066994229655
 0.009139796420975281
 0.008740081199723051
 0.009692299883354637
 0.008649527372697731
 0.008325286221206273
 0.008939524402138271
 0.01090714993037474
 0.009354412492612769
 0.01024485731566413
 0.009108556839710636
 0.01017055757133443
 0.01050412272080896
 0.008857863672565261
 0.01023671682609144
 0.00927031090130764
 0.008774751579602731
 0.009197669653820798
 0.009185823414510724
 0.01063118531433791
 0.01056275997187049
 0.008682102178909613
 0.01018533615333368
 0.009043946066292346
 0.009285840111910932
 0.009114603285447274
 0.009932506721280526
 0.01008132663464905
 0.009071485055361622
 0.00912219148083545
 0.009239176433412218
 0.01003500556244433
 0.008912794241667799
 0.009415262796364926
 0.008839498412386975
 0.01014211300860691
 0.00979321290721058
 0.009455682206423262
 0.007956140487429994
 0.009569709327558134
 0.009599564895476103
 0.00971027416977199
 0.008642301243837403
 0.009700716580058201
 0.009404680684450752
 0.009729678619466411
 0.009138198145066457
 0.01000484523186667
 0.009392991745227628
 0.008987436843669766
 0.009244169897732768
 0.009415390881750696
 0.008966509429337601
 0.008050961733980918
 0.008678116246473796
 0.008968317464685422
 0.008619542158076966
 0.00889169245620419
 0.0100235189746051
 0.01059414674877231
 0.008643520032562078
 0.009157085851174269
 0.009576480498361101
 0.009462057608757412
 0.009019774834573039
 0.009879437709714807
 0.009040525572695909
 0.008860985785197829
