# Created by Octave 4.0.0, Sat Feb 26 14:40:15 2022 EET <li9i@spell>
# name: mean_trajectory_errors_amcl_i
# type: matrix
# rows: 1333
# columns: 1
 0.0457952625283386
 0.04919535363756819
 0.060208626704809
 0.06934621287770804
 0.05336620483067206
 0.09374733741649396
 0.08586779967558431
 0.07820814788139233
 0.07048892049417219
 0.05454739032948402
 0.05824695611959354
 0.05880315585739244
 0.059877954790583
 0.06086819922835891
 0.05420245101798131
 0.06364612809204405
 0.06394010230746303
 0.06484477414789741
 0.06505133630610679
 0.05885659319708049
 0.08239867412886842
 0.08229473901144273
 0.08191380689982705
 0.08108005835997209
 0.06520058675279738
 0.07440613745043902
 0.0739464892038629
 0.07313765921626675
 0.07224889811862878
 0.06807000644864566
 0.06652435124948569
 0.06603193316361644
 0.06507070906853044
 0.06448403883429987
 0.06722950913451564
 0.05873861290747452
 0.05834739093811046
 0.05687603670024251
 0.05672384545081937
 0.06381442860997244
 0.05248144729729574
 0.05260560470657544
 0.05170707481440467
 0.05206630521378081
 0.06059306937019834
 0.04756184593154192
 0.04740548637466269
 0.04803143680332689
 0.04587687304076853
 0.05452820758968949
 0.04641037943617601
 0.04500087768485028
 0.04404867596979434
 0.04504685176132238
 0.05146092297685653
 0.04302395396598138
 0.0442201073512343
 0.04247372782705205
 0.04216691991072424
 0.04806105361960102
 0.04128922638924179
 0.04196300856919807
 0.0410772819263424
 0.03962775531294317
 0.04428404644719871
 0.03912271241450133
 0.03749600389761612
 0.03979746276974365
 0.03798238402283799
 0.04036696538095984
 0.03473138076641291
 0.03628665515865127
 0.03574004400256569
 0.0348868920017265
 0.04099130481817118
 0.03505607816533598
 0.03479749028855468
 0.0344993549800547
 0.03329955055467161
 0.03821844102139055
 0.03325591857458518
 0.03207577952781061
 0.0322585506181067
 0.03274871843107543
 0.0348481958639729
 0.03237136433233653
 0.03107136500137091
 0.03105627533988647
 0.0320246489010153
 0.03484123709961848
 0.03039160847087379
 0.03183230134867634
 0.03000312021748849
 0.03054258933525191
 0.0345144929189825
 0.02894488343687009
 0.02890799037999868
 0.03062906944342775
 0.02949353269058195
 0.03151265387923181
 0.03011734352343178
 0.0284571009704552
 0.02842790518253557
 0.02933984922182443
 0.03130738355347586
 0.02849883944768879
 0.02797807750990691
 0.02867636245543435
 0.02836745494172312
 0.02932255950073376
 0.02835032018145901
 0.02776127256364838
 0.0272786109826346
 0.02793969661405987
 0.02852168204731614
 0.02647093597328314
 0.02615856372556118
 0.0270927922218075
 0.02553191698546201
 0.02764477959999519
 0.02613658732551964
 0.02593976969805026
 0.02505869438840403
 0.02521133906522101
 0.02686309276505486
 0.02434848016011289
 0.02541614632431986
 0.02407097548098736
 0.02410782822153772
 0.02620622212595201
 0.02333854685261436
 0.02371464376295977
 0.02354089198216641
 0.02287267364767906
 0.02546351370440531
 0.02256245870011719
 0.02300434415314721
 0.02194672371467361
 0.02154311742302677
 0.0235257383629406
 0.02186311039763485
 0.02202281889931566
 0.02167140762574895
 0.02171455524184045
 0.02362130596069934
 0.02065432457910315
 0.02128253289334357
 0.02017011751826029
 0.02012711109776259
 0.02270087051561543
 0.01989399281695461
 0.02053562046404645
 0.02009731506736732
 0.01939123391473675
 0.02273559741502545
 0.01933491046310532
 0.01934158977338783
 0.02073296178132855
 0.01961017221258385
 0.02188325493129335
 0.01995083853022755
 0.01854307103535034
 0.01855670673545219
 0.0188642241149765
 0.02125716098939468
 0.01848625301287075
 0.01882574993896899
 0.01899536491685883
 0.01804483408542683
 0.01994188854599509
 0.01783471235655349
 0.01730545015822296
 0.01801675309359566
 0.01748150355829195
 0.01975688077918796
 0.01642401546479056
 0.01718640452287249
 0.01661995699545789
 0.01676560927988209
 0.01793100875173465
 0.01590507134971385
 0.01731754325479176
 0.01656535137827357
 0.01660042278785151
 0.01825622487712938
 0.01590101307681989
 0.01594693179262685
 0.01581795023678636
 0.01569005623376461
 0.01736388138009952
 0.01508485562292525
 0.01453015031052119
 0.01467670069229704
 0.01582750860754472
 0.01775935309985598
 0.01395874585307381
 0.01501603154515327
 0.01366724221413598
 0.01446123230773903
 0.01674694382249468
 0.01421304738817631
 0.01422752414795412
 0.01366110402117181
 0.01412073736112124
 0.01594476922944429
 0.01449813744053154
 0.01430642151458962
 0.01375395576956985
 0.01452105719049032
 0.01564148294032294
 0.01426529324590733
 0.01420431992024341
 0.01424535854045609
 0.01430832310221445
 0.01573192946006084
 0.01394249941805863
 0.01414124807549812
 0.0137119202730953
 0.01394948271572382
 0.01504481720048648
 0.01354453503828698
 0.01346066142872289
 0.01356091370323408
 0.0138058268330727
 0.01496498568106594
 0.01309431529760143
 0.01324221157086821
 0.01256860259021787
 0.01272060376957602
 0.014675293954551
 0.0124804644420278
 0.01307095303663933
 0.01286100340260996
 0.01251877543198254
 0.01384037417580642
 0.01208859106459743
 0.01291597049914009
 0.01084753986794655
 0.01238207183506949
 0.01348298117891967
 0.01163914880605429
 0.01312792011808864
 0.01215386295955561
 0.01154973754064872
 0.01314413127249252
 0.01193327910858545
 0.01144058232400218
 0.01145824340272106
 0.01171870977036521
 0.0120685103375127
 0.01112303428848319
 0.01120864592228991
 0.0108204500714434
 0.01142884352696114
 0.01279378555006102
 0.0104701890211436
 0.011944207629424
 0.01111793386310909
 0.01111934775167554
 0.0122613791758888
 0.01097403510306853
 0.01034827299383107
 0.01149153852344018
 0.01061050978367348
 0.01123396508354386
 0.01096579498218951
 0.01028904185962089
 0.01169818002574709
 0.01054982285610972
 0.01229822314857408
 0.0116611705979398
 0.01095050170487603
 0.01123953918893594
 0.0110193976303903
 0.0126801344059818
 0.01080369403663983
 0.01040710469646097
 0.01142583992590094
 0.01113264427030118
 0.01217727081065128
 0.01122452896021773
 0.01124018456789461
 0.010845708892049
 0.01156468781345911
 0.0119382129382931
 0.01149089873357731
 0.01110228848721895
 0.01144909035319873
 0.01180937909340857
 0.01252734690285466
 0.01190113245857611
 0.01211562175485683
 0.01233425785101912
 0.01217502943016406
 0.0127179449196401
 0.01156566411559709
 0.01225138366988542
 0.01183250422591715
 0.01182422856822899
 0.01293568427408978
 0.01181520357910722
 0.0121786238002041
 0.01190654606967346
 0.012959896176381
 0.01381310751231042
 0.01140337885236496
 0.01193550393932287
 0.01170256784969054
 0.01152566092409744
 0.01282023449392215
 0.01226327470295943
 0.01154231719328732
 0.01166548274002463
 0.01224490294150517
 0.01314214172139432
 0.01133232429565059
 0.01242310431943831
 0.01167415311364202
 0.01184621221892907
 0.0136370329418865
 0.01126344467838937
 0.01188963319361028
 0.01264889120062701
 0.01186993234204595
 0.01343133739712219
 0.01163545856888024
 0.01174831636920545
 0.01218265844609359
 0.0124782279379213
 0.01360818102621143
 0.01229416813619381
 0.01311647187543491
 0.01217356175531857
 0.01289943160472949
 0.0149855994116489
 0.01230005370468519
 0.01274744980446024
 0.0126199541382846
 0.01245195060073382
 0.0145360500032556
 0.01166270604278237
 0.01299070577315948
 0.01316963717531669
 0.01132955321642841
 0.01413284254177592
 0.01178834432748717
 0.01194756127984209
 0.01304149527642008
 0.01186858217181181
 0.01389361775189831
 0.01228465829737012
 0.01218154186452561
 0.0119452783049156
 0.0123663211487899
 0.0130865808661022
 0.0113874857865792
 0.01173567026264819
 0.01217810973636316
 0.01139986505345109
 0.01443563389921096
 0.01365846063954217
 0.01256057319664764
 0.01294128199583623
 0.01258701119659174
 0.0137656621596322
 0.01281170445138925
 0.01256141915745042
 0.01236247396282454
 0.01328169406603348
 0.01280399608942065
 0.01289492564644356
 0.01171945102044401
 0.01286104553069831
 0.0126920438913031
 0.01465858115392315
 0.01324582950089566
