# Created by Octave 4.0.0, Sat Feb 26 14:48:08 2022 EET <li9i@spell>
# name: mean_trajectory_errors_dft_i
# type: matrix
# rows: 1337
# columns: 1
 0.004136832149854289
 0.01132065089939723
 0.007639509127178172
 0.01193601137018192
 0.01178046296939494
 0.006407612772006128
 0.005951685527899581
 0.005912369925643899
 0.006639930172358191
 0.006244809565646605
 0.007277899479521168
 0.007646321120683816
 0.01049688493482023
 0.01116543086886032
 0.009100788174888054
 0.008064247779235888
 0.006436000812535207
 0.007937139015175416
 0.008500219445355667
 0.007895961032342351
 0.008488739347086858
 0.008607187783361996
 0.008293756941477968
 0.007767499473813178
 0.008112505244427103
 0.008476765716720373
 0.008357241911971569
 0.0089496937586647
 0.008943383608218326
 0.008715064746589916
 0.00879066359160185
 0.009472293518094201
 0.009688193264947607
 0.01246069111587938
 0.01034469063953819
 0.01234543036222095
 0.01196591185028206
 0.009756400772107862
 0.009935016697459359
 0.009469820714177568
 0.009329154647639507
 0.009609339222009815
 0.009877189574162271
 0.009483996767734459
 0.009993270636532044
 0.01079508622656207
 0.01029917014104531
 0.0106038958380488
 0.01057599198604294
 0.0105805895279059
 0.01093687590138073
 0.01106702065040415
 0.0108429763438315
 0.01119804944205138
 0.01077058462909306
 0.01135415625210268
 0.01135574416489411
 0.01163961182056221
 0.01152735323592649
 0.011749388771954
 0.01178120785193467
 0.01135576102904004
 0.01233084970612448
 0.01187338143506641
 0.01209611894015294
 0.01239034117929812
 0.01225022875117719
 0.01203915206615826
 0.01261635188596135
 0.01237872536700903
 0.01186357950233672
 0.01285279110647331
 0.0124703930183422
 0.01296326332370075
 0.01323905850262458
 0.01273567443066207
 0.01270388695683001
 0.01311650926222628
 0.01323224987898081
 0.01285489652521353
 0.01376211763240797
 0.01270967797852596
 0.01299664305795678
 0.01364437936513436
 0.01357494753700694
 0.01302778238856818
 0.01344794068049247
 0.0128599105090801
 0.01371805586617363
 0.01334935012071401
 0.01292057477739885
 0.01311748497356496
 0.01341582814487935
 0.01302491250165849
 0.013226265492556
 0.01334101689914399
 0.01316669769010038
 0.01302034115138776
 0.01327967146183039
 0.01314047266524418
 0.01370911678709041
 0.01403175543551583
 0.01213485591780492
 0.01325215639732074
 0.01365178518469337
 0.01177370143480089
 0.01184349987162668
 0.01315233375928439
 0.01308372211226957
 0.01147327615907384
 0.01221689794155202
 0.01262830372350467
 0.01162606964673673
 0.01391580551653673
 0.01189497277834775
 0.01187419212230081
 0.01254997399953461
 0.01346821480629937
 0.01271066380769714
 0.01290434968102848
 0.01119631727419741
 0.0122903897389414
 0.01091982265515744
 0.01265856407143292
 0.01183046788310891
 0.01033701742267608
 0.01223059880168305
 0.01166459649563916
 0.01059280210969522
 0.01003110051177118
 0.01081472401423127
 0.01175864494075747
 0.01036495133566524
 0.008748918697072103
 0.01145214329934155
 0.01081014498240388
 0.009782549139266171
 0.01186189995825796
 0.009569239169838177
 0.01103495700067507
 0.01109760919164356
 0.01142360578597782
 0.01015067606965429
 0.01016272762299591
 0.0114045352352463
 0.01061114659301275
 0.0104665868022931
 0.01056429242919433
 0.01166518091239305
 0.0106914563872456
 0.01172470415829812
 0.01150658550470395
 0.01135592316167697
 0.01313015908356487
 0.01168657772463572
 0.01023743540407909
 0.01301418028459992
 0.01217492492453306
 0.01097279997452315
 0.01002017181268526
 0.01075276299165724
 0.01220526457662193
 0.01181401189753027
 0.01191088251702283
 0.01131187818084122
 0.01212122810499205
 0.01087356675944694
 0.01170943703057859
 0.01133574278236926
 0.01194683451204066
 0.01236311353920967
 0.01284244543027007
 0.01203576074081926
 0.01058640382544684
 0.0123851566287968
 0.01075628107814379
 0.01219115797225047
 0.01297974548700966
 0.01103941387135786
 0.01312653145684649
 0.01199532636099666
 0.01130850960417502
 0.01177257231969999
 0.01333350320361756
 0.01144083541914545
 0.009862356552590192
 0.01291322166552819
 0.01232874767522514
 0.01053554889212226
 0.01041514467695062
 0.01047034707240986
 0.01116258972469447
 0.01026018943724593
 0.01056326122592878
 0.009613723535122751
 0.0101223637925277
 0.01059785248189648
 0.0104541610861969
 0.01074270703325336
 0.01202954690581386
 0.01147216534024707
 0.01136067199238208
 0.01205117399721917
 0.01100378363358356
 0.01048071326238878
 0.01171973136626248
 0.01122930645071672
 0.01123395329767998
 0.00948216441521485
 0.009456174090576096
 0.01243970114796761
 0.01078488193537923
 0.01040416643720768
 0.0122560561527732
 0.01046540186721924
 0.01155595936634755
 0.01196218061923441
 0.01126898872665545
 0.01213778048585807
 0.01259200526484386
 0.01034244464163107
 0.01234926585531021
 0.01265398007150961
 0.01333678763505425
 0.01233388359493459
 0.01208248073238383
 0.01079316932860671
 0.01212836973359949
 0.01166146437167494
 0.01142891628252403
 0.01203951885038271
 0.01228546084608118
 0.01145736757887871
 0.01174728625697179
 0.01312101847701186
 0.01092665281794525
 0.01137186916891433
 0.01266952501578128
 0.01102431469467845
 0.01323457967262338
 0.01266774218239836
 0.01222392528503073
 0.01254894214562526
 0.0120195492751414
 0.01195672474860023
 0.01317798814606523
 0.01222316463168758
 0.0118930914634919
 0.01337199539796789
 0.0136699841206522
 0.01402197784485315
 0.01291443358561828
 0.01340934013216756
 0.01334313690440936
 0.01280494115352493
 0.01276149357804651
 0.01342990981677114
 0.01283819438027208
 0.01353628831084797
 0.01271670879430295
 0.01331953180962456
 0.01415807071384275
 0.01283662237475268
 0.01292275696738603
 0.01382097168639923
 0.01377335880135476
 0.01248768379610844
 0.01436305466642477
 0.01326059250026793
 0.01205289327070939
 0.01446801313249
 0.01366917792171864
 0.01377963759409347
 0.01486377932803546
 0.01406969375480408
 0.01373699802060178
 0.01433971826227863
 0.01386750135067608
 0.01417886673786426
 0.01367874279803124
 0.01390659048998851
 0.01273163558374359
 0.01436562574163729
 0.01462547753769523
 0.01348041671163404
 0.01451944391733323
 0.01421131661500284
 0.01489111723219525
 0.0143426449733489
 0.01255584814342419
 0.014782697788288
 0.01404140943007421
 0.01444691469917226
 0.01376496086567473
 0.01437841329453343
 0.01327408670506918
 0.01421528899618642
 0.01446304662713274
 0.0153580767049941
 0.01387309322700305
 0.01470489244807861
 0.01420528892602768
 0.01410315493101189
 0.01476951201770893
 0.01434066353911898
 0.0121689836222226
 0.01453977237839633
 0.01385068224129046
 0.01434454871025339
 0.01471618031727044
 0.01440804879267766
 0.01427827243560299
 0.01535583648747563
 0.0147219122858632
 0.01399109613197068
 0.01626333708048898
 0.01481857941986859
 0.01482559172266378
 0.01545879906894292
 0.01550282058987324
 0.01368557455644618
 0.01508958096096631
 0.01611508356634692
 0.01446070397245848
 0.01422537413504507
 0.0146258476072038
 0.01531959412601975
 0.01489721409653761
 0.01447722592178239
 0.0135015688393207
 0.01391163547274903
 0.01394455482058054
 0.01353807361222932
 0.01324980428793791
 0.01339883845296109
 0.01433521921198296
 0.01432304082808017
 0.0136420886912004
 0.01396759523682452
 0.0139139461024542
 0.01365161429890262
 0.01420428449785382
 0.01470754703261326
 0.0148536739654731
 0.0142843734323715
 0.01453917871289607
 0.01523896968994958
 0.01538501445375883
 0.01494631614291043
 0.01585223956658498
 0.01465945862642444
 0.01385069248636879
 0.01451635288980668
 0.01425310063708993
 0.01487116220465279
 0.0131434694786034
 0.01345280084609294
 0.01437941748472399
 0.013342060316958
 0.0128808179631509
 0.01526419984766441
 0.01365374225862962
 0.01313872708045376
 0.01359167913746485
 0.01382945430708086
 0.01362654100317718
 0.0139910378269603
 0.01469483906924242
 0.01387587045636489
 0.01426747715745281
 0.01407082917500753
 0.01458383686100374
 0.01459523136572822
 0.01475741689070464
