# Created by Octave 4.0.0, Sat Feb 26 14:28:59 2022 EET <li9i@spell>
# name: mean_trajectory_errors_dft_i
# type: matrix
# rows: 2041
# columns: 1
 0.009735172708055826
 0.003678104061546894
 0.004576373001785934
 0.008138327964201662
 0.007898366699578573
 0.0114239732467129
 0.005530219746100325
 0.007674581802843746
 0.008008373532238062
 0.008712524375056468
 0.005565623447088219
 0.007301331532572255
 0.007227502334601751
 0.007452942054777139
 0.005317575451555152
 0.006681368996394352
 0.00722234276054806
 0.00770944510704695
 0.004735372706684355
 0.006373405457875606
 0.00667276781389551
 0.007267048116822264
 0.00493011525985262
 0.006895906281558436
 0.006946086808045485
 0.01063075287299168
 0.005921428878527589
 0.006899064981185709
 0.007532182760616029
 0.007628141184233801
 0.005651724443726819
 0.007843135786125787
 0.007903633114785546
 0.008147524420320743
 0.0059122757552049
 0.007887369622395772
 0.008291525730042267
 0.008361461692009801
 0.005529221656988274
 0.008388228380583878
 0.008584537300639069
 0.008975931365397666
 0.006859862193585965
 0.008544818999982856
 0.008794488514972741
 0.00857490955804684
 0.006313490408484231
 0.00839973899452115
 0.008739329339038298
 0.00888414690946961
 0.006184786780381562
 0.008661798886614124
 0.008838986369746242
 0.008892688349844764
 0.006738126180964466
 0.008814643736561743
 0.008992044816075026
 0.009300735532647375
 0.006776186261091401
 0.008845786573288803
 0.009168796658497142
 0.009032022779288457
 0.006683249934318883
 0.00912591284513059
 0.009358874679441569
 0.009158291240882264
 0.007354924730608154
 0.009322613242426605
 0.009365321114322041
 0.009588505611743001
 0.007387512599653857
 0.009558037175984638
 0.009476766024197444
 0.009500339577258488
 0.007197690253978151
 0.009285141410133778
 0.008960940793362661
 0.008723394831404569
 0.007221023005252644
 0.009124803661468393
 0.009053733558214917
 0.00878759174681208
 0.007904959092079288
 0.008941919922067615
 0.008895363173437663
 0.008706007801601608
 0.00826381892320089
 0.008937251304440716
 0.008956445096547179
 0.008858044753239177
 0.00756873330728971
 0.008745570520229421
 0.008803615843166707
 0.00852396726367749
 0.007906052417469566
 0.008795514427798875
 0.008883382049268581
 0.008843397024073227
 0.008467115871802672
 0.008975981344281288
 0.008958412066117655
 0.008594048719219404
 0.008593445965182609
 0.008991172192700486
 0.008938729859446352
 0.008306635882175957
 0.008866574641569369
 0.008841225831202837
 0.008882913421138125
 0.008746524754193579
 0.008269589569228998
 0.00896125422803625
 0.009156347364542339
 0.008962104272394956
 0.009026338344578862
 0.008968740206327853
 0.009237646152986844
 0.009002097219771582
 0.009312354615837834
 0.00949245324545527
 0.009406872849646333
 0.009493014229184225
 0.009199499045392665
 0.009546122092060134
 0.009423915062913225
 0.009577329792550441
 0.00935047762222932
 0.009963323121381774
 0.009682644333550617
 0.00958948963440317
 0.009379723643302092
 0.009956627450792968
 0.01006633644037404
 0.009584226667635774
 0.009874733342005297
 0.01000294661693747
 0.01042684535377056
 0.01002012532498407
 0.01008853534327768
 0.01023165865660516
 0.01026691738148416
 0.009743282395031831
 0.00993486911281986
 0.01018633508574759
 0.01008422082051024
 0.01002718171833842
 0.00974836374660349
 0.01013648733798926
 0.01077857461419286
 0.009631332598651975
 0.009911027658080371
 0.009642980779404179
 0.01001643420290305
 0.009602122603833523
 0.009551954834486062
 0.009625142449190632
 0.009416914391919433
 0.009948816479871316
 0.00923962374126874
 0.009800053817686507
 0.009859681882543068
 0.01016406462050917
 0.009834286004447315
 0.01010173156736934
 0.01016683240162151
 0.01032346192993946
 0.009821454669284762
 0.0103397761658497
 0.01033128134115244
 0.01053402162853281
 0.01022337914611027
 0.01095200322531029
 0.01074057296380534
 0.01097530945382653
 0.01069055792884535
 0.01102444271716387
 0.01116594707334054
 0.01119461211393911
 0.0109338942189905
 0.01137514847777654
 0.01110695278077131
 0.01156507175356404
 0.01118442194569286
 0.01145709424695993
 0.01177766662875332
 0.0117390794576196
 0.01117256014216827
 0.01201280963853163
 0.0119832601004938
 0.01217778097979847
 0.01173345256162102
 0.01188961903997677
 0.01219041571756031
 0.01234937476676831
 0.01180696735228351
 0.01205003900609786
 0.01215899731097385
 0.01237052545348226
 0.01195019938798553
 0.01176087503958783
 0.01214709975941737
 0.01245324251343246
 0.01163820857968207
 0.01180836873128679
 0.01201016127765487
 0.01300473807818637
 0.0121669460667058
 0.01138069720032869
 0.01226417707590278
 0.01251971533843866
 0.0122604181415401
 0.01172378812097553
 0.01224463483954411
 0.01268940097033078
 0.01224751671989611
 0.01165605262805371
 0.01235830320561605
 0.01219139245236035
 0.01312447119833817
 0.01194366515970441
 0.01223184346107576
 0.01267075528721387
 0.0128014594968448
 0.0120031833470197
 0.01229450221079268
 0.01254411042669379
 0.012326725167017
 0.01226509640817945
 0.01216750245489645
 0.0130785347167766
 0.01275392462795952
 0.01227710215037181
 0.01281609455574031
 0.01318025372078859
 0.01238897569341447
 0.01228159911487143
 0.01222600043398087
 0.01298472261642738
 0.01276366425616833
 0.01217815153916959
 0.01230919442845263
 0.0130846537528281
 0.01193571626900774
 0.01184394295451726
 0.01259782864722329
 0.01272539129306599
 0.01355710412723533
 0.01189023758999969
 0.01148046585397607
 0.01315770212127838
 0.01375177705223681
 0.01231820381863892
 0.01166588538043448
 0.01337704895427798
 0.01227253522843782
 0.01213314200815545
 0.01135435301615505
 0.01220341473616387
 0.01224445062041115
 0.01127232325097206
 0.01001380609277066
 0.01078276305242096
 0.01146333111517029
 0.01064457339258013
 0.00981182545842562
 0.01096877057591589
 0.01267291457442176
 0.01010461149779942
 0.01109064069514011
 0.01005496490322601
 0.01226821417788766
 0.009420515855680083
 0.009863891887206603
 0.00939679008083588
 0.01281061029519797
 0.01071172651770561
 0.01091016136064397
 0.01164410944978241
 0.01139030076155873
 0.01030420376658223
 0.01117296514306007
 0.01097300690672185
 0.01198710286079919
 0.01024987199013616
 0.01196912742824567
 0.01076770805225208
 0.01191976579242669
 0.01032959236939492
 0.01113002732857079
 0.01074883610492956
 0.01153340779320361
 0.01088110242056963
 0.01127538430671821
 0.01041388320718162
 0.01140337951825876
 0.01097548895582784
 0.01139487245018795
 0.01069703417041519
 0.01052931363741291
 0.01083257876217928
 0.01111494708983659
 0.01070163425266372
 0.01096952742583233
 0.01195223530905589
 0.01143367313110542
 0.009829127118083359
 0.01136770839026078
 0.01188753719160375
 0.0112137866419641
 0.01158626858093799
 0.01022954063432336
 0.01204217117587535
 0.01125568026313642
 0.01165560711973732
 0.00999360941769031
 0.01220684702549256
 0.01047866119416056
 0.01082949771265469
 0.01104445516468838
 0.0107525116124594
 0.01067988545498859
 0.01035672867797303
 0.01108447482608583
 0.01085639243565727
 0.01109000610148089
 0.01053613875516838
 0.01017843114584051
 0.01136237652253317
 0.01161102383499907
 0.0112630809704974
 0.01104441520686336
 0.01059863284997459
 0.01051683548225214
 0.01152037373469231
 0.01210222148318651
 0.0104926796686206
 0.01149992976535679
 0.01066409004491036
 0.01127072210486852
 0.01057462666776578
 0.01203008488081732
 0.009389089190772564
 0.01038396590342069
 0.010544867881602
 0.01101624027988879
 0.00950810303796759
 0.01099006389893707
 0.01058629020998816
 0.01105764886836812
 0.01024438056909837
 0.01071376509648734
 0.01084704083636674
 0.01075956893038491
 0.01133721780868275
 0.01088832937894444
 0.01116915075255442
 0.01147028953404175
 0.01118587038625272
 0.01160276684105441
 0.009697910255809714
 0.01171211879839295
 0.0111689628840851
 0.01092487379963502
 0.01121794695413809
 0.01124826085354787
 0.01229548256923992
 0.0114920556726705
 0.01070615100572797
