# Created by Octave 4.0.0, Sat Feb 26 14:42:13 2022 EET <li9i@spell>
# name: mean_trajectory_errors_amcl_i
# type: matrix
# rows: 1317
# columns: 1
 0.07735323494126733
 0.07808412765606393
 0.0783221693574182
 0.07797182759905252
 0.07801854307090383
 0.07917489034039352
 0.08042790661569499
 0.08026584145650922
 0.08216052606380729
 0.0801059671657277
 0.08445199437386749
 0.08437196055434565
 0.08465464776297982
 0.08485737060842496
 0.159635223572661
 0.08308560157998335
 0.08301292465433745
 0.08218139717217977
 0.08344710067379396
 0.1288123946858113
 0.07870166588062652
 0.07702762532617517
 0.07555237880298779
 0.07407857699565348
 0.1043926850599316
 0.06015741319917806
 0.05803927081452162
 0.05715605384652155
 0.056682885310533
 0.09100392850568306
 0.05173820057769625
 0.05118492298353891
 0.05029647389968687
 0.04853201329128479
 0.08598307143236755
 0.04475429300770777
 0.04407026663511392
 0.04513254625349238
 0.04271902181275128
 0.08743461421039536
 0.04397826562824107
 0.04298826442255652
 0.04247235972371302
 0.04267223199500216
 0.07908488892952725
 0.04005354383106725
 0.04090201218050447
 0.03949441140363811
 0.03920516478391874
 0.07786811857992697
 0.0374296392354536
 0.03756184755222647
 0.03749523579273974
 0.03719856942808131
 0.07275106797641845
 0.03723096119456164
 0.03706300309284498
 0.03599759019736312
 0.03692127077757702
 0.06617733218011718
 0.03354993445362804
 0.03359747504897963
 0.03271934940986673
 0.03285863528120894
 0.06413542253113619
 0.03093605608005893
 0.03130968546000678
 0.03154881859102486
 0.03111706782382286
 0.05602190038686754
 0.02942363379481675
 0.03099609955944011
 0.0287279263264781
 0.02850408351161311
 0.05637463789593865
 0.02840001864542351
 0.02861510848904628
 0.02909260381143856
 0.02825499503217426
 0.05347214170903777
 0.02788653768610747
 0.02781112596326226
 0.02711935622162641
 0.02656723135755898
 0.0518240110104488
 0.02670193904387591
 0.02610647050737498
 0.02618492147359594
 0.02676690633224742
 0.0499573945962502
 0.02485873707942442
 0.02593093245979646
 0.0260781721445073
 0.0245281594821062
 0.04767125750517871
 0.02649250927930523
 0.02527432149045027
 0.02620877350918793
 0.02567669224099178
 0.04434545581829152
 0.02538113606323941
 0.02541272657389737
 0.0232906827474554
 0.02437108819737165
 0.04782681176244447
 0.02295294676788797
 0.02293346240459541
 0.02303002102120601
 0.02297315540381937
 0.04316382838389878
 0.02201120387004558
 0.02148367671467746
 0.01974792217968838
 0.02114269155249649
 0.0424755815042963
 0.02035790429602435
 0.01941427041205906
 0.0198038907562988
 0.01980084234247247
 0.04234194539102264
 0.01983197008008011
 0.01978615279037728
 0.02088244518832352
 0.01940292279846051
 0.04018960263839595
 0.02054704102155832
 0.02030650242292979
 0.0199046822762257
 0.02006088289955043
 0.03755392610560036
 0.01832103120011207
 0.01720030279486864
 0.01845272075819887
 0.01910224586481056
 0.03721382092926969
 0.01918898433347156
 0.01777344886884782
 0.01713415556091656
 0.01593487046348287
 0.03679061635068615
 0.01576918000236686
 0.01580489007627667
 0.01477873628766521
 0.01510754603803793
 0.03830077217739346
 0.01514556103624096
 0.01468289318290772
 0.01463416665752123
 0.01560769602889336
 0.03546340250503047
 0.01529057464798331
 0.01500626703343062
 0.01536916373862306
 0.01608144486605127
 0.03397200503975152
 0.01623012776923757
 0.01750352796453285
 0.01634855526695526
 0.01618189192954043
 0.0322728812486559
 0.01490057267209723
 0.01589954035971729
 0.0145784538026525
 0.01478639074470092
 0.03236490443988581
 0.01335677449814529
 0.01201825662019859
 0.01384127166007252
 0.01392011348464107
 0.03449138149715883
 0.01288466035430727
 0.01282672041482595
 0.0128723418292291
 0.01251775243038529
 0.03296431141420014
 0.01461277844197985
 0.0130406772794819
 0.01446560772275196
 0.01379205438019541
 0.03011610699858362
 0.01262215788306042
 0.01347503421701318
 0.01263861561350838
 0.01309887328591455
 0.03188034267749388
 0.01309997705516215
 0.01394157669261892
 0.01307448314877179
 0.01273553313881256
 0.0319186785120365
 0.0142429413174505
 0.01334918911012299
 0.01291208520770089
 0.01298023975736255
 0.03003917675423474
 0.01340143904791121
 0.01312315083564868
 0.01416614913902002
 0.01340112941329847
 0.03410759741356566
 0.01131910390124358
 0.01199469499142519
 0.01237007451935826
 0.011702368702882
 0.02921491821069023
 0.01168366380636385
 0.01187432955265792
 0.012119264628693
 0.01208512122396492
 0.02949846158544121
 0.01263956237325068
 0.01191555351709919
 0.01248486997858422
 0.01218244728619383
 0.03008082176032027
 0.01165645843675554
 0.01165205076616206
 0.01022449905585104
 0.01295639718941994
 0.02866033818602165
 0.01377447440336628
 0.01202402518370957
 0.01323661742866502
 0.01141147149501004
 0.03005213324313511
 0.01277313857017973
 0.01323951853494396
 0.01208337059204981
 0.0132246634810616
 0.0293128193395933
 0.01288221811481611
 0.01254912521330507
 0.01332282937915565
 0.01314531934108395
 0.02738448236225489
 0.01202139269050629
 0.01239106838077006
 0.01150627319331536
 0.012156139606161
 0.027212094936484
 0.01292501539134288
 0.01260028394520601
 0.01296249594190235
 0.01204536101578207
 0.02956614290394889
 0.01262826536264669
 0.01249164614588031
 0.01266071844965033
 0.01333141001972614
 0.02848060572822573
 0.01147731949077339
 0.01182827904218539
 0.01177506693443747
 0.0118646890791106
 0.02599335569805612
 0.01216297731106475
 0.0121841799313989
 0.01254884757292452
 0.01178224096821822
 0.02743556528417145
 0.01267347649836616
 0.01271878591211693
 0.0118914709912759
 0.01256946438849958
 0.02752576732449587
 0.01264413892298702
 0.01241780851442924
 0.0125351677903215
 0.0128324177547354
 0.03211951340466943
 0.01177589131391563
 0.01251758481659418
 0.01179070810350276
 0.01299094200028549
 0.0302525405096769
 0.01180184467856206
 0.01263231567685693
 0.0134022820976435
 0.01209493922050496
 0.02806885426309724
 0.01136454849616518
 0.01268466015631707
 0.01209461895237211
 0.01206943896269992
 0.02623568426324743
 0.01199564721732768
 0.01187169952856278
 0.01264175320105004
 0.01363410737187088
 0.02984211815966628
 0.0127173411054222
 0.01219482210535514
 0.0126703124948176
 0.01239172088317033
 0.02628693478210082
 0.01389360237086912
 0.01352626469327537
 0.01401782762867473
 0.01382248775628111
 0.0283974303029498
 0.01348627937270938
 0.01258142448640483
 0.01373988067401724
 0.01307242643892307
 0.02628096684171789
 0.01319715794871577
 0.01273463036676727
 0.01343167086477358
 0.01255762429464365
 0.02784988919446896
 0.0120958381234778
 0.01158219405772358
 0.0127396932268578
 0.01126341876536748
 0.03000435713525589
 0.01207486713799825
 0.01228719263843821
 0.01436387354803772
 0.01253623692392132
 0.02782764995446475
 0.01401676280335737
 0.01272315774134912
 0.01381579260824711
 0.01270499207181976
 0.02887162352377112
 0.01333186395765476
 0.01328750988252686
 0.01373895956225571
 0.01326010231718985
 0.02905575052756471
 0.01282228206035584
 0.01265662549789453
 0.01265247242979609
 0.01187556091177051
 0.02896580424801653
 0.01276969585431509
 0.01276144220250941
 0.01258055684872668
 0.01342289654751494
 0.02627976308006543
 0.01349469620350402
 0.0126135832401029
 0.0123497353877743
 0.01355702862868188
 0.02713826129601601
 0.01256184622208801
 0.01254387623113025
 0.01301841652235471
 0.01278451440956651
 0.02851657465733933
 0.01290654077178737
 0.01268898926763803
 0.01293114438433745
 0.01259115467057727
 0.02439425501705407
 0.01248568118899704
 0.01227166124328729
 0.01227614887691563
 0.01281032808982966
 0.02611930076865896
 0.0125328927095895
 0.01341618122100355
 0.01371438192371613
 0.01329821343284867
 0.02946209625435629
 0.01371383267213683
 0.01323119289381259
 0.01328529315370747
 0.01314925702908602
 0.02760762745721464
 0.01303123060857779
 0.01270936722102181
 0.0126320286971282
 0.01291783775144651
 0.02579598872370879
 0.01323146288719195
