# Created by Octave 4.0.0, Sat Feb 26 14:43:11 2022 EET <li9i@spell>
# name: mean_trajectory_errors_amcl_i
# type: matrix
# rows: 1333
# columns: 1
 0.04001522207601675
 0.05897714260187076
 0.07341518831940189
 0.08118473388966715
 0.07457956322506427
 0.09662978712055596
 0.08951292936267281
 0.08317714309542273
 0.0690702047405516
 0.05977693272852455
 0.04717306699661168
 0.05098455619162305
 0.05503223423442846
 0.05970814743699104
 0.05419940996739259
 0.06630109406078555
 0.06746293147522743
 0.06857678339917814
 0.071244836416266
 0.06038168389208476
 0.08152695371510275
 0.08220904788184341
 0.08259688917947483
 0.08217549094979326
 0.06855279895614297
 0.07766852147180045
 0.07618697807037192
 0.07484802500819611
 0.07408400509716143
 0.07025927450193843
 0.06915514522703858
 0.06768614804572409
 0.06654500187013451
 0.0658509890577975
 0.06907269080401991
 0.06156343743702268
 0.06071420512312382
 0.05967092676201491
 0.05886395232766929
 0.06543718195695405
 0.05403586723713036
 0.05322295245729219
 0.05239579486171446
 0.05178445766021256
 0.06207618704733434
 0.05056942949838002
 0.05068348066556333
 0.05006155104298506
 0.04973873547987209
 0.05723045215719423
 0.04834687680961453
 0.04769406772180036
 0.04703560553898878
 0.0470630877922439
 0.05414684272236297
 0.04554878190248993
 0.04521996845360793
 0.04490456084475411
 0.04423787762231949
 0.05030752316383524
 0.04292744958655599
 0.04198492477892549
 0.0429872363140141
 0.04217267932378448
 0.04639900363400347
 0.04177312166547455
 0.04040958137623348
 0.03998464149175938
 0.0408243293646264
 0.04381559862108615
 0.03975113646068876
 0.04050079552078302
 0.03913183680872998
 0.03850553333839497
 0.04225786769283939
 0.03758096781526871
 0.03726059864750117
 0.03777488767515294
 0.03651297556784876
 0.04011236129412254
 0.03632901271939562
 0.03560893283534215
 0.03510029079514647
 0.03502335688547692
 0.03834195542574041
 0.03504978671193912
 0.03472847276351607
 0.03361701175922564
 0.03374929433380804
 0.03673011396644757
 0.03348590389400666
 0.03414933780852554
 0.03380428200207423
 0.0321819924196516
 0.03491060297106831
 0.03268503586224276
 0.03190948509433342
 0.03200004128779589
 0.0311200715564328
 0.03401242562057642
 0.03105326370560322
 0.03049694133818921
 0.02961735305209831
 0.02975240289185213
 0.03288706922633279
 0.03062433625504943
 0.02977577115878269
 0.03017035713215518
 0.02899038506716752
 0.03129320581309919
 0.02886370972546904
 0.0282114977288192
 0.02803425691618099
 0.02821909829679166
 0.03106484841755858
 0.02781699571322056
 0.02784056361117006
 0.02737258536842958
 0.02778139361327261
 0.03015438263650556
 0.02805017490142384
 0.02699810746421279
 0.02667017645577244
 0.02742208980054115
 0.02852099968251782
 0.02659638873092851
 0.02623129966614986
 0.02550745663324791
 0.02542980408853187
 0.02686694636086825
 0.02532930136664421
 0.02452097066192405
 0.0258655943524029
 0.02383606575364933
 0.02685245953208242
 0.02390564900237601
 0.02446921695441967
 0.02475624161149229
 0.0240082014371334
 0.02548869586123991
 0.02323498944928847
 0.0231186370434047
 0.02310081885209012
 0.02285792824082462
 0.02462129958890918
 0.02291944896820588
 0.02252301519879681
 0.02217834882290087
 0.02214922739436195
 0.02361368040203878
 0.0220572719889943
 0.02207023466462422
 0.02085380387202137
 0.02137961990129347
 0.02285386248133615
 0.02074382292651266
 0.02135820318223174
 0.02111411527658341
 0.02082736602545533
 0.02271900580948746
 0.02082922867058948
 0.02004396527970753
 0.0208043239453605
 0.01995596937595143
 0.02147526015440632
 0.02046292540601869
 0.01939150837316337
 0.01916602813516286
 0.01906068759011088
 0.02087981696682136
 0.01980626814853381
 0.0186909387274608
 0.01914395380916044
 0.0187578166066631
 0.02060363572214883
 0.01914012277744221
 0.01870382028942553
 0.01853096032460797
 0.01819874154986133
 0.01989149883784956
 0.01790862253623035
 0.01771271944742782
 0.01703973155884689
 0.01784618072540554
 0.0181259086823154
 0.01681932637366152
 0.01710786099792271
 0.01667862124566687
 0.01714807819674193
 0.01831759968408913
 0.01705353054409639
 0.01630527152624899
 0.01661278581900983
 0.01717627197802086
 0.01775425217346435
 0.01631988878193556
 0.01587095289561332
 0.0153455547866373
 0.01563059481995718
 0.01706154776784841
 0.01520412041984411
 0.01545489565959101
 0.0153056465454595
 0.01422793938279965
 0.01680462109649013
 0.0151531996987974
 0.01410646054565912
 0.01479424847325162
 0.0145400960193212
 0.01577509131476448
 0.01481404136161592
 0.01448640494644524
 0.01434350404803436
 0.01381546849998699
 0.01555854829454432
 0.01379805787059366
 0.01389082636019451
 0.01365985047914997
 0.0136398311584431
 0.01548242037672205
 0.01369496375490369
 0.01348080376541183
 0.01360469915625188
 0.01310104777852135
 0.01452565451907162
 0.01340129892233539
 0.01315480715722213
 0.01339868962713645
 0.01289456964849593
 0.01412665270811137
 0.01328884545230064
 0.01344600884327496
 0.01240154999355143
 0.01232089055032849
 0.01353365236574095
 0.01262344153993151
 0.01304287764003719
 0.01200641642372808
 0.01237101402813632
 0.01380636958841653
 0.01170749398051027
 0.01199465588442398
 0.01120898626445651
 0.01150188239384119
 0.01342184655055639
 0.01161694672014315
 0.01177199647123308
 0.01190583420413531
 0.01121278004989196
 0.01369048465676448
 0.01158017672082381
 0.01139548438966362
 0.0111329592101071
 0.01167798896500374
 0.01254679620244742
 0.0111603283101346
 0.01096242383086169
 0.01079869402322133
 0.01069209044359577
 0.01231820452822186
 0.01131843730372213
 0.01072100208412791
 0.01136637011581374
 0.01114830556248528
 0.0119875233307757
 0.01074783200452674
 0.01051436306165555
 0.01068136349669185
 0.00993295449289674
 0.0124228610016216
 0.01054148692836608
 0.01110030217817837
 0.01035329173007135
 0.009753690572989682
 0.01156523306840921
 0.01060774758920823
 0.01086764827468142
 0.01068649036042223
 0.01053169799264307
 0.01246355411687542
 0.01058784072045302
 0.01143536455020309
 0.01023784057451821
 0.01011308215736057
 0.01203500433089408
 0.01013501103072092
 0.01025641851296534
 0.01066005993853442
 0.01058685759603607
 0.01194418808609297
 0.01056641638037999
 0.01049538928936063
 0.009573376466494966
 0.01162238176458922
 0.01212267116902192
 0.01043993019899038
 0.01058778222829091
 0.01032339474166014
 0.009947284284455345
 0.01216797049448223
 0.009902464788068934
 0.01078660870950999
 0.01147555794964005
 0.01024330447021
 0.01208893512514778
 0.01115569348534774
 0.0103199902706128
 0.01067617373740705
 0.0113078616405759
 0.0120398435299353
 0.01009548605353712
 0.01078504619497161
 0.01065128525051249
 0.01085969474007355
 0.01233600100822701
 0.01051884104838709
 0.0103543202467124
 0.01156563589929294
 0.009926741994791728
 0.01247826738138132
 0.01205748493894797
 0.01136911188958498
 0.01099859366978039
 0.01154880793562904
 0.01256151925270383
 0.01200192066312096
 0.01167285771589756
 0.01108931001791482
 0.01223446945435919
 0.01210331508245933
 0.01254053399802664
 0.01178583704172693
 0.01194459401944409
 0.01149172038652506
 0.01264760851293797
 0.01177430692097117
 0.01164778891374162
 0.01177795275725698
 0.01103741585400857
 0.01194975753671152
 0.01142681844216004
 0.01122447126839137
 0.01106880934912848
 0.0109872957888185
 0.01262383367658573
 0.01206404695595298
 0.01060506117561438
 0.01257193867433891
 0.01146387594635652
 0.01189000736560578
 0.01193826241556862
 0.01127553756793878
 0.0112672704040455
 0.01134263075242955
 0.01200619073180402
 0.01182268794860628
 0.0113458638224005
 0.01175701710766003
 0.01109608024154369
 0.01211878951005571
 0.01214165585490151
 0.01166132157960586
 0.01228718624370906
 0.01210237687813526
 0.01201406059491556
 0.01301561410467883
 0.0116642614997816
 0.01090393920285964
 0.01259816843692269
 0.01214204852410084
 0.0129404765149756
 0.01310002436760114
 0.01239829115945469
 0.01279062361457125
 0.01243662744187974
