# Created by Octave 4.0.0, Sat Feb 26 14:41:14 2022 EET <li9i@spell>
# name: mean_trajectory_errors_dft_i
# type: matrix
# rows: 1340
# columns: 1
 0.003769187559467098
 0.01001900883976898
 0.01095624514635637
 0.01266972834013162
 0.01230204576564271
 0.01299890706038083
 0.01098839019357087
 0.0101460860381832
 0.01153341267147289
 0.01108175372019496
 0.01135283803764153
 0.008251269206317814
 0.01193741380215347
 0.01243775426999011
 0.01275683109077236
 0.0122393087229011
 0.01254861444797239
 0.01297209968684963
 0.0130800942872358
 0.01283566554858407
 0.01034831806451278
 0.01294549402901622
 0.0123427370149336
 0.01231110510861787
 0.01234070452054419
 0.009403863830379486
 0.009257449546448755
 0.01175559047391442
 0.0101704426423108
 0.0116697455712184
 0.008812417480953884
 0.008567784948379571
 0.008938684827806985
 0.009438311226796656
 0.009894474088798462
 0.009986607495911667
 0.009721195290155993
 0.01002921610981171
 0.009363933175014369
 0.009481455489593846
 0.009318932670704522
 0.009331968157119865
 0.009461630632690328
 0.009825592967994949
 0.009771094673645404
 0.009816261835903711
 0.01028445092024768
 0.01062961865425267
 0.0101490827358569
 0.01063962288740548
 0.01098001465194927
 0.01019365256728188
 0.01114350124854108
 0.01114773708453905
 0.0108260869680299
 0.0109225118166211
 0.01129586457951327
 0.01090562615617868
 0.01132092399332161
 0.0115094618128233
 0.01140587536387312
 0.01197349569384714
 0.01213752632207401
 0.01190820928243113
 0.01191884497120998
 0.01231711876124226
 0.01178414608303532
 0.01222900698916013
 0.01209426414017963
 0.01267190869538425
 0.01277188594379845
 0.0121095113436121
 0.01203895000344463
 0.01214218120702812
 0.012360720477149
 0.01273447456679319
 0.01213088624961067
 0.01252100302006074
 0.01333928509513641
 0.01346341610754094
 0.01228195643826064
 0.01274317369101423
 0.0133995008920468
 0.01340804781212053
 0.01357409855078825
 0.01316921593453131
 0.0127544466091269
 0.0139770509548789
 0.01320371166440754
 0.01342238695942853
 0.01365295464167025
 0.01311910343055482
 0.01291024687365676
 0.01352458068768024
 0.01413605028153984
 0.0132858265164246
 0.0136270491669118
 0.01386390198586192
 0.01373354113290587
 0.01261607159056656
 0.01303905652426913
 0.01394485743713604
 0.01355953878907148
 0.01285652787840693
 0.01301610081733033
 0.01334548509105915
 0.01321774516664936
 0.01262245299128163
 0.0132797335449207
 0.01313020500904542
 0.01208278362813569
 0.01337742101116516
 0.01333198712668027
 0.01432828852714744
 0.0131376539186249
 0.01454557055186273
 0.01365911616343091
 0.01369456425636379
 0.01372852493478643
 0.01346016165990367
 0.01334335590583892
 0.0125580622433107
 0.01306705552130197
 0.01258872396091533
 0.01243333062383938
 0.01226987796782944
 0.01258516172106046
 0.01280791126328701
 0.01129566576178313
 0.01145801223843597
 0.01199658596292149
 0.01267031541829857
 0.01392594539687662
 0.01370316488462443
 0.01206811146538682
 0.01308924469875362
 0.01264776262817833
 0.01311945451183256
 0.01193267602811848
 0.01268126181863886
 0.01347580541093608
 0.01422709023441654
 0.0131969431341212
 0.01373574911457682
 0.01410304526200273
 0.01384128993595882
 0.01293773925403247
 0.01314130642136399
 0.01422908350761441
 0.01338999712114825
 0.01336416993570448
 0.01453529661644115
 0.0142028051022929
 0.01393856944026522
 0.01408033235382571
 0.01287206670203158
 0.01407090048869029
 0.01332009889760686
 0.01398785964961943
 0.01402472381903577
 0.01286825940012976
 0.0140581324845615
 0.0134937807513369
 0.01244678554672049
 0.01408275951339899
 0.01280669648379477
 0.01324556029795236
 0.01444887584447986
 0.0128493270513412
 0.01418816849781619
 0.01420504652733202
 0.01346928267807578
 0.01365388413563932
 0.01292852273265573
 0.01334897313747595
 0.01277340059216689
 0.01408787425847745
 0.01386657597323428
 0.01329488542906679
 0.01396073213090564
 0.01345535935503094
 0.01291467358189834
 0.01315843189803621
 0.01460016871778379
 0.01408015426291264
 0.01345550575633966
 0.0144962591131257
 0.01356666985003213
 0.01423653301562407
 0.01332657156330268
 0.01337382842202647
 0.01411239569164105
 0.01319258184534108
 0.01394265689920407
 0.01397955490968048
 0.01233014028844107
 0.0134803277782076
 0.01216196985372522
 0.01239723249114057
 0.01329101880443916
 0.01270054579122999
 0.01420519706749824
 0.01401725035793267
 0.01236477855555773
 0.01367753512391846
 0.01282724005821449
 0.01248313687304068
 0.01330621526000694
 0.01366001219925423
 0.01259089843607509
 0.01414802828589774
 0.01391156985138379
 0.01413765932403863
 0.01531003687032216
 0.01401570217188597
 0.012985385963959
 0.01420099399049556
 0.01343962713909811
 0.01441338105081038
 0.01512722827632087
 0.01087247846857693
 0.01349144293826763
 0.01443795592529641
 0.01238729973605836
 0.01232387934668031
 0.01272488126121741
 0.01370467804446746
 0.01309426763179226
 0.01451530533977478
 0.01454200854293124
 0.01335379303155284
 0.01376227657436
 0.01280885049642444
 0.01379100741203697
 0.01351292875679977
 0.01381031061310102
 0.01339970761298477
 0.0136500337075677
 0.01357673557823772
 0.01384277633481488
 0.01504301992218993
 0.01340840711694831
 0.01492147675851362
 0.0137622892196004
 0.01339720469355793
 0.01508098588983584
 0.01455373863364837
 0.0135339100762915
 0.01554977116115681
 0.01389605923360614
 0.01408879304581451
 0.01435839186576502
 0.01369770523128323
 0.01526978200344251
 0.01537972740861962
 0.01364855434816607
 0.01399108449525916
 0.01529414426193271
 0.01291274998701027
 0.01471760194015269
 0.01521854746893202
 0.01356338762190296
 0.01438289163424825
 0.01430299914652999
 0.01449945993543917
 0.01439733985359865
 0.01503111098274813
 0.01421888724569714
 0.0131833849037502
 0.0163108725530617
 0.01550063355570133
 0.01455968821054433
 0.01626037725813943
 0.01640275197596389
 0.01490973259513501
 0.01457266613885743
 0.0157821242664986
 0.01673590298058267
 0.01560320614077717
 0.01569319554314823
 0.01510795281454969
 0.0151494840922882
 0.01563296202139161
 0.01524431926299866
 0.01630439484250602
 0.01494203288919974
 0.01528478485799413
 0.01486850953951947
 0.01558788179986745
 0.01496392184166728
 0.01535798133190293
 0.01455704123047029
 0.01507928083252007
 0.01645282775206646
 0.01466303080298218
 0.0166089794119131
 0.01546860156449635
 0.01602894542957152
 0.01588242138022768
 0.01610893992720386
 0.01618542756939435
 0.01525491319333111
 0.01632411498132012
 0.01718126122071621
 0.01559791826170503
 0.01524416536646263
 0.01643533593041494
 0.01651917446124772
 0.01634246136720621
 0.01657882678096519
 0.01694407665519379
 0.01741981006987466
 0.01615505005284846
 0.01720119585959935
 0.01682908248142861
 0.01596033289635751
 0.01632003468045847
 0.01764717143686449
 0.01506279430751496
 0.01633768622403944
 0.01646069711944883
 0.01436628741530643
 0.01596450603465247
 0.01483602135516988
 0.01500514494271974
 0.01527099349755067
 0.01508298678233705
 0.01661103985374286
 0.01558049857739821
 0.01419150126430659
 0.01483626031852844
 0.01507947049632009
 0.014569409434045
 0.01625001143331168
 0.01426139302776655
 0.01416742718611918
 0.01654257604956267
 0.01536957355686731
 0.01412602250155387
 0.01556456446838869
 0.01486535709317189
 0.0144049903129756
 0.01593081501358475
 0.0144977701897695
 0.01601008321790997
 0.01464151656116938
 0.01573694418048556
 0.01562147945257426
 0.01547372333029885
 0.01452660963842324
 0.01369465674610395
 0.01453465904557486
 0.01434677593965773
 0.01483563571415804
 0.01532159023404875
 0.01323969451683162
 0.01387644156568995
 0.01465556166781121
 0.01295212001319914
 0.01396299337391361
 0.01385805129842793
 0.01303137875662701
 0.01341195382250248
 0.01409868088122075
 0.01380076775883733
 0.01368120579188865
 0.01335536507435054
 0.01579210047092301
 0.01336628950105691
 0.014479177609919
 0.01490588809799234
 0.01374157777972649
 0.01483961180334329
 0.01525808127681833
 0.01427508741113693
