# Created by Octave 4.0.0, Sat Feb 26 14:31:56 2022 EET <li9i@spell>
# name: mean_trajectory_errors_amcl_i
# type: matrix
# rows: 2040
# columns: 1
 0.07735319023082346
 0.07804569766452712
 0.05114324906851622
 0.06730080776988563
 0.02851681018200242
 0.01923502509304968
 0.02458464563967078
 0.02144734679774769
 0.0149130150262127
 0.02561632808549594
 0.03325077694794486
 0.02579432765466604
 0.02583697737435378
 0.03006337499755993
 0.01834480062008306
 0.009000928390473045
 0.01443687002520692
 0.02709138036240462
 0.01325665513762643
 0.008191284026188912
 0.01223027876320477
 0.0116979308394632
 0.02014729239751397
 0.005427764781613311
 0.01148497322104472
 0.01236793127846898
 0.01156983633507006
 0.007286891596291244
 0.007120082449385335
 0.006264999436744904
 0.008729581542171176
 0.008875936578124804
 0.01068212664116486
 0.005987836546811154
 0.009355156875201878
 0.005221230327603131
 0.006339766851399015
 0.008735501345812788
 0.009438634321327155
 0.01155996971662829
 0.01015933931492658
 0.006750974392616819
 0.006086748508750502
 0.006404999408591129
 0.008646855829198729
 0.004619643573600482
 0.006996112661568891
 0.009637244002831308
 0.01022932288728325
 0.008063589756558662
 0.002897846198395149
 0.007023582944371696
 0.008805178791757904
 0.00538174010354321
 0.005642330454634008
 0.008911446735769796
 0.007409700621362238
 0.01088797478217494
 0.00440005422244124
 0.008167270654045936
 0.005102008396610235
 0.005469277582123871
 0.006764844056986571
 0.01022464352324612
 0.00679601277358974
 0.009547093999383728
 0.006592689706005038
 0.008420253375091429
 0.009167227750201519
 0.006892798923897407
 0.01080926930561661
 0.009421693769478899
 0.00796711649157391
 0.008014248123347143
 0.008394932543119054
 0.006357244451646149
 0.007709747380297779
 0.007904142619571713
 0.008202721711254805
 0.006970148329929237
 0.006645461094133469
 0.009597610029193147
 0.008452782859716169
 0.007489161926298942
 0.007941225514109447
 0.01109446664201223
 0.009068786045998974
 0.00953429845134997
 0.006509021914614676
 0.00780467361783117
 0.008482312298352352
 0.01042238242194988
 0.007131181775332479
 0.00610874915806606
 0.009498504479476973
 0.008266450751606341
 0.008140572605275075
 0.008529696351283256
 0.008333419200114468
 0.00867040946585311
 0.009355377343609889
 0.00949427557717672
 0.008935817398000361
 0.007464293013466277
 0.009540719880912547
 0.01085815359210963
 0.008988377034901593
 0.01005516500562141
 0.008244979151160837
 0.008063845472923728
 0.009200770922405784
 0.008584614891761579
 0.01125313319217563
 0.01022684443680547
 0.009635659930160117
 0.009181347140888047
 0.007869567908938382
 0.008916028323640524
 0.00986948220995364
 0.009014756961534583
 0.01027391747221537
 0.009496669908644503
 0.009692530288643527
 0.009254858030338304
 0.009029887526668562
 0.01038194494082183
 0.009204425545927554
 0.01183198354001119
 0.01030083952713343
 0.01130294480223934
 0.009185377901220681
 0.01044224963245884
 0.01285677787026156
 0.01176671005730516
 0.009728272308505075
 0.01008775226734466
 0.01235910004678288
 0.01040598117178599
 0.01136840901208882
 0.01106173599626271
 0.01120108382422839
 0.01022762042509108
 0.00997761952386713
 0.01073944964628555
 0.01149207000704054
 0.01060337892337736
 0.01092690997541196
 0.01066195958359331
 0.009553429799390112
 0.01100582092891328
 0.01120296254164173
 0.01186211211319321
 0.01120849001955862
 0.009866795238689982
 0.01191055940320054
 0.01040291961896357
 0.01128403196410933
 0.009009696797070994
 0.01092664932673679
 0.009943545624973685
 0.01004484794765188
 0.01137476357948833
 0.01264648329734852
 0.01135168942113504
 0.01270984778024744
 0.01143275482182247
 0.01258473577118921
 0.01071346876218477
 0.009842893419633271
 0.01202567498261794
 0.009693937730266656
 0.01329296886444804
 0.01276525333082459
 0.01213608704848692
 0.01172812153925259
 0.01217624639120017
 0.01184503860047318
 0.01329492258143354
 0.01008562675025848
 0.01212204740950504
 0.01072917343390857
 0.01281450962534202
 0.01264523446210935
 0.01191683456308291
 0.01122172597723501
 0.01158656098301616
 0.01207295136816059
 0.01293910962810956
 0.01197462399110002
 0.01162060921737363
 0.01100835758173798
 0.01172502944484638
 0.01200308087161862
 0.01023001541968149
 0.01232937752363577
 0.01182555615702477
 0.01145471088000259
 0.01450409112461153
 0.0125246672765794
 0.01293728060555381
 0.01052181923807946
 0.01181091146862758
 0.01158573347027288
 0.01261410381525165
 0.01106910992331471
 0.01226355209933348
 0.01019737637697151
 0.01139908325369285
 0.01154916353048313
 0.01248083261911859
 0.01057669029575074
 0.01184743125130261
 0.0114230554797609
 0.01167817055963413
 0.01317179411337131
 0.01138649893371659
 0.01144079446664441
 0.01133933283262601
 0.009421981150972494
 0.009328144566553769
 0.009352007513295355
 0.007839938883341115
 0.01081071912651741
 0.01001847668291541
 0.009481991591640905
 0.01048825294867705
 0.0139854346423941
 0.009479333826645623
 0.009068442922150179
 0.008701686013219967
 0.007992846407150828
 0.01043727005543845
 0.01188731927137184
 0.0105508892524216
 0.00901566880091653
 0.01046129812143878
 0.009276366182065484
 0.01186228347002345
 0.007935858201637901
 0.009842583942774369
 0.01031128580647984
 0.01110931358379883
 0.01268818385914177
 0.01036570417042437
 0.01119146304258498
 0.009617656683132775
 0.009892397076427121
 0.01109430457987069
 0.008889814400046832
 0.01034346734076605
 0.008808656571395578
 0.009628014394056179
 0.009382938670137628
 0.01073842857184431
 0.009901554640241159
 0.01028359884242578
 0.01029474906256465
 0.01163725251748077
 0.008395129487323889
 0.01049696046559153
 0.008854426171974655
 0.01080043958071675
 0.008804850113664983
 0.008997019486914157
 0.009139742733482012
 0.01049932276962673
 0.01098537572221013
 0.009411888594008485
 0.009890210895631569
 0.01098265182267582
 0.01089368477383645
 0.01004372899071452
 0.009796565116780826
 0.009794787970741037
 0.009788582637567234
 0.008896203109986737
 0.01065917235871326
 0.00868643348121893
 0.01087635297595262
 0.01002599942314753
 0.009489063609012596
 0.01040030868318398
 0.009109752362861259
 0.009047321030181209
 0.01111080771271851
 0.01055257368077469
 0.00980326566783048
 0.009447450020574047
 0.01083979127925878
 0.008663722754726148
 0.009431478125080918
 0.01024762646147155
 0.01023550495072383
 0.0102698335979282
 0.009330680736395293
 0.01041931032191503
 0.00991966213437368
 0.00899506307506789
 0.009263229249525162
 0.009768033552128609
 0.00999416674973813
 0.01047697849283825
 0.009557899527561541
 0.01005153715419856
 0.008359356060346962
 0.009355879475048127
 0.01105373103293883
 0.0101582632525639
 0.01034517193475575
 0.009637518350309109
 0.0101072548981641
 0.01035930321774439
 0.009271067849484494
 0.0104643218685398
 0.00976606577434401
 0.01066332142199891
 0.009303608816084122
 0.009533562529286936
 0.01004528295658695
 0.01026693764736604
 0.009760681675391632
 0.01102512125350923
 0.008861672980221962
 0.01121648026146407
 0.009462924679546961
 0.00943832388551639
 0.009519129305126472
 0.01061889768121867
 0.01076390325896414
 0.0103592216986724
 0.009958467306551325
 0.0101694677766482
 0.009945756861935369
 0.01083126694198671
 0.01009806371785312
 0.0108717829284877
 0.01016857410943121
 0.01032145119768758
 0.01010724016562864
 0.01077629418496161
 0.009682266921163592
 0.009087568712912464
 0.009429259058793922
 0.01003416865225101
 0.00904636547679984
 0.01109336185282275
 0.01019781423243369
 0.01013210427221774
 0.009882683060368599
 0.01016493295541271
 0.01048877293782983
 0.009921292856965101
 0.01070584130710364
 0.01080260061496175
 0.01119533176294682
 0.01021636270899819
 0.01077489125500302
 0.01035145170926659
 0.01076896687695553
 0.0105281211831426
 0.01030644572657529
 0.01049789971922623
 0.009741981378709758
 0.01116639412287924
 0.01145597610887926
 0.01047136223670857
 0.01068907405899616
