# Created by Octave 4.0.0, Sat Feb 26 14:33:25 2022 EET <li9i@spell>
# name: mean_trajectory_errors_dft_i
# type: matrix
# rows: 2044
# columns: 1
 0.009136442756191968
 0.004482255326386748
 0.005112537316672989
 0.007425140815488664
 0.007644800238775617
 0.008625975504131685
 0.005997177345433308
 0.007345092593806258
 0.007599978461011774
 0.008409445691370037
 0.005674780586686703
 0.007209851361852022
 0.007417068729022367
 0.006500496476819639
 0.005605216258912267
 0.006391909670251139
 0.006556034763374569
 0.00700532744489211
 0.005657616063990414
 0.006139829728971615
 0.006698025387913344
 0.006233244064764595
 0.00535472870457309
 0.006691530543670351
 0.007258402128069252
 0.006826031585661139
 0.005586569252768939
 0.006948887302955218
 0.007304258947295607
 0.007530194131217903
 0.006198097735662544
 0.007051039489335199
 0.007459940005106492
 0.007663012843217458
 0.006575211525418734
 0.007932544008514524
 0.007763650492349384
 0.007943047851167489
 0.006991734022902062
 0.008169160870384088
 0.007979800454307275
 0.008041054756338123
 0.007393030915619679
 0.008466325715753687
 0.008659229035299412
 0.008549034922713444
 0.006686230101073111
 0.007962224677495312
 0.008675960468095063
 0.008252836819546579
 0.007818252870384634
 0.008483732436347981
 0.008624243997105071
 0.009038981208292666
 0.007767662495117148
 0.008731717876027393
 0.008629259982880697
 0.008421059827161601
 0.006965768328157042
 0.008787231734217455
 0.009035053112410204
 0.009016695511724342
 0.00710739560281252
 0.00897851073481456
 0.009079385512132495
 0.009065703171324267
 0.007519804345581717
 0.008562163135731953
 0.009327949660202763
 0.009037812339594262
 0.008257016042961803
 0.009565252187991575
 0.009080157670170907
 0.008924940802726055
 0.008825616890798235
 0.009055367235614648
 0.008823157059633208
 0.008700448283217352
 0.008345976628956003
 0.009079022455444199
 0.008696473287302543
 0.008774771295407924
 0.008291678379496504
 0.008652535748865511
 0.008712970388481223
 0.008681664670068173
 0.008560026109984277
 0.008831262586236763
 0.008492872972105764
 0.008457097118649486
 0.008348668575461548
 0.008753061727318502
 0.008586486948380857
 0.008663627148362326
 0.008522489398866073
 0.008798649774313496
 0.008645590595184351
 0.008782110304903373
 0.007684206183068186
 0.009123562493390223
 0.008445324512979305
 0.008850643208027573
 0.008558462590130926
 0.009346031293170097
 0.008863311422429989
 0.00845065771773954
 0.008637656038737057
 0.009370371176070039
 0.008974071452833085
 0.008752625995754529
 0.008778583206193728
 0.009127172294004011
 0.008945360590555529
 0.008904570920630496
 0.00872644081718317
 0.009439490709435425
 0.009296056364013176
 0.008958773421323812
 0.008853227014175786
 0.009279338669308378
 0.00917597940816571
 0.00932791719012774
 0.008934086457029856
 0.009502442276766724
 0.009276679347776113
 0.009295712005387922
 0.009068065215497911
 0.009912621207864417
 0.01003808256957454
 0.009545023224418969
 0.009439447338992494
 0.00967093814294318
 0.009599041967267369
 0.009761154426081258
 0.00963008429383954
 0.009720051353611748
 0.01017301005734447
 0.009657643778126754
 0.009736571796761732
 0.01021581449991221
 0.01044652588083504
 0.009747940560589353
 0.01001387752745613
 0.009834322242874205
 0.01008249664350844
 0.009455344384383016
 0.01002844265208734
 0.009747023633263577
 0.0101014750406717
 0.009815224542687614
 0.0101176712844217
 0.009652366463131619
 0.00987927829205308
 0.009562650889349118
 0.009846217044865883
 0.009817550569791826
 0.01010071596767534
 0.009861659012078781
 0.009859546424682987
 0.01005524043735201
 0.009803145095488344
 0.01001653453259303
 0.0100385175117917
 0.01021371062723739
 0.01044158427610384
 0.01032243981709399
 0.01029896061237372
 0.01047266599554451
 0.01061046218961869
 0.01059857922903164
 0.01069596306590845
 0.01087396549142817
 0.01089897749712074
 0.01072752887948061
 0.01105516695393589
 0.01116080053098667
 0.01097137694818727
 0.01112965036282753
 0.01109465359268067
 0.01107901620880939
 0.01149695792366787
 0.01154147013329998
 0.01136079680177796
 0.01188464681813199
 0.01154781660836789
 0.01200535218148067
 0.01185658760866005
 0.01172156942321852
 0.01184501086921551
 0.01177584073513543
 0.01201339271643753
 0.01219042383807436
 0.0120388865988038
 0.01196323903698808
 0.01178819380464118
 0.01213048090222745
 0.01218695035053214
 0.01198733438683401
 0.0122298091670471
 0.01181807516399173
 0.01223550643214229
 0.01190848700099033
 0.01212589672712655
 0.01175048404429299
 0.01246418452440181
 0.01247864814120023
 0.01211091719145765
 0.01176848313748956
 0.01225253298794337
 0.01192519953341741
 0.0123733865998371
 0.01254790752826673
 0.01290619284434094
 0.01210976498029909
 0.0128478727982853
 0.0122266738381272
 0.01326563105046989
 0.01253858393555993
 0.01264540833756006
 0.01161190883510283
 0.01266706099287743
 0.01260978959651493
 0.01273122170964331
 0.01224292652855009
 0.01230381573325858
 0.01242104271019954
 0.01307409152928632
 0.01227295653187811
 0.01308457747310551
 0.01210071978450532
 0.01258236631612487
 0.01191784811498769
 0.01309032842172518
 0.01216322967661028
 0.01217290100636468
 0.0120572006645801
 0.01323066902477913
 0.01221901497425573
 0.01207730646821819
 0.01245712376815821
 0.01291464094848489
 0.01234275253461
 0.01277779143375547
 0.01245958884081886
 0.01266624882059855
 0.01337515001465806
 0.01278781016877087
 0.01179797960395992
 0.01164910429716201
 0.01315849616217577
 0.01257253073881177
 0.01115356470820886
 0.01200131711430199
 0.01302683334696421
 0.01341089614809636
 0.01290301810811568
 0.01173027450984877
 0.01178426965667793
 0.01284748931759337
 0.010823256726682
 0.01114388010019209
 0.01119230125991208
 0.0135265873903063
 0.01209036836863886
 0.009515374349473475
 0.01238948402823308
 0.01302755480468484
 0.01112747560941811
 0.009094532966441967
 0.0117124357451338
 0.01349149235396715
 0.01165374204105182
 0.009450188400809922
 0.01162142652858145
 0.01278934633958566
 0.01227051533952062
 0.009830568078860902
 0.01085536447651607
 0.01172876421971294
 0.01147645752219647
 0.01019102082018669
 0.01031027030982372
 0.01127080378998156
 0.01247238335817199
 0.008668482328805086
 0.01149516058369354
 0.01153364015416022
 0.01236964214557261
 0.008572636904852052
 0.0119079697788436
 0.01183118792392833
 0.01127527673981031
 0.009542601795885569
 0.01183719192599878
 0.01124750930191544
 0.01278908177576954
 0.01080667942010176
 0.0113719515099252
 0.01101976056825752
 0.01209903825134244
 0.009417042038753038
 0.01060293692238815
 0.01241813692607113
 0.01185404376954164
 0.009952994786431236
 0.01010145363764561
 0.01162121762778187
 0.0109273303603181
 0.01034592831092318
 0.01148881652898293
 0.01129697543063599
 0.01117688157594685
 0.01095455616431733
 0.01078380980091913
 0.01139289067568335
 0.01068130900006794
 0.01206974862417774
 0.01083256999153105
 0.01174128545799134
 0.01164549946680812
 0.01151362729074617
 0.01055224761968059
 0.01062451529404958
 0.01141991830956716
 0.01033025321002502
 0.009468575891156876
 0.01103682514828487
 0.01133426285030657
 0.0112486939173904
 0.0115482249610056
 0.01140858703799984
 0.01051495312884923
 0.01148572319516818
 0.01072129978262767
 0.01134013175009376
 0.01152081006073078
 0.01180296690745345
 0.009847751312339316
 0.0114224211830264
 0.01037788841822044
 0.01100906663656794
 0.01146247363490738
 0.01093077037529696
 0.01033582888788429
 0.01208957571243091
 0.01081919143991064
 0.01164570088820647
 0.01147458226607652
 0.01140990005099626
 0.011444826249346
 0.01047745555419542
 0.01100330759570443
 0.01195510730105446
 0.01203945331571711
 0.0111380067108769
 0.01067717613409361
 0.01242608181490308
 0.01127326586611949
 0.01081423070928604
 0.01165326913550014
 0.01035162236678931
 0.0119428699111843
 0.01091665450945527
 0.01180769016246025
 0.01139111730140184
 0.01251640767274691
 0.01175234260356426
 0.01085064246312451
