# Created by Octave 4.0.0, Sat Feb 26 14:36:21 2022 EET <li9i@spell>
# name: mean_trajectory_errors_dft_i
# type: matrix
# rows: 1347
# columns: 1
 0.003949873982125714
 0.008727591248261595
 0.007184298020925437
 0.00844420713462898
 0.01177661837558852
 0.007473861086328472
 0.0107702327911837
 0.01014690805282228
 0.007867756264416192
 0.008162318008876381
 0.007766454239019595
 0.01117858134261875
 0.01213106698800474
 0.01162319765896726
 0.01263974200177071
 0.008624066770628699
 0.01287729167235948
 0.01138685629338877
 0.01037891572869305
 0.01267150538472487
 0.009245880525215956
 0.01233262835116173
 0.01253752857790045
 0.01214448805491043
 0.01217468554120537
 0.0115770496627891
 0.0122759356471338
 0.01227717271241628
 0.01249726574751756
 0.01242107228421633
 0.01232993586667984
 0.01300855134171056
 0.0129138195495172
 0.01321240871328434
 0.01348333697539691
 0.01350717501413141
 0.01311573398621993
 0.01246535968706057
 0.01212909630193283
 0.01177716895236378
 0.009774430987553425
 0.01024590610541692
 0.01076983028971572
 0.01025607822631419
 0.010767242732993
 0.009712241308701977
 0.01132156850565596
 0.01062175416618491
 0.01029357169173669
 0.01031927368398002
 0.01066897921366496
 0.01076919413748679
 0.01106761808206077
 0.01090980529130475
 0.01128688276634044
 0.0110035664684554
 0.01134406035530816
 0.01129405956502067
 0.01170624909288124
 0.01183923432161193
 0.0114061221386366
 0.01162926808482622
 0.01198727762290657
 0.01177953347035066
 0.01251095398965312
 0.01251553325466129
 0.0122608231838948
 0.0122827942694092
 0.01285564417041905
 0.01226335549500577
 0.01271125461504331
 0.0125294624731636
 0.01247338513635823
 0.01313339442105196
 0.0131828503448866
 0.01317174808320274
 0.01367735222826771
 0.01363984316183804
 0.01249381313414878
 0.01326957430830062
 0.01324392936762409
 0.01313253873992074
 0.01387441668170851
 0.01361670495143501
 0.01279959923582364
 0.01393477532045441
 0.01426923266383465
 0.01353997310563384
 0.0138737942360009
 0.01389056393711552
 0.01310748143070281
 0.01424720765208168
 0.01430642490988266
 0.01317738379283169
 0.01337604662634256
 0.01324071225740955
 0.01286533124138245
 0.01301939110966863
 0.01355357819771041
 0.01308941328755666
 0.01355718525456433
 0.01349071574350679
 0.01254219262005006
 0.01314159428287079
 0.01337259098490656
 0.01249062997136873
 0.01370105850525883
 0.01320222743550527
 0.01250572248777759
 0.01211661496860227
 0.01311637794511389
 0.01192642461288727
 0.01330436008826594
 0.01308246149138594
 0.01276564431940341
 0.01188141075583132
 0.01230030203592929
 0.0110892475902983
 0.0115913773662047
 0.01108804283443417
 0.01178781982108171
 0.01195938204777389
 0.01258852505727433
 0.01129226650941026
 0.01004910907525008
 0.01079182445446124
 0.009779916867795656
 0.01195474050537035
 0.01206254808390736
 0.01076142869548829
 0.01028397986496317
 0.01033847057284929
 0.01083642973364027
 0.01131374355176261
 0.01119529455367268
 0.01075330406399344
 0.01079929491492241
 0.01180091339389083
 0.01054486895835242
 0.01057923555623902
 0.01142180358774233
 0.01062491736707839
 0.00945426028198245
 0.01264465005976305
 0.01054741188491593
 0.01037838021332649
 0.01161540724348786
 0.01069575428400042
 0.008123149188902957
 0.01254606734735625
 0.01151081704321329
 0.008651872669201947
 0.01091620470315875
 0.01119041397419196
 0.0105409043386043
 0.0115570813694577
 0.01162668672543594
 0.01106541067014142
 0.01252902549160529
 0.01152054754866336
 0.0111922682113453
 0.01010393381799981
 0.01101454221691888
 0.01200627920876014
 0.01102256203896898
 0.01067360583829757
 0.01057612637393757
 0.009729853823143579
 0.009878661066602481
 0.0109469256937013
 0.01106213248242799
 0.01050579605821614
 0.01073561096912052
 0.01225953575444303
 0.0112788215119967
 0.01097933204590122
 0.01111832599986195
 0.01071564714700869
 0.0112143513300859
 0.01184293726498007
 0.01042964712973112
 0.01134382180172155
 0.01058756599610053
 0.01107232877225792
 0.010922371023978
 0.01123516723397629
 0.01139222337132689
 0.01182535940797945
 0.01185808003523016
 0.01058757074939731
 0.01156959649312165
 0.01177240469457864
 0.01117720324733614
 0.01215920929742394
 0.01101913227311068
 0.01222559890244781
 0.01139293658941286
 0.01094230887926882
 0.01083067321652707
 0.009974451776443667
 0.009933514820644387
 0.01177389465917144
 0.01026713107735975
 0.009951778215567815
 0.01132650419395803
 0.01176966148284956
 0.009888747403202707
 0.01219818322967602
 0.01155761101266702
 0.01148655475397229
 0.01184402050803618
 0.01188298898171293
 0.01120514193923317
 0.01004347185575547
 0.01162496881746345
 0.0121925604641292
 0.01140794592117038
 0.01209408274700932
 0.01147962845197482
 0.01048998375248656
 0.01188039813916182
 0.01176997194587386
 0.0101728015023915
 0.01259979141829317
 0.01212875787477376
 0.01005560526859851
 0.01248657195988689
 0.01236990057308103
 0.01063417502246933
 0.01214600469042085
 0.01234310581900318
 0.0113043538163306
 0.01340343313002599
 0.01288139442189921
 0.01253041240497506
 0.01315571067975996
 0.01404790796076139
 0.01179894675994523
 0.01221947723928932
 0.01291178957978599
 0.01236853482179283
 0.0127011049826405
 0.01357226227415545
 0.01162094353504989
 0.01349397945943405
 0.01339064386903281
 0.01150760916569846
 0.01448105289996244
 0.01390268081659087
 0.01304300953206362
 0.0147953802187408
 0.01383204554602778
 0.01283151816736303
 0.01473737472416766
 0.01430102502388864
 0.01305333986538127
 0.01370914217758942
 0.015300661742397
 0.01305852297835264
 0.01284087726890021
 0.01406052632525928
 0.0122012532238792
 0.01340851355745587
 0.01379080578135218
 0.01235374235675633
 0.01370102985098089
 0.01415111137189239
 0.01258150739928866
 0.01337095832203685
 0.01459524343851436
 0.01292848056150596
 0.01329162259314737
 0.01468016800739234
 0.01365878514330913
 0.01349713981591371
 0.01390221672060234
 0.01216636682874099
 0.01353734503007475
 0.01388192271838495
 0.0123505565033011
 0.01502001696012638
 0.01487016133885275
 0.01379975696519773
 0.01446003554921506
 0.01453242302400619
 0.01443982272414546
 0.01503577106604649
 0.01354877910133944
 0.01280426992744244
 0.01405977651598012
 0.0148197828260313
 0.01207800252005817
 0.01433264946111418
 0.01464496245149413
 0.01135333540220819
 0.01507264475686633
 0.01430027891490347
 0.01256433048392277
 0.01425900427709935
 0.01420072661989104
 0.01433811150043158
 0.0143958288717618
 0.01461020954548526
 0.01416379973180912
 0.01380497934070519
 0.01570352388232054
 0.01282047533148236
 0.01411506642903856
 0.01342205416916707
 0.012986785827246
 0.01509427834169851
 0.01287478315963409
 0.01371548281745576
 0.01417219912304084
 0.01275061995454701
 0.01450615602860707
 0.01421102403674507
 0.01335628639748462
 0.01303292089520019
 0.01526526718254734
 0.01379122146178195
 0.01420230678301859
 0.01467817095300015
 0.01421927721555167
 0.01378802802104032
 0.0141651879875227
 0.01408689920936652
 0.01314670324712749
 0.01413080197749865
 0.01358379494378363
 0.01450947629255038
 0.01421210874428535
 0.01358694582692397
 0.01377468539889084
 0.01369349977575033
 0.01329003711936806
 0.01314927877801677
 0.01351990112175358
 0.01372934192975526
 0.01296840237495445
 0.01378594315676589
 0.01309485230045752
 0.0136953897272627
 0.01394090202259835
 0.01329089346575981
 0.01417349670667815
 0.01333238654296497
 0.01329866620588508
 0.01365564709659182
 0.01312197139098039
 0.01423244653330507
 0.01382973203649508
 0.01271563668700717
 0.01355921561229269
 0.01415257463200249
 0.01272199163654338
 0.01294216374557822
 0.01310206841751211
 0.01343286201668735
 0.01309469752892936
 0.01354995172842675
 0.01309722803034229
 0.01335359030727589
 0.01334449223407647
 0.01289320143806385
 0.01319434974764877
 0.01352432528894407
 0.01347095231489428
 0.01355347882795834
 0.01411058104404605
 0.01443176339117658
 0.01408495050741526
 0.01376924341262761
 0.01384291558865593
