# Created by Octave 4.0.0, Mon May 27 17:18:38 2019 EEST <li9i@spell>
# name: mean_errors_dft
# type: matrix
# rows: 500
# columns: 1
 0.01348639250231473
 0.01314360715595367
 0.01341210808308567
 0.012406626590262
 0.01308521163287243
 0.01394426067379842
 0.01307761439773305
 0.01352232411398775
 0.01346817993963049
 0.01382040626858159
 0.01342141519586299
 0.01365919867144975
 0.01336414268825186
 0.01384012916476557
 0.01389739323166432
 0.01346601982595539
 0.01328576820836163
 0.01307527033101675
 0.01355561419979644
 0.01326578968856528
 0.01336006297643941
 0.01355432293052507
 0.01393993575006296
 0.01337082530883418
 0.01318475117902655
 0.01319657572329374
 0.01282386511978314
 0.01400199691645635
 0.01347623407602034
 0.01357090805270248
 0.01395348812250111
 0.01342715748025104
 0.01316811311950317
 0.01328840395598768
 0.01360196114882023
 0.01275858583199765
 0.01351230334985906
 0.01368876749436217
 0.01311125358861926
 0.01309406695490316
 0.01362499943284069
 0.0132778667877863
 0.01278650037605443
 0.01300811418411424
 0.01370935020092086
 0.01328034294055656
 0.01329412460162557
 0.0135033924191285
 0.01351838324431307
 0.01432059150365569
 0.01345332944226035
 0.01381890165258096
 0.01344834165165574
 0.01359100637286404
 0.01383798502459234
 0.01310691469021199
 0.01319721612013564
 0.0136868920284415
 0.0131249823760327
 0.01401330994068305
 0.01431481518617373
 0.01407455468880396
 0.01395512734862657
 0.01316510984035613
 0.01409759054350095
 0.01333395099007978
 0.01336246464688165
 0.01367446560878626
 0.01347639451348969
 0.01350934901626112
 0.01379374738065999
 0.01361262255708765
 0.01338001589522601
 0.01377353003873456
 0.01462888360665678
 0.01384800079369129
 0.01372750422098574
 0.0134160575460612
 0.01348927281788468
 0.0134978287187188
 0.0135119929720237
 0.01346321065702447
 0.01326991870146105
 0.01452002740085023
 0.01335896198023324
 0.01357441472505828
 0.01337447660201389
 0.01334097954402804
 0.01334691469359031
 0.0140041659144317
 0.01395693819484898
 0.01308627272986611
 0.01319002988208919
 0.01402200231986538
 0.01388743304326629
 0.01398197646371055
 0.0139465924897499
 0.01377677591987866
 0.01282447806845673
 0.01321757960371575
 0.01362637447917185
 0.0139136505901074
 0.01365975187364874
 0.0134246373496087
 0.01353521220161556
 0.01340060558531854
 0.01422169255857569
 0.01348458711865895
 0.01300323421100208
 0.01402069820925112
 0.01329291457856166
 0.0133953597767199
 0.01357022020760264
 0.01444018476961937
 0.01308140781846502
 0.0133078061927017
 0.01406019730229086
 0.01365712111166095
 0.01333470617428441
 0.01404379950857812
 0.01297861121118174
 0.01394587660306211
 0.01384576298651015
 0.01401382870761872
 0.011586879646376
 0.01380724678603695
 0.01358367858126517
 0.01350929107994676
 0.01360742047043677
 0.01358207118013302
 0.01315610812626599
 0.01394620660427715
 0.01336497143781782
 0.0136274777980686
 0.01383298258185612
 0.01351348741831204
 0.01312050464866953
 0.01381320458147555
 0.01357555662006975
 0.01329585819259097
 0.01392523284109435
 0.01365881712661989
 0.01304943526860615
 0.01376461867588559
 0.01330279988626698
 0.013260591309543
 0.01302118905577623
 0.01302246745132874
 0.01338773026363677
 0.01343275583036199
 0.0133620934167461
 0.01321574061342124
 0.01343698766516661
 0.01432745031856769
 0.01299952093713249
 0.01383330036640134
 0.01343984259016939
 0.01279898847140817
 0.01283767819846545
 0.01328975607813693
 0.01397141451926837
 0.01444597167830378
 0.01388264331131724
 0.01316901970255903
 0.01335812747472788
 0.01347304489644659
 0.01312133576304362
 0.01388374915067474
 0.01388882218135873
 0.01413854813539919
 0.01367541930656473
 0.01335164856457342
 0.01285542322953772
 0.0134717756409447
 0.01332844156171624
 0.01415981422980632
 0.01345022234134604
 0.01314324398400782
 0.01439817086336832
 0.01338233877055536
 0.01353860302709486
 0.01318782109234617
 0.01312266479567906
 0.01351459332973695
 0.01357212049761484
 0.01355166509387758
 0.01322280459927352
 0.01329768101680899
 0.01372190797536824
 0.01348958615992548
 0.01284795046469908
 0.01336517252540036
 0.01340220350628354
 0.01303294448362572
 0.0133170401301206
 0.01320770443361789
 0.01230870785633116
 0.01404654203549758
 0.01340816783297072
 0.01356079502959295
 0.01305466575066693
 0.01292804157411847
 0.01300389140985978
 0.01359441600224563
 0.01311117812847071
 0.01420884912484095
 0.01311932695187499
 0.01308193445483212
 0.01321091914015939
 0.01316194595031342
 0.01315141220695996
 0.01346000592875207
 0.01395819411084083
 0.01243579603084161
 0.01413196503427395
 0.01410081033065774
 0.01303362671211501
 0.01371045846266205
 0.01300955806066613
 0.0133604864977097
 0.0127253723283379
 0.01331162586434958
 0.01367370078426029
 0.01107583676205337
 0.01342432648489904
 0.01395470551169178
 0.01358428996748612
 0.01299719562405068
 0.01336512942942803
 0.01373731436995304
 0.013777916576809
 0.0129745691541022
 0.01323919989651417
 0.01296489936250919
 0.01242108121218629
 0.0138527452920688
 0.01384956555962926
 0.01412253472656158
 0.01372970622721589
 0.01299794573816287
 0.013179643194225
 0.01355813556308457
 0.01369161947704219
 0.01298093247620657
 0.01293928083489184
 0.01379540742941898
 0.01407987698715478
 0.01377500191849962
 0.01450674177037127
 0.01327638609493174
 0.01396569290210366
 0.01333153619258789
 0.01311374437537731
 0.01352830117332182
 0.01313817873556953
 0.01361083034032685
 0.01214783471347296
 0.01392361102155109
 0.0137777112528325
 0.01286288623544351
 0.01198010592538774
 0.01348308376025741
 0.01344012319438442
 0.01343542322476456
 0.01321981515873813
 0.0133775233643465
 0.01398224814569628
 0.01263118345668894
 0.01162669736309841
 0.01201079520265484
 0.01294625919279888
 0.01214419228477582
 0.01307194843509119
 0.01337569757894553
 0.01334857041650898
 0.01311039031537802
 0.01340617837497046
 0.01347114950981895
 0.01381751833358934
 0.01367569407765804
 0.01315396141098118
 0.01335850544673481
 0.01361383145322471
 0.01296462451626527
 0.01404978579144718
 0.01344921494234623
 0.01332706537894548
 0.01300586082524084
 0.01352117364364143
 0.01342719135467374
 0.01331752357285657
 0.01300103224457656
 0.01352313306281394
 0.01313415146380623
 0.01304087828936846
 0.01369682584384167
 0.01314059337276606
 0.01365403010774495
 0.01391670152845851
 0.01327547982367535
 0.01384429744680692
 0.01326051738369671
 0.01341460909886816
 0.01321592179213644
 0.01365131528191829
 0.01353070195713366
 0.0134270192917327
 0.01318318195903498
 0.01358477003999471
 0.01296868662411681
 0.01321459813341754
 0.01347483284840755
 0.01328092251553046
 0.01304592644119719
 0.01342391863143951
 0.01322025956793564
 0.01266867868102518
 0.01327764867750714
 0.01321045559896522
 0.01330657015074217
 0.0138147786754303
 0.01326214120321581
 0.01337729894157066
 0.01341967027838457
 0.01365113998387098
 0.01353512824537849
 0.01332775123002071
 0.01336663995538457
 0.01301873662064286
 0.01397981430107219
 0.01352427494534832
 0.01394204533825744
 0.01334866465018603
 0.01330351502049625
 0.01161853626258585
 0.01402334818517463
 0.01394119738661247
 0.01381988212945253
 0.0134336564984436
 0.01310009830975993
 0.01067905168974442
 0.01360434061504809
 0.01298426436588586
 0.01330950663575611
 0.01310270911887826
 0.01345196295469713
 0.01308622997394054
 0.01339079178950806
 0.01324047204030918
 0.01328930607930109
 0.01334549832100983
 0.01357189985950954
 0.01374967889731318
 0.01343155054019467
 0.01351572303088982
 0.0133859675792803
 0.01208789081064766
 0.01321287153637562
 0.0138448821322695
 0.01216783826193497
 0.01356257952418093
 0.01432999489386756
 0.01317594028678643
 0.01346752063501925
 0.01347827345677488
 0.01273441347927519
 0.01355919179950397
 0.01326319843774825
 0.01339122119829743
 0.01341301126504025
 0.01340966955881248
 0.01330702905018435
 0.01315177203371043
 0.01345946622527772
 0.01300540553359442
 0.01324495193975913
