# Created by Octave 4.0.0, Mon May 27 17:18:38 2019 EEST <li9i@spell>
# name: mean_errors_amcl
# type: matrix
# rows: 500
# columns: 1
 0.01660178674026257
 0.01673211951262383
 0.01648834637272728
 0.0523628802645227
 0.01636721407240092
 0.01374331851229206
 0.01919067233062176
 0.01917822983093174
 0.0170636960816938
 0.01749590384297919
 0.01573716131727473
 0.02019662948668581
 0.01514982754572947
 0.01296691864819989
 0.02016567163182573
 0.01957106825326957
 0.01475592418757573
 0.01681333049058885
 0.01782839278716913
 0.01635257477271388
 0.01832228654338817
 0.01826785972988388
 0.02195953454633854
 0.01645122232703723
 0.01288464072785184
 0.01330570483870134
 0.02026241254475611
 0.01452852387328102
 0.01866014621509203
 0.01395233426780798
 0.01719649969599313
 0.01914864693626411
 0.01498646117239975
 0.01909697333869829
 0.0209262621514113
 0.01535432994022277
 0.0181773899240023
 0.01501308929545234
 0.02111553056296479
 0.01608507575014424
 0.01942729080203908
 0.0304212582367408
 0.01547140472918135
 0.0170261686346475
 0.01917942524351088
 0.01727277818545852
 0.01461435194139937
 0.01478768835447447
 0.01791382590582789
 0.01759310996486969
 0.01631397666257305
 0.01877239051202777
 0.01666817683698667
 0.01590828813695506
 0.01597915567987049
 0.01736991762053781
 0.0203375588122102
 0.01878376008283914
 0.01351006718996771
 0.01817458478791945
 0.01870447329347688
 0.02069342106878622
 0.01689470035012203
 0.01830046189453085
 0.0198890231550266
 0.01653020220928351
 0.01365281404800364
 0.01744467300415851
 0.01376618461866416
 0.01699433590640395
 0.02074328098833961
 0.01656371651680095
 0.01881647427196628
 0.01709532601854449
 0.01537293747772787
 0.0178628541389009
 0.0196421311691212
 0.01858739344683545
 0.01540231630209291
 0.01515583050263038
 0.01617249618466642
 0.01603105030372125
 0.02230402413115166
 0.01611724286238748
 0.01327146485838744
 0.02006671479014314
 0.01675147312207439
 0.01757055684176026
 0.01439885482180209
 0.01610364146686363
 0.02073137618650195
 0.05231986504778301
 0.0178596412069827
 0.01596502179540955
 0.01528087735283178
 0.01768870545773206
 0.01760456981504271
 0.01782226449796245
 0.01566270466697349
 0.01441281323901454
 0.01562335016776186
 0.01661958738953887
 0.01614667451147041
 0.01561625157955355
 0.01553013950895393
 0.01652953459833126
 0.01692748009650406
 0.01352714295313717
 0.01908913540608494
 0.01572021686282906
 0.01409491029686698
 0.01429804573345806
 0.01652495772865739
 0.01569072583975253
 0.01275157071933755
 0.01458963796551205
 0.0179430088166867
 0.0140330519867307
 0.01786351174869823
 0.01548703568209357
 0.01496490258272847
 0.01662658409794151
 0.01596184588984702
 0.0155018391682895
 0.07016458651098731
 0.01478821806648166
 0.01645572573364425
 0.01716273300232888
 0.0153595077391934
 0.01497254360993484
 0.0177918283480273
 0.01392979786891366
 0.0160790160680571
 0.01384533336200493
 0.01904998337119726
 0.01603583961279398
 0.02000005780362625
 0.01761024663462324
 0.01761389172591033
 0.01653253494968948
 0.01759343872390094
 0.01970187075035044
 0.01504655438317372
 0.01586941523154764
 0.01413829468846898
 0.01606736460225108
 0.01474234785644837
 0.0151754815379274
 0.01407891833733303
 0.01388187313371639
 0.01317563720916792
 0.01526999200923848
 0.01697687113352907
 0.01512434819491607
 0.01598994425622844
 0.01612164898659538
 0.01382397768247177
 0.01413742579186634
 0.01615265473455933
 0.01272357922811384
 0.01749509974552893
 0.01674378057620656
 0.01633031596994935
 0.01304080525219557
 0.01270565112956883
 0.01364895500252918
 0.01493709964337116
 0.01596068227596143
 0.01807054035988134
 0.0165499028456039
 0.01962522316154515
 0.01615700820183315
 0.01626892928458252
 0.016492832580792
 0.01426000017270544
 0.01726458693832545
 0.01265719736443783
 0.03016831563745374
 0.01415088890350494
 0.01633213339021372
 0.01483246646960486
 0.01461112603509697
 0.01120767052779535
 0.01426876756126838
 0.02136709413529028
 0.01915377394321631
 0.01442501770593264
 0.01465499526632272
 0.01692209858851855
 0.01315865593125325
 0.01871291263698137
 0.0134763967118379
 0.01485345808085858
 0.04992598539407508
 0.01454664711021972
 0.01538477767762317
 0.01368461937636925
 0.01799156914509978
 0.01802481608599875
 0.01471259989394461
 0.04414056594187578
 0.01756869961586057
 0.01796371709441947
 0.01592521953655952
 0.01386677884607825
 0.01379066690143448
 0.01862996071758177
 0.01409657089436223
 0.01523994930546504
 0.01467738981982131
 0.01317109328858829
 0.01482615975462239
 0.01531255313756928
 0.04975184543355992
 0.01534759492890562
 0.01315358669255524
 0.01278010803719464
 0.01425932520771669
 0.01438027884574746
 0.01560680465430492
 0.02478316559379423
 0.01421087645042564
 0.01633368732002413
 0.02391227086323359
 0.0130119025559007
 0.01438025025902125
 0.01298048499820929
 0.01408876419810428
 0.01556560100980627
 0.01372797643050932
 0.01616186100182056
 0.01503948380396953
 0.0150364705882878
 0.01473363988082888
 0.0467120816773516
 0.01571380544076232
 0.01561406583898305
 0.01707377974590496
 0.0130487499499054
 0.01566680904200839
 0.01448477950446082
 0.01563781524856953
 0.01537132626834042
 0.01525309062880286
 0.01449835367637488
 0.01765846647921459
 0.01347105764548126
 0.01598286591487278
 0.01279406922086504
 0.01520548289438084
 0.0142813901194841
 0.01285391535989747
 0.01309239521450147
 0.01643520414687523
 0.01480136773101361
 0.01430152269762321
 0.07232386242596844
 0.01573612534892851
 0.01348402926632819
 0.02890008366988664
 0.04372336692067498
 0.01376924005456994
 0.01356437233715931
 0.0131807901258512
 0.01420374082633505
 0.01508189248311183
 0.01243516083881748
 0.04843940984446654
 0.0481256687220651
 0.04571107483635484
 0.01391087787839659
 0.0285860806307447
 0.01403773808948246
 0.01449633659115564
 0.01531126557886069
 0.01411806176623034
 0.01282165257098083
 0.01440346685569662
 0.01338281942238971
 0.01312781025687303
 0.01461013626578232
 0.01420687267377195
 0.01503706914573465
 0.0145436195180438
 0.01448346700335574
 0.01293050025968667
 0.01272786873567913
 0.03728960967406843
 0.01318838548847546
 0.01390396401945036
 0.01454493554002401
 0.01237022877253807
 0.01479940964465979
 0.0134466463361045
 0.01246581013102931
 0.0153601600392659
 0.01585792593243151
 0.01413170524406637
 0.01472203418461983
 0.01261789994251715
 0.01821382441311925
 0.01853977376317451
 0.01836283009597243
 0.01852879268815795
 0.02044481652565743
 0.01710312190866636
 0.01699287210756092
 0.01792317911755431
 0.01617400671216809
 0.017233796106584
 0.02189871228152094
 0.01774453849599142
 0.0171713666495278
 0.01671635922946385
 0.01605224285816296
 0.01633570526007264
 0.02196338561292342
 0.02098707061503128
 0.01747181351360083
 0.01976540915863692
 0.0184772483292291
 0.02042474689762016
 0.0193684344220214
 0.01672256060332318
 0.0187539515801907
 0.01813131635850743
 0.01898150996814682
 0.01998470091633405
 0.01959722628805907
 0.01681232455480589
 0.01853085590548761
 0.01873532084710466
 0.01957612256251372
 0.02043563966992415
 0.03055015403510158
 0.02000626947522221
 0.01836771982679953
 0.02051429066757386
 0.01812002846214353
 0.01731870879498464
 0.03004309885801899
 0.01928495622390295
 0.02149088850220685
 0.01824063475190384
 0.01807074025506861
 0.01708284745124912
 0.01737696310312983
 0.01628140135855883
 0.01746691614812953
 0.01715587499341681
 0.0177703157084457
 0.01865536332755046
 0.01953027674849688
 0.0202351016594734
 0.01866545198849671
 0.01768220500461485
 0.0238768183704804
 0.01695760033906502
 0.01754414097829995
 0.02121454974751491
 0.01726450375424057
 0.01802957979465222
 0.01679604391316469
 0.01766806318041495
 0.01648889674312593
 0.01718066278927479
 0.01835835675337345
 0.01923367651037882
 0.01714389726887037
 0.01996160087985012
 0.0175936172253822
 0.01907418372780828
 0.01835556311748192
 0.01805703662294891
 0.01961591852465725
 0.01635799766079852
