# Created by Octave 4.0.0, Mon May 27 17:09:43 2019 EEST <li9i@spell>
# name: mean_errors_dft
# type: matrix
# rows: 500
# columns: 1
 0.01281019098767815
 0.01368465244952093
 0.0132692247552158
 0.01339274089128722
 0.01323787752951042
 0.0145461386583974
 0.01339777840585319
 0.01423370896117829
 0.01319772805922288
 0.01319563908452042
 0.01301942652766501
 0.01344021490991865
 0.01285482380767384
 0.01346295512198669
 0.01389594444102326
 0.01407277377749348
 0.01337105979523654
 0.01378345194705896
 0.01369972073473732
 0.01278793069818079
 0.01259095950006439
 0.01304881983752342
 0.01348402760970015
 0.01405303137626479
 0.01265928233915641
 0.01342998786833701
 0.01347243302969705
 0.01349741848677117
 0.01344508100205063
 0.0141960166939581
 0.01395359262035868
 0.01321052856948183
 0.01429725948320966
 0.01308942241844401
 0.01280202350715465
 0.01314783893407163
 0.01399413575847602
 0.0126831677857285
 0.01294326822630929
 0.01354599699436603
 0.01302713138441436
 0.01362652497637837
 0.01391976074846191
 0.01278167692250269
 0.0142891683143045
 0.01431814441376144
 0.0138423707189026
 0.01268156844890578
 0.01398494505735856
 0.0139481996824672
 0.01266271246235074
 0.01394545617559403
 0.0129553791187967
 0.01326036533312504
 0.01341685113503654
 0.0131742585263146
 0.01316009160762786
 0.01349385491304244
 0.01364789896137704
 0.01402066357505187
 0.01392052712923191
 0.01428789954993256
 0.0141156461243228
 0.01346935019366286
 0.01432307973587422
 0.0142317199761836
 0.01445040293058658
 0.01318545372014584
 0.01337155185880486
 0.01436830360319056
 0.0139467180642048
 0.01298105102610296
 0.01339016617713502
 0.01281344983155608
 0.01374421067780765
 0.01388105479658704
 0.01380234785081521
 0.01285460266614023
 0.0142279064595504
 0.01308344663584171
 0.01339346067593662
 0.01304612978850874
 0.01345395218414617
 0.01309726645655357
 0.01364317093614126
 0.01452831964911225
 0.01420641442135648
 0.01400979564067806
 0.01408414119010805
 0.01398818582009819
 0.01326552449550152
 0.01331049486267133
 0.01448556631230864
 0.01363713681064455
 0.01446456915963291
 0.01270578934936253
 0.01422232038303659
 0.01344442530590931
 0.01283573327360027
 0.0129717075444801
 0.01368177972548872
 0.01342265613389392
 0.01364895129443011
 0.01338556439124838
 0.0134653204011732
 0.01337072740801899
 0.01335988323811738
 0.01430142649539805
 0.01391081707305934
 0.01369894492033848
 0.01466279344792929
 0.01456036736703358
 0.01265667551292405
 0.0137467214696931
 0.01361243802788534
 0.01287411373837536
 0.01278033564238367
 0.01373272324952386
 0.01339146844217697
 0.01333508214198777
 0.01316028271477454
 0.01316515044028078
 0.01317522748638312
 0.01359287184754309
 0.01373812435967669
 0.0131816064039645
 0.0138957282648679
 0.01316913135387569
 0.01420457074928242
 0.0128287592519059
 0.01308206717156681
 0.01349453799224516
 0.01370978064645795
 0.01417598994263791
 0.01342171643786599
 0.01325057174751776
 0.01303230929616965
 0.01342889236877812
 0.0146025542078041
 0.01333778870483839
 0.01477915340264683
 0.01408579680883976
 0.01335542169739971
 0.01361205247662697
 0.01372182257504007
 0.01348223889451112
 0.01307664191028312
 0.01393916258393787
 0.01357452473069391
 0.01265248303630163
 0.01418822688043882
 0.01362025657601078
 0.01348893219533418
 0.01326380234029797
 0.01398883382982335
 0.01388299642107934
 0.0138299925169894
 0.01311606222266734
 0.01290746393163979
 0.01393819784366048
 0.01443895655306715
 0.01305653278462096
 0.01385367011460558
 0.01290402283902533
 0.01455272651711868
 0.01291228456041142
 0.01254960599135197
 0.01300278195732203
 0.0136456538555298
 0.01377301886217775
 0.01311454128379076
 0.01368503278047544
 0.01458961955936009
 0.01315396572957396
 0.01330373957003583
 0.01378177033202454
 0.01301261719604266
 0.01436636960085478
 0.01307464416758091
 0.01280553465435682
 0.01470229610322634
 0.01440492513529947
 0.01428952729203097
 0.01381050162317954
 0.01363081788743424
 0.01455175964105144
 0.01389510971039654
 0.01336457672095717
 0.0142086812047721
 0.01401444807235107
 0.01311019236099719
 0.01384660478564973
 0.01328462334210224
 0.01282608336754798
 0.01385858587723268
 0.01372963666531252
 0.01348909326247766
 0.01402235860478957
 0.0132201505298648
 0.01305091899161174
 0.0131178844233482
 0.0143602666886154
 0.01310521599734545
 0.01417723803609347
 0.01360435654936451
 0.01487036681824675
 0.01403162645804763
 0.01348283654686428
 0.01292430625015271
 0.01422081782377556
 0.01341685111820145
 0.01352690354660882
 0.01408851573694583
 0.0132147651156396
 0.01334830329358541
 0.01373027928612142
 0.01337336180308678
 0.01378399032760769
 0.0136343394251109
 0.01313992826543255
 0.01341577216959001
 0.0130355182877293
 0.01426727191537141
 0.01308699501275883
 0.0136076492696325
 0.01286164797941168
 0.01323682609350337
 0.01350280675205551
 0.01357767138654537
 0.01347951668335519
 0.01404741734325125
 0.01297002241141705
 0.01307570851649655
 0.01340807501773711
 0.01387337186488729
 0.01482442181225303
 0.01418368195139979
 0.01273014481538638
 0.01409917118044461
 0.0129089623826357
 0.01346846699159804
 0.01360658952201592
 0.01301311045230997
 0.01351799213204907
 0.01325675340269594
 0.01424414927652821
 0.01339776361073096
 0.01367877751057309
 0.0142226150087867
 0.01297932728929008
 0.01281329462042763
 0.01326330803486526
 0.01274951350780947
 0.0132073526845071
 0.01291030399901563
 0.01324461014945421
 0.01438870142042218
 0.01350130071913271
 0.0137392150183204
 0.01330453424078692
 0.01430125992627333
 0.01350819906012337
 0.01302118486037587
 0.01284478461935517
 0.01264158538892789
 0.01362714331237894
 0.01289970097476549
 0.0140107855609675
 0.01364474262900297
 0.01425141227013865
 0.0139903950912892
 0.01382484051960536
 0.01322332519310215
 0.01365268644635276
 0.01341324333779312
 0.01287718490756245
 0.01335825031072296
 0.01325759347537333
 0.01487176667585429
 0.01365049446406819
 0.01352707374724037
 0.01295222951685131
 0.0129796036627146
 0.01335076850694162
 0.01314173612699824
 0.0134339761091968
 0.01307790714699771
 0.01331817576817461
 0.01335015595053889
 0.01441304843380634
 0.01361590647658478
 0.01378787129420718
 0.01451668288892081
 0.01377325337979008
 0.01347057507845339
 0.01396263663424964
 0.01295434270863959
 0.0147235623876026
 0.0133159656579624
 0.01312941899147202
 0.01285326260271036
 0.01429358859932794
 0.01337550020416312
 0.01289229877987567
 0.01392121526953559
 0.01320756411374555
 0.01298617299965251
 0.01341056979887302
 0.0129684933456083
 0.01443353925808786
 0.01331172757734837
 0.01415731346062967
 0.01364677372643028
 0.01375539869769944
 0.01335916330582805
 0.01295979418300192
 0.01334750365309655
 0.01353742141078988
 0.01378807690719877
 0.01338088419803654
 0.01369050136411413
 0.01311607707582584
 0.01297044619009139
 0.01404420323894261
 0.01271948853307053
 0.01360238010086584
 0.01337061198074181
 0.01356712393532584
 0.01374914969178838
 0.0132293059119148
 0.01420540768540485
 0.01207132483963732
 0.01294081744108536
 0.01448546717440667
 0.01282746265597342
 0.01333013950922963
 0.01310200451930189
 0.01347125059229035
 0.01340776786400455
 0.01438379481627319
 0.01377800760202753
 0.01365425477920871
 0.01304493083833692
 0.01465839542070406
 0.0137835010008201
 0.01280747631749538
 0.01301186601541094
 0.01351442514719938
 0.01316109692476156
 0.0145412958723296
 0.01366435148145873
 0.01315889508721139
 0.01321466162146429
 0.01465120595542363
 0.01304663669068794
 0.01436773927892559
 0.0138962879401939
 0.01379208395120024
 0.0138622217547143
 0.01412391302382352
 0.01496043610672997
 0.01309363641804395
 0.01384379694782056
 0.01288934947889224
 0.01396671562433754
 0.01403192064744059
 0.01401841700201198
 0.01372244848972963
 0.01420440705393372
 0.01289990607105781
 0.01305103419487266
 0.0145773931550689
 0.01308132227523637
 0.01285533182858552
 0.01419822435370885
 0.01349979823868025
