# Created by Octave 4.0.0, Mon May 27 17:09:43 2019 EEST <li9i@spell>
# name: mean_errors_amcl
# type: matrix
# rows: 500
# columns: 1
 0.01330674685239159
 0.01308186453540356
 0.0135438827846859
 0.01335655712654229
 0.01307467073051316
 0.01355239440190193
 0.01314420672392184
 0.0134975979911794
 0.01299223632561066
 0.01308329066643212
 0.01334217490003574
 0.01399373330516532
 0.01278020461425772
 0.0131839200015315
 0.01318946036239007
 0.01342184864408796
 0.01300322650153878
 0.01333218875765664
 0.01424335659088413
 0.01348171556508535
 0.01306634972706714
 0.0132537496791286
 0.0131856025542547
 0.01359760124706663
 0.0131437622156493
 0.01374081819816023
 0.01309316497665026
 0.01344034483471998
 0.01412492524097189
 0.01313897835796979
 0.01326401584961078
 0.01318106824489066
 0.01357816076218931
 0.01293381152342291
 0.01328714311024162
 0.01356679071947631
 0.01328685759888305
 0.01300951421214094
 0.01335919733764013
 0.01305609073272667
 0.01340269320200861
 0.0140273214287856
 0.01311344802044132
 0.01330265060271892
 0.013148248329325
 0.01332026139485815
 0.01329188562199693
 0.01306631539978387
 0.0129901384198091
 0.01315698893362415
 0.01324126780020497
 0.0134234702197397
 0.01324908100385701
 0.01309509866800603
 0.01324345995025795
 0.01302043393223176
 0.01371044161035311
 0.01285402751326671
 0.01411500482558483
 0.01351877529213212
 0.01331530718418129
 0.01336627892373838
 0.01336274096229841
 0.01320587232969173
 0.01323957406783671
 0.01375318461776483
 0.01340462479184733
 0.01354623106533433
 0.01325224078093973
 0.01340953876088521
 0.01343297194515562
 0.01341962961547529
 0.01300907270669556
 0.01353096250818153
 0.01335401355906226
 0.0131697934221976
 0.01380941408071754
 0.01325170834804145
 0.01357806094165763
 0.01382313797312099
 0.01314829075644266
 0.01348815783604329
 0.01312130731569728
 0.01301827572604119
 0.01334562513507234
 0.01412493683871691
 0.01343387950750434
 0.01336630150005503
 0.01312890607431304
 0.01411639756536504
 0.01300255936960519
 0.01322615073162526
 0.01390203018394965
 0.01322733336815301
 0.01325725615714341
 0.01325236800896932
 0.01327308838367333
 0.01303438742377239
 0.01311964143938349
 0.01277933196705327
 0.01319317989015486
 0.01311582168119579
 0.01325596615092526
 0.01384198339400024
 0.01293874176040288
 0.01356632261560419
 0.01388493143960449
 0.01348455793963774
 0.01303527178493602
 0.01322331074460685
 0.01337310779588772
 0.01339118206577234
 0.01315282538979567
 0.01305043684793768
 0.01337864649364839
 0.01320333096253228
 0.01321085357129038
 0.01357590068832731
 0.01314408124421933
 0.01319371516813279
 0.01365506483391052
 0.01372543097245354
 0.01363050922433176
 0.01348931656959335
 0.01329279405612735
 0.01353304233703223
 0.01336618110164868
 0.01367438068124198
 0.01340964896065385
 0.01325235246688118
 0.01347339913075574
 0.01328616802184411
 0.01322110666341111
 0.01332708135098909
 0.01312929861113114
 0.01394675821034901
 0.01344236731538168
 0.01324694194958046
 0.01352666930988034
 0.01314201474864615
 0.01393035201233171
 0.01334035429166577
 0.01309771266807859
 0.01326742189951633
 0.01309890313936058
 0.01312114317786631
 0.01365505153237842
 0.01315002848378029
 0.01317880568600355
 0.01209137094391864
 0.01345463145650267
 0.01393829755306609
 0.01291066243604641
 0.01300681383815715
 0.01310347908625726
 0.01351799349613646
 0.01293931244470672
 0.0136712142912047
 0.01334355847883395
 0.01333798391804338
 0.01318854948145499
 0.01347949399880065
 0.01387211093311539
 0.01339618414729724
 0.01375753843795511
 0.01358821372190337
 0.01307746925297452
 0.01348012075307108
 0.01325845439684847
 0.01322089209779
 0.01374906786842655
 0.01337407888361696
 0.01345092154863488
 0.01369718728625735
 0.01354047633668985
 0.01328602632882017
 0.01307108341442488
 0.01348824372616405
 0.01361224024861119
 0.01330041733577891
 0.01340387906189647
 0.01371912220691436
 0.01338561894601571
 0.01316087204042211
 0.01333920777682181
 0.01312200397437909
 0.01330683769545504
 0.01310314676187979
 0.0133400587059394
 0.01335362768878494
 0.01332513090580937
 0.01344437382499493
 0.01360246470968525
 0.01317395822683242
 0.01351726945858915
 0.01331101744514368
 0.01347944621309917
 0.01329170752259876
 0.01294565393796534
 0.01339864775022627
 0.01239081910579916
 0.0129531601413659
 0.01284741440195624
 0.0130044266959099
 0.01284002485502904
 0.01283702979712173
 0.01237592466555731
 0.01319091125262316
 0.01231766173885348
 0.01270557812165302
 0.01269347693790725
 0.01245777580820842
 0.01261113961503221
 0.01271176782405419
 0.01242623530623027
 0.01258568643308184
 0.01227745414575567
 0.01256251180109529
 0.01259876514435015
 0.01261383386481684
 0.01231112717057428
 0.01273796966610289
 0.01276490272003122
 0.01278609510242078
 0.01250030201261259
 0.01249926421782373
 0.01287885735627655
 0.01229164616124896
 0.01217054993554693
 0.01243486370479999
 0.01272469196711545
 0.01260451106685842
 0.01295994793439528
 0.01270156088969153
 0.0131864533312861
 0.01346856974282952
 0.01313621202935972
 0.01256775080122416
 0.01274518986909501
 0.01266201549589914
 0.01249133457467303
 0.01265790349691524
 0.01265710442580018
 0.01351152305784439
 0.0123402130845498
 0.0128624258023991
 0.0123896762377817
 0.01374796412927452
 0.01270496220345197
 0.01265884651829677
 0.01258464527392802
 0.01242282953623066
 0.01261955656153785
 0.0127251217559999
 0.01270260077300858
 0.01233277889065186
 0.01364026830113208
 0.0125436949681586
 0.01241210289622116
 0.0130114294645936
 0.01278838198620538
 0.01238853355790426
 0.01264742179265545
 0.01277611201211028
 0.01251654939792565
 0.01260089076874525
 0.01268648406898525
 0.01248986246671016
 0.01259327057539931
 0.01260475697522417
 0.01269375201589733
 0.01243452829382742
 0.01282593641117305
 0.01301435712553136
 0.01304792178829269
 0.01264345638652601
 0.01233398668860924
 0.01263934630425238
 0.01331255397008527
 0.01257189682307061
 0.01249281929197505
 0.01269966931287266
 0.01260202102591676
 0.01232151236475771
 0.01308651609038137
 0.01239860689674512
 0.01237054309895787
 0.01233228252235449
 0.01282322224329329
 0.01267511614342113
 0.01241280853231816
 0.0124717443567368
 0.01298313111182411
 0.01268664333155964
 0.01242042838008377
 0.01272601923068115
 0.01258964043205405
 0.01299769411257763
 0.01248236389595553
 0.01263095430759741
 0.01213387371088377
 0.01229660712665318
 0.01226657103593238
 0.0122910281331028
 0.01216850095848
 0.01205353694628236
 0.01210933222257467
 0.0127841145131535
 0.01248831894116291
 0.01249634425507624
 0.01190442589460135
 0.01233871669407696
 0.01185749561666611
 0.01209202229273546
 0.01185419722716156
 0.0119926967849222
 0.01241660598538356
 0.01180685172924108
 0.01199531553346341
 0.01212430802580847
 0.01237929761616206
 0.012176773740788
 0.01196908202279903
 0.0123900425336523
 0.01218727650324971
 0.01183955386923991
 0.01205360596771498
 0.01183014736699739
 0.0121240100140775
 0.0125035542077832
 0.01247164227858386
 0.01068740870115664
 0.01193208494900126
 0.01227463938126897
 0.01193693001037556
 0.01220053324868515
 0.01252244669160605
 0.01194188642762254
 0.01289701492088978
 0.01288337647032467
 0.01200234689036233
 0.01191476845078035
 0.01219757256967144
 0.01239655322978674
 0.01242641732226167
 0.01195273731710381
 0.0119185591545361
 0.0125374436347074
 0.01185443194595462
 0.01219897152036242
 0.01203264335308661
 0.01226057540402212
 0.01212221885177133
 0.01244856941492911
 0.01209063751758663
 0.01235868746328428
 0.01269433442143238
 0.0120759369146217
 0.01222198680343221
 0.01217962194812367
 0.01278358349119805
 0.01212457758012412
 0.01229906275190849
 0.01188373803808133
 0.01243368623200064
 0.01212563612459362
 0.01232666168771831
 0.01212562545207357
 0.01239206318912633
 0.01204355222229337
 0.01212206788691332
 0.01237863024622946
 0.01213984748411559
 0.0121511977133793
 0.01222144047876692
 0.01189891031718608
