# Created by Octave 4.0.0, Sat Feb 26 13:26:28 2022 EET <li9i@spell>
# name: mean_trajectory_errors_dft_i
# type: matrix
# rows: 1343
# columns: 1
 0.003886043734521383
 0.01176784164751825
 0.01105190507374076
 0.01322321131035356
 0.01270399652436858
 0.008827775591164691
 0.008615951718251689
 0.007290125939813279
 0.007220125308961812
 0.006781444634549645
 0.008543514970293703
 0.01095710384365541
 0.01099876253202141
 0.01097081757065379
 0.01194049680251109
 0.01011686036866013
 0.009739346214223298
 0.009067119682321111
 0.01003719509870748
 0.009585267322575343
 0.009862016134128241
 0.01056853026686554
 0.01036620435933621
 0.009872679163531682
 0.0102606802331636
 0.01074952140570813
 0.01028864176589672
 0.009736657141245827
 0.01097016702313628
 0.01082032012131817
 0.01137726988145825
 0.011861249885618
 0.01234153594704097
 0.01229456783861016
 0.01261224382711784
 0.013364628565772
 0.01285286182985566
 0.01350182000332587
 0.01239616483593387
 0.01207841800261331
 0.01172239082107628
 0.0128192258120959
 0.01147252160911248
 0.01163023049054151
 0.01248347170459977
 0.01366933351986371
 0.0122998985789396
 0.0128502579131176
 0.01266854888430174
 0.0121552924199193
 0.01304904526077415
 0.01237926551974009
 0.01365630966370783
 0.01263210083790939
 0.01379883933580916
 0.01254925228997903
 0.01293104676800315
 0.01324171391369849
 0.01245453556225821
 0.01353233485659654
 0.01391436500285258
 0.01207135141928494
 0.01351913861525025
 0.0138409934778743
 0.012991148683109
 0.01360054652853981
 0.01338420828553254
 0.01308034408579405
 0.01319979051883683
 0.01337914186354911
 0.01299161537947989
 0.01339778563283914
 0.01312606145430886
 0.0128577857053041
 0.01328349413669692
 0.01297776358517045
 0.01296637747498276
 0.01299025261251672
 0.01302346584031768
 0.01313612701455066
 0.01330504350005157
 0.01346888632918439
 0.01289450290296482
 0.01323539087227971
 0.01333860487375974
 0.01403169909705484
 0.0136946051492991
 0.01409966101309631
 0.0135502289744895
 0.01363521289599728
 0.01339227041872152
 0.01377626686137346
 0.01367811010558899
 0.01387603668278564
 0.01311966413048666
 0.01322436997594235
 0.0133614208176862
 0.01364984857647759
 0.01353353769566704
 0.01298782646486797
 0.0131806903641864
 0.01379615699940212
 0.01291451753310154
 0.01306896303764608
 0.01375978891604974
 0.01296413646571539
 0.01310210265858096
 0.01274612348946801
 0.01308558000571275
 0.01249021805834548
 0.01252952986688147
 0.01253636415024035
 0.0123162598241904
 0.0122860911430821
 0.01148697602842438
 0.01154984210593206
 0.01113643622275876
 0.01169699067221262
 0.01158018095971553
 0.0120406442607469
 0.01112497407814934
 0.01120163823890245
 0.01075708407362084
 0.01179263913446905
 0.01025129584562124
 0.01009967900217439
 0.01036614154789362
 0.0109585222251911
 0.01061211518290101
 0.01021240294775097
 0.01117998556901094
 0.01103863980313514
 0.01062550862362831
 0.01096362617423078
 0.01077516191003359
 0.0109034389839358
 0.01089021466094823
 0.01021558146421401
 0.0107776109799594
 0.009777125753559488
 0.01122276680904605
 0.01098964880618742
 0.01074343693547014
 0.01126705127930488
 0.0105317869750242
 0.01074202197307114
 0.01058980987356738
 0.01065259385563644
 0.01160789751446518
 0.01080396311578521
 0.0110683555572877
 0.01090760526976998
 0.01093423724588884
 0.01026113594703105
 0.009981682127168346
 0.01144693247415108
 0.01051280104782804
 0.01072990961652755
 0.01056938376977867
 0.01024066311888102
 0.01086702183954005
 0.01054860855630656
 0.01129676535736738
 0.00993046710823205
 0.01021271246134941
 0.009668954293296226
 0.01099273362621237
 0.01009375058545691
 0.01090474362614954
 0.01112460532221749
 0.01062220531967902
 0.01099633438831288
 0.009650673961022108
 0.01004454008328164
 0.01086409245660932
 0.01024446221727234
 0.01152228828236572
 0.0111445680676249
 0.01129004007810408
 0.01072315976790977
 0.01164155288117845
 0.01102325551113628
 0.01111837627080222
 0.01160753276488286
 0.01040509637643296
 0.01039400070605033
 0.01142774441193818
 0.01205257023101755
 0.01049809070991105
 0.01230411156976384
 0.01010202245639399
 0.01084326212905984
 0.01093853197636919
 0.01054217539029541
 0.0101707757918749
 0.01048905138523251
 0.01001862563110232
 0.01083034453676698
 0.01131141701051352
 0.01042694442501167
 0.0109727270834274
 0.01060638546449345
 0.01113857740093933
 0.01053620708008694
 0.01045758306783011
 0.01098129295646266
 0.01129870287466528
 0.01140593248423536
 0.01136161618540289
 0.01116410227801468
 0.01173542543122949
 0.01179983966799744
 0.01190979744343862
 0.01213549316038136
 0.01152079991115076
 0.01122582039526486
 0.01200201682243546
 0.01126179267381107
 0.01131523593040341
 0.01177533470083842
 0.01171379986382882
 0.01145135422272922
 0.01219799289978439
 0.01250473463237457
 0.01123847082525291
 0.01166102682788134
 0.01191359682757287
 0.01283599982775817
 0.01214943834018116
 0.01221112216307138
 0.01171679059398616
 0.01185513556835873
 0.01256586028753295
 0.01209151424155317
 0.01287989232741153
 0.01275722481467011
 0.0119045011451813
 0.01246516209810054
 0.01264607412471081
 0.01246869141552275
 0.01240702376239889
 0.01287536376409688
 0.01228587895298851
 0.0125725350077199
 0.01295432162839543
 0.0125587882908451
 0.01266412268586491
 0.01301817153074384
 0.01293747129696553
 0.01282012629920402
 0.01242199759436071
 0.01297966731527057
 0.01296674715201115
 0.0127850994806828
 0.01279109388749936
 0.01305496710082966
 0.01294353888863133
 0.01233983187748405
 0.01295899341197543
 0.01257438290014478
 0.01274388672491532
 0.01272828146429611
 0.01330435151802778
 0.01318745641763176
 0.01273784615251884
 0.01307428063880576
 0.01317515963248947
 0.01277199639821055
 0.01279253041687554
 0.01263038732553073
 0.01262087025548033
 0.01330493417943315
 0.01350168300906995
 0.01235285099258995
 0.01356241190120695
 0.01355739681173062
 0.01315636806389982
 0.01343893214504729
 0.01346412586785291
 0.01362059074800907
 0.01331235828485731
 0.01331537972848955
 0.01377540775260974
 0.01308299030134258
 0.01388825767747268
 0.01365648543267562
 0.01366503621367911
 0.01410804082935761
 0.01380899607099037
 0.01331075495072041
 0.01403766852965567
 0.0134108564653438
 0.01336847544043335
 0.01412801297286828
 0.01386606485419905
 0.01359720105779609
 0.0146776370241183
 0.01352996106442123
 0.0132899777383521
 0.01437080969707886
 0.01411517132485735
 0.01366608148549102
 0.01454255195565087
 0.01333418455795042
 0.01454353336555109
 0.01490406917108605
 0.01416233593388528
 0.0145142867046848
 0.01369962422282496
 0.01369514376308057
 0.01409131300655616
 0.01383388529686123
 0.01468498897081652
 0.0140271644153871
 0.01360271191869188
 0.01399291471413489
 0.01358976628205152
 0.01459952907328312
 0.01334943740857502
 0.01360943866901456
 0.01378054204822752
 0.01357187216521469
 0.01390513511486558
 0.01397772762992537
 0.01381968296445412
 0.01355276928069363
 0.01413122653588123
 0.0138549625863306
 0.01383607012899861
 0.01432934218343953
 0.01336700076861934
 0.01397209142721097
 0.01394015707105874
 0.01324652377962829
 0.0137837188657764
 0.0140106156715924
 0.01379118908036686
 0.01421085929669424
 0.01482264759408843
 0.01421394275088621
 0.01462997334250917
 0.01462765171382174
 0.01446048587030687
 0.01429801827430032
 0.01478615899012239
 0.01380149989416172
 0.01369280470193056
 0.01440336971909448
 0.01417420028730769
 0.01437478493806313
 0.01359956390446954
 0.01448691374434585
 0.01372091457947314
 0.01314983436050232
 0.01405069358086301
 0.01326925337992823
 0.01410669211713004
 0.01411348709993248
 0.01395795089824757
 0.01347540512701168
 0.01338734401964635
 0.01367079824317886
 0.0133174839184278
 0.01352918044024456
 0.01363548065095437
 0.01408285365950267
 0.01432860121715347
 0.01431751425862473
 0.01438723990659063
 0.01401828995378802
 0.01447987361235847
 0.01475916279306089
 0.01486384978078157
 0.01453201772263817
 0.014766994268183
