# Created by Octave 4.0.0, Sat Feb 26 13:25:29 2022 EET <li9i@spell>
# name: mean_trajectory_errors_amcl_i
# type: matrix
# rows: 1336
# columns: 1
 0.04536009926336776
 0.02230073330968415
 0.01177289321813209
 0.009493394310468167
 0.01344784114934795
 0.01277965021053287
 0.007649344024933371
 0.008532366891819524
 0.009160866967170264
 0.007037305470871338
 0.007930971529213775
 0.009539951078485535
 0.01110110359147972
 0.01278756135961772
 0.01191633459184713
 0.01000907494379938
 0.009458778493438975
 0.009154354972481954
 0.009597102570772688
 0.009112531150235128
 0.007878936182595114
 0.009649308127570567
 0.009679600062257803
 0.01033121259405762
 0.01022965157407847
 0.009726372653624594
 0.01082702084921685
 0.009793188469499477
 0.01085024062703763
 0.0109545149967583
 0.01053494577470203
 0.01041198127919643
 0.01132147179011829
 0.01123468744567929
 0.01171868094421158
 0.01199857738081354
 0.01183409108719514
 0.01213287815939681
 0.01190527436673761
 0.01153817839174019
 0.01019360404587702
 0.009904331704269315
 0.01039747099487206
 0.009739737808177301
 0.009968927363665144
 0.009995825434371584
 0.01008346614712005
 0.009939646227642953
 0.01057487947378548
 0.01038189961574159
 0.01020639233001797
 0.01073577214551105
 0.01084043112261524
 0.01068898243188535
 0.01120459335663191
 0.01071065067251628
 0.01080854475963582
 0.01113171523894871
 0.01101294983575877
 0.01132017969671911
 0.0117309389127871
 0.01085536314691468
 0.01116438387783253
 0.01186363651892768
 0.01169454577473011
 0.01148478387554904
 0.01198646253465358
 0.01176460059279369
 0.01155124328715117
 0.0118787024884853
 0.01195065040160691
 0.01204028607919802
 0.01235979528285997
 0.01227227399435865
 0.01220877712557577
 0.01252614617700931
 0.01256475655934746
 0.01214040725006504
 0.0129724667548367
 0.01288995542422833
 0.01278652502399787
 0.01351439644978151
 0.01349076159013057
 0.01269391094287139
 0.01358963418601968
 0.01325816296572017
 0.01315622711476317
 0.01416880522419704
 0.0137711933452124
 0.01380558652365957
 0.01413985998386402
 0.01412725576945095
 0.01346841139379485
 0.0144007432750569
 0.01418181616647231
 0.01343745827116864
 0.01424355805440767
 0.0145023998822374
 0.01362720206338884
 0.01423375629896095
 0.01451197955752668
 0.01364351933754816
 0.01444971082614697
 0.01385775569198342
 0.0131770670834907
 0.01399422908702279
 0.01356483667920919
 0.01312882713219193
 0.01350249270779154
 0.01347232918315723
 0.01348385388721604
 0.01292996901302474
 0.01332906345970546
 0.01274517362001198
 0.0133846919036847
 0.0129874284907115
 0.01287021142963992
 0.01326448186799926
 0.0123600326436341
 0.01300177901770412
 0.01246058438820344
 0.01157039220775029
 0.01171919020701106
 0.01111249008892992
 0.01187757136538166
 0.01203618851434455
 0.01212699148434486
 0.01192783923567825
 0.01221399295302869
 0.01107649141941869
 0.01184446801135192
 0.01144768585143789
 0.01153095561428451
 0.01110645087900176
 0.01169761444126524
 0.01097061247949008
 0.01159404726997892
 0.01114746714143054
 0.01218334093849001
 0.01069403020433597
 0.01188985706238751
 0.01187707186028185
 0.01194237787899748
 0.01163659780625781
 0.01213134796551494
 0.01152850473828246
 0.01127904289639395
 0.01285653918160901
 0.01111154983892224
 0.0116498079199494
 0.01182918267425685
 0.01200248219626076
 0.01267147045805022
 0.01239993598450743
 0.01193282489495606
 0.01205765959545687
 0.01237838508074567
 0.0115896308324802
 0.01160351516584952
 0.01243441996824226
 0.01263357073758268
 0.01218472537306125
 0.01173829282212023
 0.0122495158261201
 0.01177391215178471
 0.01144188358105912
 0.0125530712663842
 0.01140110405130922
 0.01242222140044249
 0.01203037864442685
 0.01161256149074201
 0.01165066720056523
 0.01147065173125179
 0.0121152848586887
 0.01198292202081598
 0.01170996766372909
 0.01178352413315422
 0.01167578810326029
 0.01176206255420691
 0.01274436466653905
 0.01096071183498913
 0.01177450654132824
 0.01223898735443351
 0.01192162985269113
 0.01257926217345287
 0.01126641699227061
 0.01156745579664989
 0.01271295617637771
 0.01235394530288388
 0.01222938180266398
 0.01265727392532029
 0.01122120937572909
 0.01199091031306248
 0.01164321835540648
 0.01188533574770038
 0.01240445617684298
 0.01170286331538701
 0.01265537951078506
 0.01109250285658478
 0.01248765104184905
 0.01249160601624481
 0.01134950023582111
 0.01258581306873311
 0.01275966214837915
 0.01244859458167412
 0.01220276719551812
 0.01270385082811714
 0.01243159099140437
 0.01252600657241068
 0.01259710934376674
 0.01217290991024095
 0.01246098720255725
 0.01273782039290491
 0.01215912881927613
 0.01258028307029212
 0.01243365711818643
 0.01175617572380239
 0.0123336065349389
 0.01311539938614537
 0.01208636397016338
 0.01243127486824725
 0.01292466182774831
 0.01177485519571742
 0.01351506775757802
 0.01369403782905488
 0.01203113577146502
 0.01361843517494218
 0.01331403237710444
 0.01345731686936183
 0.01309514029807322
 0.01326835467607659
 0.01295090886103903
 0.01328094590599723
 0.01333125383376602
 0.01330064626024659
 0.01314752601435839
 0.01353823278193277
 0.01349328379085521
 0.01390727523539135
 0.01360548136131411
 0.01270203208736349
 0.01318915185122045
 0.01431071028226693
 0.0142493672504757
 0.01401379571590299
 0.01384263224779536
 0.0138472583006091
 0.01362615464169322
 0.0139410955766579
 0.01397557868736162
 0.01389297379072121
 0.01419349707898615
 0.01362205864969772
 0.01390682848397066
 0.01419913168975444
 0.01382972547260997
 0.01448622437256507
 0.01457155488829937
 0.014331784727505
 0.01414124747299366
 0.01428948419415148
 0.01381755508592691
 0.01468842299836214
 0.0142115291952604
 0.01420479622268803
 0.01443300837175755
 0.01406748991027231
 0.01417029342309504
 0.01359060561897253
 0.01492061946245695
 0.01410796131089303
 0.01428076802275849
 0.01462955004482267
 0.01414669257028889
 0.01483946163777925
 0.01428950422570642
 0.01485591184511461
 0.01448832605638384
 0.01419646885001631
 0.01423447652205152
 0.01397305633322888
 0.01472254168219078
 0.0144557684819005
 0.01489419250829443
 0.01453065071403667
 0.01510671340126976
 0.01589889462726173
 0.01482773544078114
 0.01503497147377425
 0.01558276784333872
 0.01453563962190261
 0.01506562493437097
 0.01482784919049363
 0.01473889614417651
 0.01467469794434514
 0.01474371549571337
 0.01473398961677164
 0.01466692383028828
 0.01471481130638933
 0.01549571307493952
 0.01458271391117938
 0.01495223061903718
 0.01518872013559551
 0.01487486043171963
 0.01500886311381002
 0.01522888406864337
 0.01538493210968932
 0.01496990792311173
 0.01458652575612944
 0.0150571350250335
 0.01465546593718544
 0.0144870631188306
 0.01474151949752534
 0.01494970404954231
 0.0154945256517883
 0.01462304675471404
 0.01513785777926803
 0.01471419546604658
 0.01538259350574931
 0.01519882368942844
 0.01468321132724393
 0.01572124839047056
 0.01401397906394837
 0.01499754986696651
 0.01549603600776216
 0.01443740105160624
 0.01415011547726746
 0.01504690980723377
 0.01442159101168278
 0.01446295277980147
 0.01504219563601529
 0.01469112360872351
 0.01468136833283881
 0.01497962840370479
 0.01439638460620046
 0.01470896424950606
 0.01445678525169584
 0.01443786927732064
 0.01465184067191718
 0.01463831528823331
 0.01450234050796227
 0.01412671232067909
 0.01455538789723731
 0.01532653207778916
 0.01465052528110156
 0.0145379432403927
 0.01474737279823621
 0.01390966365533453
 0.01453253811683605
 0.01471126914246747
 0.01441021451317225
 0.01451977896837313
 0.01449438558891137
 0.01452091231560211
 0.0142845637499125
 0.01409826297049042
 0.01433382135474519
 0.01391427438569093
 0.01401695862727718
 0.01406510956353178
 0.01370227420384928
 0.01372764287219513
 0.01409552369865124
 0.01408275422468473
 0.0139363635736595
 0.01403832080791336
 0.01386301849289154
 0.01396371140845128
 0.01405783541203684
 0.01397357016203895
 0.01409315565196964
 0.01463840650010376
 0.01434001895165069
 0.01463545161155862
