# Created by Octave 4.0.0, Sat Feb 26 13:22:32 2022 EET <li9i@spell>
# name: mean_trajectory_errors_dft_i
# type: matrix
# rows: 1317
# columns: 1
 0.004465792593753289
 0.01023504877494426
 0.01008672182260371
 0.01230589665703013
 0.01283911565759763
 0.01233289304076535
 0.01085831946216096
 0.01053342607781433
 0.009144207699532161
 0.01048929385542927
 0.01116023657921528
 0.01024641089900886
 0.01108035110049996
 0.01187310392887638
 0.01149356367374259
 0.01138055708674082
 0.01173748315275337
 0.0126396745046954
 0.01143680578591924
 0.01313379527209089
 0.01189571722561072
 0.01264315190189939
 0.01265831276446881
 0.01172257197041376
 0.01247885785588439
 0.01206891905022301
 0.01143585553518844
 0.01063630100169918
 0.01178024592313556
 0.01315397980632969
 0.01000300760124735
 0.011126895430449
 0.01054926811744731
 0.01095084814962002
 0.01104853346198052
 0.01043345334903731
 0.009993568210851282
 0.01004533961206696
 0.009691311984917522
 0.009587088519316484
 0.009782675001124352
 0.009429858962616918
 0.009656546548155202
 0.01048388601612456
 0.009575712817719812
 0.01116299434198195
 0.010238820941309
 0.0110660161954243
 0.01030948280450757
 0.01056479870289753
 0.01043685626551135
 0.01029054059041318
 0.01080930721941077
 0.01074977345397641
 0.009877952613128111
 0.01096119433125167
 0.01049998285280788
 0.01039648870527244
 0.0104524806024531
 0.01112160067247259
 0.01103824485124915
 0.01190864102350645
 0.01162397906728039
 0.01141000622810598
 0.01140016014309711
 0.01269795194841025
 0.0118133263996702
 0.01273643873381498
 0.0121524909296232
 0.01201768824923036
 0.01207455414663449
 0.01197111368596846
 0.01173838393299998
 0.0126354585936677
 0.01256182258359982
 0.01310578896003717
 0.01201109391393012
 0.01301385127375511
 0.01220454878291612
 0.01291250994877717
 0.01255519418633811
 0.01272433384162967
 0.0130140799298101
 0.01299527650457064
 0.01289330241646795
 0.01365075990697285
 0.01282442966308273
 0.01309796047930191
 0.01357425451171015
 0.013631666903203
 0.01293530751799025
 0.01393702612781329
 0.01335164848826393
 0.01370939908006471
 0.01385716442430708
 0.01386330564595381
 0.01336241387436801
 0.01366042475505126
 0.01368168728228152
 0.0139307416034171
 0.01355775609725978
 0.0138412753916224
 0.01354356627199538
 0.01411282529900574
 0.01357725988672
 0.01362510066061524
 0.01399246422727824
 0.01360997797937253
 0.01339622659666701
 0.01359932245964676
 0.01353040344734872
 0.01347900937476872
 0.01370405158217504
 0.01394249098003323
 0.01330057811922796
 0.01320020091184534
 0.01366920864830936
 0.01379119045081372
 0.01316280592528991
 0.01336665328852442
 0.01318419539925167
 0.01355941106005524
 0.01310262802904264
 0.01337390733852245
 0.0129901897716214
 0.01103102668475008
 0.0127349580031966
 0.01242200296144094
 0.01153948545625583
 0.01183222340310672
 0.01071254186514164
 0.01190210060936682
 0.01210484535788139
 0.01063437630104582
 0.01132364360994388
 0.01080676464188557
 0.009801804994348524
 0.01093530977163869
 0.0115257078392375
 0.01048896585788856
 0.01095119302018402
 0.01087613735860894
 0.01111470982369193
 0.009906775132098653
 0.01106846652528397
 0.01059156886334756
 0.00969581315513713
 0.01155327947677279
 0.01067450391543326
 0.009715973956227378
 0.01247852980958731
 0.01214207378768156
 0.01197904573365039
 0.01182417885656098
 0.0124439928095591
 0.01166425786913623
 0.01234897258252292
 0.01285260691386094
 0.01263186789398267
 0.01312455511753453
 0.01064212611495534
 0.01128081431473407
 0.01173521373996387
 0.01070055300519757
 0.01100915077445546
 0.01067602700858235
 0.01058754257068273
 0.01149464702965976
 0.01031129998808937
 0.01077228524025681
 0.01149721343214902
 0.01105818899779999
 0.01060374558628497
 0.01172332463421809
 0.01111821261178863
 0.01190419194243485
 0.01222077649833273
 0.01193277510876539
 0.01141439442394591
 0.0114824125249853
 0.01298212653695696
 0.01317726912533746
 0.0129571117729945
 0.01360503100070692
 0.01246075030025809
 0.01383271459511907
 0.01313380548593445
 0.01224423794416122
 0.01316837001461737
 0.01266246716395293
 0.01373846605204257
 0.01346847888108776
 0.01356463363765947
 0.013821618297401
 0.01330190457301614
 0.01396927152052021
 0.01339211124398796
 0.01319717956512463
 0.01428802945703536
 0.01233474352992854
 0.01316255666753928
 0.01366922885385363
 0.0130794303985471
 0.01315106854483097
 0.01352374044059034
 0.01386721825565171
 0.01343286568281935
 0.01368950919473059
 0.01288023495893688
 0.01415134338728819
 0.01309866236001209
 0.01357195998526895
 0.01411850055049853
 0.01343022581839342
 0.0143051477854594
 0.01305980275349815
 0.01313261607986047
 0.01358453207900489
 0.01373539952290936
 0.01379983591898819
 0.01327867042696733
 0.01335975995444585
 0.01397559087905623
 0.013328588561408
 0.01381303686005788
 0.01251400519172215
 0.01293626070267539
 0.01240373103189483
 0.01312754905783473
 0.01183006263102567
 0.01297537355888196
 0.01293771703799782
 0.01238204923223251
 0.01291068982679118
 0.01245786809827678
 0.01402239207287575
 0.01410222002245139
 0.01377744349441659
 0.01453459222226153
 0.0138849034230586
 0.01391471662195973
 0.01479727911684615
 0.0136917695054017
 0.01416058017527493
 0.01459612836933174
 0.0130461072089929
 0.01409937087313679
 0.01478787393162067
 0.01370028526390795
 0.01374206861060028
 0.01442706946610409
 0.01449195352731986
 0.01429301990365664
 0.0145895298110768
 0.01433975093551959
 0.01315062934045606
 0.01430304414904931
 0.01456632947314131
 0.0138530748789328
 0.01474659802339194
 0.01312003855479106
 0.01357263649735849
 0.01361091161070492
 0.0134267659714286
 0.01336182907079014
 0.01344244723621153
 0.01329762523766721
 0.01319236066973522
 0.01337552460288477
 0.01226125382406989
 0.0130141052238276
 0.01294454679479257
 0.01210607401959688
 0.01352166311962389
 0.01313430388894886
 0.01317376332634919
 0.01328919151754871
 0.01374445200115656
 0.01264916670973229
 0.01372802071030545
 0.01439604067230975
 0.01382301944572916
 0.01499665374723081
 0.01448758298753331
 0.01443187283201817
 0.0150265400022779
 0.01527120250429639
 0.01580175089799546
 0.01569503205977792
 0.01557150908925577
 0.01562575886886111
 0.01575917085393721
 0.0161571788937002
 0.01498185215781219
 0.01595638062703174
 0.01628677915823696
 0.01559759787944133
 0.01566355613381556
 0.01595498001404181
 0.0151534721094587
 0.01565909855297275
 0.01605986192574904
 0.01601112531329429
 0.01526006094343753
 0.01593719996997137
 0.01556286884750155
 0.01603400225791244
 0.01581067220119269
 0.01576327611207782
 0.0157355895281783
 0.01555454513683016
 0.01631742788659309
 0.01595238513193308
 0.01572381181846637
 0.01624967294900021
 0.01587585692180603
 0.01558875619014512
 0.01632257722628522
 0.01578283660616044
 0.01604216751603501
 0.01654910396548133
 0.01561628200444705
 0.01587303858598786
 0.01557886857190897
 0.01551845910183308
 0.01493377773531857
 0.01493063216810965
 0.01541261932993836
 0.01524925777187635
 0.01497362705746396
 0.0140838169448661
 0.01544939397366205
 0.01493672659988573
 0.01420653124013746
 0.0150830631373264
 0.01442686628808573
 0.01430647340326022
 0.01481474925617423
 0.01430151600771808
 0.01421071284005722
 0.01491029256680992
 0.01492191273606802
 0.01466467652755003
 0.01459963397370667
 0.01464291608003308
 0.01480215974676987
 0.0147409573892998
 0.01458952159720146
 0.01452767420414255
 0.0144841033529052
 0.01486058649174121
 0.01442296292073614
 0.0149845518211557
 0.01478051395684058
 0.01469393786833374
 0.0137716986657879
 0.01360721153793857
 0.01433454492495926
 0.01375628244354161
 0.01369345477433723
 0.01339596937789526
 0.01373886901819963
 0.01364789155155563
 0.01354905220133712
 0.01343174498911729
 0.01302310369280018
 0.01310647551568225
 0.01335092887643114
 0.01332695063520712
 0.01367197922859422
 0.01380248190990912
 0.01355190332391064
 0.01422723343511687
 0.01413823645994642
 0.01420944384262007
