# Created by Octave 4.0.0, Sat Feb 26 13:20:35 2022 EET <li9i@spell>
# name: mean_trajectory_errors_amcl_i
# type: matrix
# rows: 1333
# columns: 1
 0.04545451458343949
 0.04999585062911994
 0.060654042090621
 0.06920508007324926
 0.05348401182614263
 0.0928192780771725
 0.08485790648026169
 0.0769790857579722
 0.0697892845595465
 0.05543579691346406
 0.05844729289721357
 0.05852665887941683
 0.05906845217168038
 0.06029703524495756
 0.05447037662560596
 0.06315877757944169
 0.06334572446095033
 0.06396846516389564
 0.06449129283161081
 0.0582270811587959
 0.07932759957388244
 0.07926307062192058
 0.07877945185901462
 0.0781188807808606
 0.06431504140585079
 0.07198650531440244
 0.07146851405715847
 0.07051445583117449
 0.06980008953922394
 0.06607051437384642
 0.06368694566396145
 0.06282456034002667
 0.06213643556343992
 0.06138822720961365
 0.06515775797222251
 0.05585025756491044
 0.05530425768359828
 0.05449622524407022
 0.05403206362840681
 0.0616792092666438
 0.05079636654907014
 0.05047766191429146
 0.04927378394119152
 0.04977461529188559
 0.05844462898298117
 0.04692217053047878
 0.04681281582770343
 0.04631119624433029
 0.04561221401934275
 0.05316127240971093
 0.04456997013935855
 0.04374695239875986
 0.04356333874157843
 0.04331536394944874
 0.04934760108211816
 0.04283301078781001
 0.04274064447713032
 0.04192947949159764
 0.04222989745148181
 0.04595555227006325
 0.04139010532905142
 0.04208238319619052
 0.04154471322811656
 0.04055932064143915
 0.0432341174415854
 0.03969975913916247
 0.03884435194256655
 0.03961847416826658
 0.03883923253351104
 0.03964580844032792
 0.0367349375859333
 0.0372377196561268
 0.03718002593428056
 0.03716900376041494
 0.03912748677618864
 0.03593107377453034
 0.0357707988678212
 0.03613310267150838
 0.03496776420720356
 0.03784894413210275
 0.03574003895885555
 0.03477432635952939
 0.03510560393941963
 0.03538017314087607
 0.03634433998383368
 0.03478292869705608
 0.03448704730725882
 0.03444914658099625
 0.03524007049541177
 0.03643103051599603
 0.03435480389647221
 0.03462304528709904
 0.03450065048949481
 0.03327968275252098
 0.03490855788029518
 0.03378372908236621
 0.03326788561764538
 0.0336587796068321
 0.03323883036633055
 0.03410614067117612
 0.03333796914077225
 0.03235051321175774
 0.03242301208819444
 0.03265765804970393
 0.0335320017770477
 0.03260195652352515
 0.03258050165106662
 0.03246809851586281
 0.03161773277240463
 0.03283958501144421
 0.03185622696599352
 0.03169195911551902
 0.03121731468730084
 0.03128244854920489
 0.03243656760088597
 0.03044304069389704
 0.03017191328555207
 0.03058333305368944
 0.03032717323696247
 0.03203108626828806
 0.03026652858805504
 0.02967919156586951
 0.02938327056950657
 0.02946866533585336
 0.03113555187142226
 0.0287438201276252
 0.02900348696585577
 0.02861429472360471
 0.02872668104716165
 0.03073268755482808
 0.02815713552253001
 0.0279543552153164
 0.02793850648151886
 0.02770782005347707
 0.02997437630392719
 0.02772363824848203
 0.02717259706560794
 0.02732767714778774
 0.02698496852008798
 0.02949888190538973
 0.02652579448073906
 0.02662016800705479
 0.02629063980790837
 0.02652527680362167
 0.02897005757929084
 0.0259354194172954
 0.02574236202337229
 0.02576996232385807
 0.02523819525084054
 0.02863656113581277
 0.02534849009994618
 0.02531867713031293
 0.02524270708537905
 0.02493713355330634
 0.02807944268300499
 0.02472853763230303
 0.02476293652370653
 0.02490308965720841
 0.02437536462911221
 0.02735065349068804
 0.02404326886349419
 0.02378602085804866
 0.0239729090242109
 0.02370176072615198
 0.02685223640417542
 0.0235095155258436
 0.02344408401005385
 0.02344742630507301
 0.02309667982033822
 0.02569349217832177
 0.0231755028114551
 0.02243270272749099
 0.02255983345296637
 0.02242406191420855
 0.02490644115636349
 0.02220768277488794
 0.02231307018498841
 0.02199970827627831
 0.02179427491826756
 0.02417348737157559
 0.02150054421824922
 0.02083214657565933
 0.02061164080215671
 0.02049578141525752
 0.02324078902793172
 0.02052797635802947
 0.02041315712629535
 0.02020184994944297
 0.02010896139558108
 0.02263456583313261
 0.01971847923264579
 0.0196758608191266
 0.01965054401639555
 0.01957700839488214
 0.02213659884360637
 0.01925907559608231
 0.01945154733035609
 0.01919179523191257
 0.01912408122367859
 0.02141986251733188
 0.01874771067443715
 0.01882586182663666
 0.01844597953165565
 0.01845142441609285
 0.02124305847776973
 0.01838630425808312
 0.01835811895225382
 0.01839528652489092
 0.01807133790035112
 0.02040053714528819
 0.01830751796904121
 0.01813076332682692
 0.01818908681362292
 0.01809875904781989
 0.020159085291155
 0.01813329034481722
 0.01786219244717548
 0.01784882573185415
 0.01786798355916296
 0.0203774297386441
 0.01797286352371824
 0.01808640286045949
 0.01753720907107708
 0.01787570506039856
 0.02018579880597321
 0.01729059456336529
 0.01766948785011536
 0.01728705486263077
 0.01690992363133229
 0.01953949534905298
 0.01681314267176858
 0.01720083950006609
 0.01703773206451726
 0.01691450432020712
 0.01930919702293378
 0.01669436218249967
 0.01689578430480353
 0.01643613049422192
 0.01667095844209768
 0.01840721889347991
 0.01617507351342689
 0.01626711381485974
 0.0162485151913097
 0.0161827868725469
 0.01799751957556709
 0.01643476813497715
 0.01575312561770983
 0.01569531401037086
 0.01621298331986672
 0.01772341823479802
 0.01530094607398159
 0.01596148489757412
 0.01548122262550778
 0.01554419931583394
 0.01748606066071096
 0.01513647233646704
 0.01560735534292922
 0.01544401356732547
 0.01503560777374352
 0.01696050695384737
 0.01538953423356416
 0.01467389877671447
 0.01536877249985469
 0.01508725128642967
 0.01630048039296458
 0.01492140459035915
 0.01499580512568165
 0.01497209984411949
 0.01438282943171882
 0.01721755350190244
 0.01505756324257351
 0.01502863311002139
 0.01494047610987111
 0.01471630599654157
 0.01718101841339842
 0.01474061814528058
 0.01474074980596534
 0.01539782293808201
 0.01470149355889168
 0.01673159601122112
 0.0148048171313981
 0.01484691806103198
 0.01492230983426624
 0.01492065649889793
 0.01668990807922637
 0.01510853482324737
 0.01496231554927704
 0.01471662302581911
 0.01496396447747244
 0.01657091312504642
 0.01516440017524893
 0.01527699843811699
 0.01483599850147165
 0.01556347796346351
 0.01665473877564529
 0.01475262051404627
 0.0149007984784147
 0.01513597319099721
 0.01499488247133446
 0.01733794501129275
 0.01539438861556189
 0.01537940989204325
 0.01516375111146002
 0.01578245979145634
 0.0170598469858089
 0.01467834912298094
 0.01474515932275129
 0.01437055261609849
 0.01466687661987093
 0.01631264754153504
 0.01458166197945431
 0.01486272357478416
 0.01462636062681583
 0.01487004263451188
 0.0164299334289393
 0.01461012440687223
 0.01490887394710188
 0.01488931193378809
 0.01463016941905579
 0.01691488254350695
 0.01482185290098701
 0.0144480811533334
 0.01513257989258499
 0.01457889964839011
 0.01658968859395489
 0.01473650413265734
 0.01476003473631344
 0.01496323257252399
 0.01506439476316668
 0.01672702733636337
 0.01492637039509443
 0.0152294895337944
 0.01487887329792397
 0.01520293453937396
 0.01751083788287969
 0.01469353576645617
 0.01486064611991552
 0.01498744523556041
 0.01469082472114332
 0.01763691531236449
 0.01444595623343366
 0.01546561646028073
 0.0150519525598661
 0.01449088409695842
 0.01730138399116419
 0.01466528368522124
 0.01446855552718355
 0.01528016130406276
 0.0146678203991454
 0.01683011113924575
 0.01491628863054696
 0.01475554900392396
 0.0144212192459122
 0.01465224870484014
 0.01661799801227997
 0.01449750844769037
 0.01444176606296354
 0.01468002263578148
 0.01434639652432996
 0.01651558522319868
 0.0147352444864804
 0.01450334914526988
 0.01461965302331439
 0.01422552015147191
 0.01645748546899826
 0.01485253341424959
 0.01442359558980877
 0.01463568640105903
 0.01490724736421692
 0.01629841147136748
 0.01478692330224095
 0.01424630783518257
 0.01478453913170504
 0.01449273850041267
 0.01647843284318046
