# Created by Octave 4.0.0, Sat Feb 26 13:17:39 2022 EET <li9i@spell>
# name: mean_trajectory_errors_dft_i
# type: matrix
# rows: 1355
# columns: 1
 0.004563433087110859
 0.01064319645042607
 0.008047510395279438
 0.01282642536413348
 0.00993323039266846
 0.01145717503022388
 0.01059964253212257
 0.0105419688172585
 0.009286771570058479
 0.009803015526628558
 0.01034343739705887
 0.0116464437983171
 0.01160943365507953
 0.01048526984229698
 0.01087783278185618
 0.01063195418496806
 0.01159939860605592
 0.01102066681144635
 0.01137358485893719
 0.01224218905387105
 0.01161198689601432
 0.01155329139039663
 0.01170439583484546
 0.01177720295911281
 0.01132215534401807
 0.01058330725958905
 0.01183648736233315
 0.01107723536969244
 0.01235822918739126
 0.01275981405386226
 0.01249405666404025
 0.01265108994492866
 0.01282880016491964
 0.01287429290186087
 0.01276888359507134
 0.01267097101165951
 0.01124344152973875
 0.01106445302711197
 0.01038145619017655
 0.01091142408372385
 0.01050255347732799
 0.01059527807442785
 0.01067468517704959
 0.01114947251017948
 0.01080468049924036
 0.010334449310894
 0.0107216922865378
 0.01127034403471411
 0.01063606797460358
 0.01107177625519483
 0.01099978084495195
 0.01076141563418227
 0.01141474717234582
 0.01083087699890761
 0.0112833010281568
 0.01131287167687216
 0.01159707280176704
 0.01100666559398474
 0.01186145812780738
 0.01218497355911939
 0.01137305289821735
 0.01155302631618025
 0.01255458312126196
 0.01377893117800875
 0.01488397757271617
 0.01477670507912059
 0.01471780450258961
 0.01368159182777639
 0.01269409573874181
 0.01381080256088032
 0.01251612736200679
 0.01323539016949769
 0.01298472514483652
 0.01300585185925695
 0.01316653924692436
 0.01336057336720732
 0.01267423855882116
 0.01385431839200612
 0.01299081032238322
 0.01303037024074533
 0.01309517801361508
 0.01340597104034748
 0.01334120706306327
 0.01353586613845069
 0.01321249589138993
 0.01273236311910025
 0.01385244219640146
 0.01348238140515634
 0.01360266840951371
 0.01416943593393946
 0.0135952430835054
 0.01365194070433152
 0.01409304829186306
 0.01393315247141545
 0.01319458451026555
 0.01374643060456181
 0.01381779637559302
 0.01389757919620462
 0.01387351691815469
 0.01396728694050479
 0.01358999950939978
 0.0142976876233713
 0.01417270172442381
 0.01314489385203642
 0.01315945720593529
 0.01393974415998781
 0.01329106992309865
 0.01328521412602135
 0.01280930516556989
 0.01272606034688646
 0.012746501152592
 0.01290173075627161
 0.01329250293130405
 0.01302132475912257
 0.01267254409244196
 0.01317345576922923
 0.0128035937128446
 0.01248654534055852
 0.01339060620120384
 0.01302351667216408
 0.01170335916636837
 0.01333023221777307
 0.01179905255138571
 0.01129690933900129
 0.01146433088940513
 0.01047316374957125
 0.0108190673761889
 0.01096817366024071
 0.01086806483282978
 0.01008689938530186
 0.009548907409144207
 0.01064454117796679
 0.01045307161975868
 0.01009051986748766
 0.0113880247325396
 0.01037541782471108
 0.01013133816942654
 0.01100651063539802
 0.01093322068077572
 0.00942705162091364
 0.01074679430450978
 0.01020905224129365
 0.01107367346980823
 0.01138044352137611
 0.01055255372200982
 0.01011683537353484
 0.009931555372180068
 0.01064162478257569
 0.009769226034823433
 0.009980675815906347
 0.01032879802230173
 0.01025702512600962
 0.009532822262671947
 0.01052914278002353
 0.01009978008623051
 0.009648586535346374
 0.01077258711226134
 0.01137910192436851
 0.01042306581855746
 0.01065666909308017
 0.01009432297205083
 0.01069250095988619
 0.009812008290961956
 0.01101752170642415
 0.01093321519382326
 0.01093957444275447
 0.01058253761059519
 0.010282520730262
 0.01036883082626182
 0.01134898769192573
 0.01052291155775255
 0.01000857411897839
 0.01052074385350588
 0.01122213603283935
 0.01071095287167973
 0.01183716911342926
 0.01121455859695111
 0.01154841327862582
 0.01140919140359305
 0.01105141455897036
 0.01086188592633071
 0.01123945008968999
 0.01040106123484866
 0.01069348228153256
 0.01112636459122163
 0.01208012266065019
 0.00995765906024941
 0.0114175798415492
 0.01037373460086449
 0.01077372582862047
 0.0120224048704261
 0.009808020026913297
 0.01082785138873123
 0.01148535824325843
 0.01114483885793307
 0.01068630292551499
 0.01015551908803997
 0.01040471381497011
 0.01068435124682145
 0.01143805933511313
 0.01133169391771022
 0.01028966622953678
 0.01152539024472829
 0.01172983538085165
 0.01051971599570573
 0.0114367209879809
 0.01115245932252212
 0.01099418936512592
 0.01018178049990911
 0.01072774535100692
 0.01099163797180739
 0.01094875782943909
 0.01164696912974379
 0.01061062291020912
 0.01083217093203307
 0.01190921287508796
 0.01113585402055741
 0.0116606006896141
 0.01135093052391296
 0.01200597370094307
 0.01211985628174759
 0.01194043529909401
 0.01202841892661613
 0.01136356562623062
 0.01216209869901362
 0.01158090078515354
 0.01069926609957514
 0.01089443773107381
 0.01219160449899175
 0.01182223387713991
 0.01187943721346853
 0.01198656880170457
 0.01110829684056914
 0.011178365002669
 0.01208756536143701
 0.01246420479914472
 0.01159624291410347
 0.0115400248673039
 0.01281948444621406
 0.01304372116618701
 0.01310019811921659
 0.0134824988935905
 0.01246979872221341
 0.0131073409551256
 0.01309523389372703
 0.01282983818097964
 0.01323009692549082
 0.01294153823832616
 0.01283531687259693
 0.01348093082880755
 0.01295238106501383
 0.01270898887295991
 0.0134693931213822
 0.01335609943436955
 0.01261462698663067
 0.0135712677989936
 0.01300754745112473
 0.01271096224627897
 0.0132210163504417
 0.01289946866961611
 0.01301538092339027
 0.01290542659545663
 0.01323366239931844
 0.01267134270631289
 0.01315525160103602
 0.01294630659153116
 0.01284665881588919
 0.01345789716081617
 0.01341175739054622
 0.01251709766772629
 0.01350742073236459
 0.01333897889458399
 0.01254498616062221
 0.01371406552734004
 0.01285871145545029
 0.01330739620935716
 0.01351287754837831
 0.01305616733079635
 0.0133197035962796
 0.01349520951850326
 0.01326836969018752
 0.0136043533783975
 0.01388135911228682
 0.01361240080675331
 0.01381261794013727
 0.01356409301928944
 0.01334391573774626
 0.01385682075911138
 0.01412845018828503
 0.0131444607827804
 0.01416594247168508
 0.01371991517913771
 0.01322637195086332
 0.01442996272893904
 0.01343250527140388
 0.0135786419677489
 0.01409355441294513
 0.01341894013184921
 0.01320005301733715
 0.01299393927673694
 0.01337813270951287
 0.01382529446616631
 0.01400205954574579
 0.01303741594752695
 0.01299963526057797
 0.0144566605480944
 0.01332044749954672
 0.01399163816879366
 0.01376183277378953
 0.01377501687619092
 0.01493494649635902
 0.014723604501001
 0.01449963917624519
 0.01452139827143806
 0.01461253336554238
 0.01441073225598377
 0.01415647880363255
 0.01339844063131349
 0.01462479762261945
 0.01377800123110618
 0.01431341427460609
 0.01399866849296328
 0.01470923629487658
 0.01398981203436048
 0.0143807727364407
 0.01500307859619341
 0.01430148185885094
 0.01473992384822072
 0.01462277983443395
 0.01404724431583957
 0.01497093498347895
 0.0146558369365369
 0.01419286799957892
 0.01441608883579894
 0.0144153241040608
 0.01413594861568189
 0.01442026457502366
 0.01431394160572433
 0.01455931073727833
 0.01433355860694664
 0.01447057011732567
 0.01406481635255982
 0.01398038210142402
 0.01460059674635151
 0.01365159038970179
 0.01342865689686262
 0.01376826896380392
 0.01386982868828911
 0.01255969192283399
 0.01366098548099633
 0.01385193912791586
 0.01402283945469058
 0.01349325008090775
 0.01348852293230765
 0.01332082581952645
 0.01320693771844919
 0.01341521423938572
 0.01276230276057227
 0.01328381567401064
 0.01361647774303846
 0.01301495090186083
 0.01283619118351167
 0.01292919846607767
 0.01336140156877899
 0.01356507091761699
 0.01343149448749797
 0.01384873790056405
 0.01350892633218586
 0.01366216536789061
 0.01382137831422811
 0.01415392913381884
 0.01431760609324755
 0.01461117112096625
 0.01427310555726897
 0.01432512883702691
