# Created by Octave 4.0.0, Sat Feb 26 13:19:36 2022 EET <li9i@spell>
# name: mean_trajectory_errors_amcl_i
# type: matrix
# rows: 1334
# columns: 1
 0.05045897851837036
 0.05308554523775568
 0.06152152323389808
 0.06952677421511068
 0.0732646661992787
 0.07288306592818714
 0.07131308891264611
 0.06712457972842061
 0.06283894653987211
 0.0595675811504571
 0.05675369186084841
 0.05399811188521526
 0.05263310769436523
 0.05153117150831579
 0.05096991394879425
 0.05162824734504236
 0.05272532064666383
 0.05406319362285848
 0.05519735231335284
 0.05779901194920032
 0.059299563798178
 0.06095771862140917
 0.06235856261412565
 0.06370665614637201
 0.06418307936584389
 0.06502376971235892
 0.06542524523651676
 0.06619094433152511
 0.06611726714608759
 0.06648062303279398
 0.06626190618961685
 0.06597132400268324
 0.06551783047352608
 0.06515112235875817
 0.06424811084271755
 0.06342336634239952
 0.06281324509561138
 0.0618831986154233
 0.06130785298827589
 0.0600493170807202
 0.05945183006849723
 0.05875339225916448
 0.05808289836207479
 0.05718591438073233
 0.05720633131461565
 0.05596968388298534
 0.05496603385038497
 0.05443369486405727
 0.05354168083202447
 0.05279752504678312
 0.05256020750285903
 0.050781037406766
 0.05003865118735554
 0.05001003331642204
 0.0489347544732376
 0.04837460585902312
 0.04783848327431897
 0.04690645710782596
 0.04615871079163306
 0.04614898187991846
 0.04533792902810704
 0.04447442842226387
 0.04488830682182135
 0.04426238498035381
 0.04334776585821289
 0.04260323073510228
 0.04127775734230529
 0.04162976726191045
 0.04090476350221938
 0.04061385179919392
 0.04061794216089358
 0.04041394220469045
 0.03959917829540303
 0.03945437561472407
 0.03945620362616602
 0.03820894031372786
 0.03904213002715373
 0.03857860048529248
 0.03811951748956722
 0.03840348209156232
 0.03800581786880201
 0.03743386103440323
 0.03779932187484819
 0.03714545274979991
 0.03703117900893895
 0.0371325637798696
 0.03688967466212895
 0.03587228516228844
 0.03658597866585035
 0.03621369148338383
 0.03581713173888883
 0.03627287920627926
 0.03589944484904072
 0.03527949900316386
 0.03537785113998375
 0.035087350336969
 0.03476084974318913
 0.03461970230110934
 0.03469026661724881
 0.03405433044257215
 0.0338780865369499
 0.03400145059258138
 0.03355396949983993
 0.03317295748223529
 0.03360416361935466
 0.03325961647215475
 0.03321318015258524
 0.03281813106387111
 0.03281724663983801
 0.03281590851461891
 0.03182936673657884
 0.03235672395788923
 0.03214584989615164
 0.03174590263447914
 0.03212182463976578
 0.03158008216176825
 0.0310088102229366
 0.03104332640078609
 0.03075860490054444
 0.03120112230985772
 0.0310097414410814
 0.03050425837833494
 0.03040935608032056
 0.03023203649878446
 0.03017076793177383
 0.02983590629630015
 0.02998778887336884
 0.02946255099361337
 0.02963182309228377
 0.02945376465121324
 0.02901430796473383
 0.02932435414480748
 0.02924626857521937
 0.02871135588783931
 0.02937390512551388
 0.02880651297121411
 0.02857463313976662
 0.02906438235143259
 0.02826707179897159
 0.0284166512550804
 0.02831480576777414
 0.02793684468876643
 0.02833336192420837
 0.02747425383725585
 0.02754355542060038
 0.02789643671053528
 0.02685612708432263
 0.0268929016588082
 0.02694581540609254
 0.02664164759681952
 0.02642921307865483
 0.02689691085761049
 0.02621193229099088
 0.02628667899330102
 0.02647162144324935
 0.02585267012536722
 0.0255370581081201
 0.02600722620896193
 0.02541884134807865
 0.0251638101532394
 0.02555196317388093
 0.02491628160832255
 0.02496438977795024
 0.02475755463229302
 0.02500099421620742
 0.02490476718971722
 0.0246398169951644
 0.02479423361588285
 0.02453987903044778
 0.02474287570789405
 0.02413377378218623
 0.02469702536727717
 0.02396380181729483
 0.02410345240523458
 0.02423926622536464
 0.02398290738627773
 0.02427941398342431
 0.02368816587468272
 0.02355541706411311
 0.02372308398829587
 0.02321451125793055
 0.02325539827850081
 0.02315437268232771
 0.02274150728201444
 0.02323401910705065
 0.0225499830167895
 0.02284016908915377
 0.02256657233121211
 0.0225199772007347
 0.02217790623797114
 0.02210742852529481
 0.02203062336903256
 0.02167009803977678
 0.02210516397775442
 0.0219180409568452
 0.02162343422251883
 0.02186596715277345
 0.02152837014294631
 0.02144200978053893
 0.02199426658284492
 0.0211194760258051
 0.02093524056694238
 0.02148468693745838
 0.02125813995744464
 0.02132741374911433
 0.02099146848422943
 0.02112694763780815
 0.02098262034813232
 0.02082407501323947
 0.02107060276751942
 0.02091619411636379
 0.0208343747404908
 0.02115140643232091
 0.02050412900900644
 0.02046580853311408
 0.02067730426362446
 0.01998883595406611
 0.02029057966235248
 0.02004102417107388
 0.01979071970445759
 0.02038085676171638
 0.01953207743790223
 0.019674910682743
 0.02006367277488832
 0.01916099960240607
 0.01946859423543188
 0.01910442037626009
 0.01917045748296448
 0.01919581670846894
 0.01921229236361117
 0.01877617975643612
 0.01916455131564959
 0.01875852051437425
 0.01873030291629094
 0.01901094196656944
 0.01869450057748301
 0.01839078913430254
 0.01852751228760632
 0.01858401197185083
 0.01821247699111267
 0.01844305768197815
 0.01841179402481513
 0.01794575367094666
 0.01826416415019476
 0.01805927002903307
 0.01785712859386413
 0.01824744333219729
 0.01780389517923235
 0.01770283725120935
 0.01836700575013967
 0.01791066228762164
 0.01751140315610903
 0.01757557641742509
 0.01769421416745885
 0.01766963383119353
 0.01754682213829224
 0.01782784393997854
 0.01732214382314104
 0.01754298811055389
 0.01781014043278475
 0.01747953968540484
 0.01750880624591865
 0.01741142236657166
 0.0171292532158083
 0.01752385240367398
 0.01704285163308197
 0.01702906775606326
 0.01749718455838599
 0.01686941640965196
 0.01711383125540334
 0.01734585432243598
 0.01678426171967441
 0.01709046803833264
 0.01731923271753859
 0.01678068331281444
 0.0170964265617583
 0.01703582113189597
 0.01689024886009209
 0.01645961273793895
 0.01713213661437789
 0.01682041368058919
 0.01690745918724193
 0.01683149360605006
 0.01692001257806127
 0.01702280350185562
 0.01714306433761755
 0.01699797240131539
 0.01693172821114848
 0.017353171891465
 0.01686183751691648
 0.01708974062347761
 0.01715919108124091
 0.01679774854392049
 0.01689920540701952
 0.01691476679275975
 0.0168894835503165
 0.01700958923421119
 0.01712867304807856
 0.01662316155547521
 0.01691960886542374
 0.01678935976203738
 0.01673053446813771
 0.01692590732979838
 0.0169159117176672
 0.01713790086391799
 0.01688819261874464
 0.01678524731588922
 0.01714632250140607
 0.01701470628623235
 0.01663002976278104
 0.01676136369714239
 0.0171418321570956
 0.01678492218975728
 0.01678729754181801
 0.01725505472384624
 0.01682088421810578
 0.01699780266227238
 0.01727027764211235
 0.01706209231549961
 0.01685631519761845
 0.0168313878423925
 0.01675311155336938
 0.01708999510586963
 0.01734113034759093
 0.01672255596435963
 0.01716091924170252
 0.01700738556791075
 0.01726710520778821
 0.01715266597561295
 0.0171061998555745
 0.01683558652845814
 0.01701997199027422
 0.01655500910597735
 0.01665591197851269
 0.01709739749512138
 0.01711590417054936
 0.01694995296385017
 0.01721617091038409
 0.01693243194803253
 0.01718431888360691
 0.01665200278348218
 0.01774562426487703
 0.01678959289199698
 0.01732298698912096
 0.0174044638870867
 0.01669421570782462
 0.01736230878433882
 0.01697398758123842
 0.0171258805601632
 0.01746539678251597
 0.01683511486222038
 0.01726649159831111
 0.01712819197043327
 0.0172320025057155
 0.01720145645119118
 0.01701533537046327
 0.0169158822074302
 0.0174592441728434
 0.01711322792875234
 0.01720033326631363
 0.01695807848732385
 0.01747258022338987
 0.01708866613232353
 0.01699961447086458
 0.01720455945728867
 0.01644563023877124
 0.01657572404557891
 0.01687327392069189
 0.0168242986313995
 0.01601772459520686
 0.01650791149914022
 0.01641581323400529
 0.01669323535499356
 0.01675952886443874
 0.016775595837067
 0.0167929074666789
