# Created by Octave 4.0.0, Sat Feb 26 13:16:40 2022 EET <li9i@spell>
# name: mean_trajectory_errors_amcl_i
# type: matrix
# rows: 1347
# columns: 1
 0.08153234016406499
 0.004426731329108536
 0.007386268277939027
 0.007659284337950396
 0.01077028014249923
 0.009291940081414467
 0.007915326435792479
 0.008273635672037068
 0.007255635455672666
 0.01031837506616536
 0.007465812593585742
 0.007396906360723435
 0.007108295216726511
 0.007679426203919994
 0.01224432242798659
 0.008915816234615851
 0.007161458616399779
 0.008799425784901185
 0.007727912161877412
 0.01184941221619523
 0.008226465170243084
 0.008239880411690673
 0.009320519841947473
 0.009205774652302469
 0.01201564541280031
 0.009114884672101229
 0.009108995704481914
 0.009453180264212713
 0.009557013104150776
 0.01225763592920986
 0.009792240992196962
 0.00957762683797213
 0.01064042941770895
 0.01011144339889671
 0.01375112739571236
 0.01153518148903116
 0.01090973525841738
 0.0110236492066264
 0.01108277445041083
 0.01289849205117656
 0.01122730910570944
 0.01061454096057802
 0.01056583733696883
 0.0106821164351197
 0.01167763543353628
 0.0111907472754987
 0.01125468004236824
 0.01116475168151608
 0.01100589627730153
 0.01216448118232596
 0.0106200529941043
 0.01132620187524789
 0.01125930693814547
 0.01120560595199615
 0.01183174724237427
 0.01144765032668625
 0.0110480176138539
 0.01191412596128174
 0.01156548101781943
 0.01238163327162069
 0.01149584697496334
 0.01182502293169816
 0.01164819471446724
 0.0119219710675343
 0.01230706626621773
 0.01210844220956077
 0.01218946101986655
 0.0121479256448683
 0.01225015547469722
 0.01272858853938172
 0.01176142909457865
 0.01222596845847207
 0.01182889916040642
 0.01205434046080925
 0.0129699256690014
 0.01261654170568912
 0.01217293164465824
 0.01232982199130927
 0.01253294844964341
 0.01341337464650631
 0.01275850805161802
 0.01264896841349453
 0.01277554925353502
 0.01291739626807705
 0.01387213400429725
 0.0128105443132688
 0.01351688617356198
 0.01295105051775628
 0.01263010494415053
 0.01406341390747788
 0.01320037780298745
 0.01268116032512344
 0.01325802440256483
 0.01329324402391483
 0.01403213093615047
 0.01272720799330683
 0.01329705108253603
 0.01301502621039955
 0.01275675212037665
 0.01383989563420832
 0.01206624629471323
 0.01280523813418537
 0.01306055188548432
 0.01245386853610998
 0.01350299047065222
 0.01242908953939991
 0.01239815536351711
 0.01272928529974676
 0.01253807417798142
 0.01288027701475683
 0.0125315316566784
 0.01191685012275164
 0.0123229550050957
 0.01228380702616392
 0.01282630496682901
 0.01244771822067091
 0.01172619008804724
 0.0116768101759962
 0.01218278915589928
 0.01201777969803889
 0.01146566653553056
 0.01214175505551777
 0.01164303617219936
 0.01207474836357516
 0.01190657586307168
 0.0112722171408618
 0.01174811171575325
 0.01079075172897599
 0.01151158194166636
 0.01312779679756032
 0.01109817419922771
 0.01056611760604472
 0.01123197076552846
 0.01094349426591703
 0.01227719562124608
 0.01173233657486498
 0.01098910751365291
 0.01082245005653879
 0.01152935379598634
 0.01210293392820829
 0.01057904806721719
 0.01150416107503948
 0.01077165243558256
 0.01105850845559586
 0.01216684682168817
 0.01127667938873587
 0.01104519881626373
 0.01198535091838521
 0.01095185571985978
 0.01115286269572742
 0.01163602281890712
 0.01116632172336501
 0.0109679480900136
 0.01146990448614825
 0.0113616146658812
 0.01127146132557421
 0.01216542512877083
 0.01125517538821701
 0.01142303217751258
 0.01224173370931546
 0.01154292060759467
 0.01142974388603467
 0.01116425569500493
 0.01090417863363103
 0.01276118936527115
 0.01063661472587837
 0.01161641080980129
 0.01192845002802137
 0.01093156749798625
 0.01179475515180021
 0.0115501067197566
 0.01122829270754149
 0.01148319747926747
 0.0112576762664615
 0.01228839786925559
 0.01155143909465848
 0.01107647945056619
 0.01154149507501111
 0.0108294503090648
 0.01181245145669387
 0.01158415213532852
 0.01083417207106104
 0.01152179028542658
 0.01097535023277286
 0.01209662464388059
 0.01110583116283669
 0.01122852904675048
 0.01209809307793185
 0.01182764921705473
 0.01164598020833517
 0.01153319498744511
 0.01151387760802368
 0.01067521927423412
 0.01145156101837527
 0.01244105193299363
 0.01068189622054742
 0.01182497644617229
 0.01219716958925365
 0.01114113541737835
 0.01226682049409506
 0.0115142956350143
 0.0109658551057962
 0.01146570878996125
 0.01175330385021734
 0.01160196655531395
 0.01142386527803138
 0.01185851445155402
 0.01145809619671531
 0.01139481551541986
 0.01305291733590468
 0.01129126659385609
 0.01203857064145609
 0.01239916696301546
 0.01124257381979684
 0.0123321962907474
 0.01240036831603678
 0.01207208588423562
 0.01149489459620835
 0.01275194491543104
 0.0133434193627707
 0.01139213393046471
 0.01254811557409773
 0.01210743203096187
 0.01145547289597611
 0.01391537128467067
 0.01235547248191445
 0.01207275584588576
 0.01297806495205021
 0.01202042150465726
 0.01282631757185753
 0.01257585151295805
 0.01246469851725372
 0.01256862900976531
 0.01308055151399981
 0.01401091553303265
 0.01274652844456977
 0.01319923599791313
 0.01308405873944139
 0.01236563238177242
 0.01383621292137462
 0.01318120857899852
 0.01282722831144325
 0.01322265555328061
 0.01303560259675761
 0.01416435507268964
 0.0129028346555947
 0.01356243703182754
 0.01303478379600201
 0.01333520950018382
 0.01514139988129838
 0.01352869833066029
 0.01364841470344822
 0.01423578447753946
 0.01353090200159601
 0.01446585594466125
 0.01371942242224984
 0.01309945381197722
 0.01366963825952023
 0.0137826032183763
 0.01450694342091706
 0.01351156706480192
 0.01382983659052929
 0.01324668030176335
 0.01377003747159048
 0.01498087507284094
 0.01311593021860443
 0.01354354663651931
 0.01367071778419219
 0.01333531772851458
 0.0153210318871928
 0.01386136194198138
 0.01293838040463499
 0.01409802905174547
 0.01449876283071464
 0.01473342947376514
 0.01357076720329128
 0.01424916220758526
 0.01337379474105147
 0.01428672139457022
 0.01471816902393246
 0.01342012802571557
 0.01462681138377594
 0.01398890547901835
 0.01326948381313238
 0.01555632108692091
 0.01418356677171508
 0.01412920940814881
 0.01448640150583988
 0.01388143032369691
 0.0144488033393543
 0.01415329534440759
 0.01449210942583983
 0.01356979155247358
 0.01439658838424855
 0.01517970448518636
 0.01399413547646823
 0.01397649600203151
 0.01425902338029652
 0.01374853063193864
 0.01470803394363337
 0.01428687341091796
 0.01405220692066332
 0.01408561306135354
 0.01454922420613045
 0.01562858523810211
 0.01434578688945651
 0.01452208496818263
 0.01418231820184987
 0.01394237914898215
 0.01502639677366945
 0.01363208764403817
 0.01440969634996282
 0.01434678063495376
 0.01402004490155365
 0.01507061963510453
 0.01405459025956815
 0.01435898941831929
 0.01369866830330707
 0.01342404504610381
 0.01496457903611653
 0.01400909959924244
 0.01441874891244286
 0.0138901223166031
 0.01423982561774799
 0.01470381887393792
 0.01385879839227067
 0.01392969980200042
 0.01376802136309664
 0.01406864115308719
 0.01521907285867332
 0.01361983013485303
 0.01415753477084279
 0.01392390002058675
 0.01348628430119487
 0.01484111841395903
 0.01409541294978892
 0.01353500471010464
 0.01333140393733054
 0.01386643150366427
 0.01481905583997462
 0.01295248700589003
 0.0139058179056886
 0.01368863748996037
 0.01374022981783124
 0.0141689615808755
 0.0134047604395917
 0.0142674765334362
 0.01332382804663323
 0.01367427625886002
 0.01425288586891264
 0.01350996472120844
 0.01364932952260299
 0.01405883850180833
 0.01346811602840656
 0.01444611144903642
 0.01335764022103991
 0.01340787437114869
 0.01290826565878244
 0.01352903157841261
 0.01381524082068364
 0.01304663615088502
 0.01393948671386461
 0.01331994790850879
 0.01317194614462374
 0.0139174687937308
 0.01357858878909218
 0.01307430488224748
 0.01314152278789489
 0.01354131949677875
 0.01458907782016256
 0.01357330711004151
 0.01399807042430568
 0.01381784929738167
 0.01362064289383504
