# Created by Octave 4.0.0, Sat Feb 26 13:20:35 2022 EET <li9i@spell>
# name: mean_trajectory_errors_dft_i
# type: matrix
# rows: 1333
# columns: 1
 0.003957772804122268
 0.0112111843116327
 0.0102408806309419
 0.01248300070856929
 0.01259517216572565
 0.01121006948217594
 0.01202676993203779
 0.01123606406843828
 0.0116162845159091
 0.01202745417456861
 0.01192698347413412
 0.0119086889438275
 0.01164768873751536
 0.01219990970338036
 0.01221714570205084
 0.01310708205335477
 0.01266266579910661
 0.01329996546561636
 0.01273070411233957
 0.01216501857007308
 0.01252355916731709
 0.01163815452158312
 0.01271217049079518
 0.01206031141552279
 0.01254979419505551
 0.01111384843533344
 0.01181746741153064
 0.01175629707524672
 0.01167039180020223
 0.0122917380081808
 0.009987098294355427
 0.010488384237271
 0.01048949881359475
 0.01074901585703516
 0.01096569958040975
 0.01032908616913653
 0.01067485913484459
 0.01067228643394052
 0.01108968441986298
 0.009962861059384803
 0.01031659628494343
 0.01053077622847481
 0.01012710984696475
 0.01023264374390109
 0.01047910591071052
 0.01151912989105687
 0.01133968786880838
 0.01182109601454624
 0.01099277485155982
 0.0114857013525937
 0.01180908617451329
 0.01200798754835277
 0.01184486506272097
 0.01182609702202888
 0.01205626006041827
 0.01102861362599201
 0.01129267867815177
 0.01149260789530871
 0.01172284315489507
 0.01171475705379691
 0.01201127480508339
 0.01205118258244944
 0.01234411483772514
 0.01221008372995062
 0.01230712333314061
 0.01266467917530869
 0.01282224989465356
 0.01285906526888449
 0.01242143589505449
 0.0128569559284687
 0.01294276175361581
 0.01259064918959531
 0.01315765209204717
 0.01255701621587586
 0.01295930661597463
 0.01379029022714665
 0.0130832265407405
 0.01273944007341426
 0.01335661029932434
 0.01331706126851209
 0.01320844688051176
 0.01380280947519725
 0.01355831943089021
 0.01320671152506951
 0.01405688550677402
 0.01406499197783088
 0.0139500695588465
 0.01429120829445273
 0.01353153916243231
 0.01379731950581926
 0.01413325623643846
 0.01332846182092722
 0.01429342432459945
 0.01403275696097644
 0.01381202411709123
 0.01371713533640464
 0.01374738385427042
 0.01368840113403551
 0.01382380873673327
 0.01381494551387086
 0.01283601807675542
 0.01409899190964781
 0.01370060673033625
 0.01319824664378542
 0.01304386424227095
 0.01343857927566916
 0.01354328252394526
 0.013156117325653
 0.0137813044574804
 0.01346618262785224
 0.01312603180636908
 0.01372381740622869
 0.01392232358590394
 0.01253653709632003
 0.0137293277113099
 0.01243182570098366
 0.01329157268011573
 0.01302663410056423
 0.01192540716471816
 0.01284284466726195
 0.01134168518437003
 0.01247797214378316
 0.01282467974765902
 0.01165118092470807
 0.01225276283705504
 0.01167406006499639
 0.01170356974809683
 0.01288566728526758
 0.01198073290166902
 0.01184988275124989
 0.01221259029371696
 0.01232719308988728
 0.01199352534710141
 0.01274884760585626
 0.01272141578181885
 0.01272421832425122
 0.01228349787695604
 0.01281201683266134
 0.01283719154487168
 0.01160489236982138
 0.01351104975053202
 0.01225194710465572
 0.01232712212488047
 0.01319467634591879
 0.01224857531456159
 0.01264291364114388
 0.01340397068063369
 0.01294233394073311
 0.0125502160459418
 0.0123899242001148
 0.01227792161408531
 0.01289479566354713
 0.01239034504623632
 0.01290138366695968
 0.01310263537782463
 0.01345433515622139
 0.01340298403572441
 0.01366317915674563
 0.01316373005263384
 0.01270815319313613
 0.01326003477254459
 0.01378179557658707
 0.01323788626760957
 0.01350653067078565
 0.01228098805372887
 0.01230113346213182
 0.01285703002764101
 0.01256874918281459
 0.01305934442556063
 0.01314654673840445
 0.0120557946221488
 0.01231694155379482
 0.01259287715579293
 0.01262542344636013
 0.01267131147633625
 0.01275978744164362
 0.01275052552516486
 0.01174757045657678
 0.01250509492230868
 0.01259533139021766
 0.01242112767586036
 0.01256490922141881
 0.01382708941708906
 0.01221451859017584
 0.01334927931013343
 0.01183849580246438
 0.01260590662978147
 0.013679388247656
 0.01200886538714967
 0.01289296874673736
 0.01233378475243467
 0.01235826530492442
 0.01235998218359084
 0.01263180925011077
 0.01262343923106891
 0.01238856778322032
 0.01240393800163675
 0.01253123752066807
 0.01295108765578604
 0.01168919952840436
 0.01238210550937621
 0.01181415462416101
 0.01254275805286082
 0.01269213629413037
 0.01195300543593939
 0.01252232008980359
 0.01203582042954071
 0.01254115444537305
 0.01366136345803698
 0.01297079954060395
 0.01301705231054763
 0.01327831623381939
 0.01343622114621902
 0.01367554332193747
 0.01321382199752905
 0.01215379816984756
 0.0131923323215203
 0.01350769084449546
 0.01307480357543759
 0.01365524053702233
 0.01322528929680079
 0.01342259105714596
 0.01297227183250656
 0.01360375523501257
 0.01250019206668303
 0.01278088475977157
 0.01363606414102114
 0.01196193027467036
 0.01347700874982731
 0.01359182282849462
 0.012313380176365
 0.01278980893446162
 0.01338822844945506
 0.01321830535497061
 0.0127334761463332
 0.01354498858508528
 0.01383602983704389
 0.01316963282306566
 0.01361992540220898
 0.01347676701923585
 0.01294151319809771
 0.01368005272726797
 0.01371728774004564
 0.0137772309628846
 0.01418038708259197
 0.01355438541096692
 0.01426111748372955
 0.01496499441255916
 0.01394348683902541
 0.01377969195086164
 0.01352480746437741
 0.01433919999338402
 0.01389584431048482
 0.01445829193621854
 0.01398979389704252
 0.01376655481605295
 0.0145056566118776
 0.01386524612006153
 0.014256638431976
 0.0141031649310454
 0.01282362262839241
 0.01365302870524684
 0.01396942758864661
 0.01324929966593689
 0.01386655376684818
 0.01368835683368038
 0.01439040477804335
 0.01345693392166512
 0.01325536863721384
 0.0139669542023895
 0.01459720215288321
 0.01453347862126491
 0.01479383261899237
 0.01417160252742056
 0.01488665473746339
 0.01487170190285061
 0.01402488568744994
 0.0149458495266939
 0.01482186948929978
 0.01475507088144522
 0.01439700888652574
 0.01486452635123344
 0.01486840927381727
 0.01508484944527416
 0.01480156876883745
 0.01498218735614764
 0.01465784006141541
 0.01496055812332241
 0.01473450340729615
 0.01508968915382942
 0.01512104090621623
 0.01520022137859491
 0.01501076180288148
 0.01526105626737923
 0.01511409811146119
 0.01528250155826899
 0.01491598663853062
 0.0158605680126269
 0.01578509932130237
 0.01539601006847882
 0.01570884625663054
 0.01600098770883574
 0.01545208392358393
 0.01626763134549276
 0.0159765216190363
 0.0153623938222453
 0.01564862944144974
 0.01571825838864491
 0.01613282103711636
 0.01637540860464095
 0.01484378154870336
 0.01566993816472683
 0.01621189469385208
 0.0148077823757463
 0.01534953410340698
 0.01508711309923373
 0.01551511789062678
 0.01660315742404705
 0.01533881821551136
 0.01589828606965957
 0.01465421476906156
 0.01592037018069631
 0.01555473208071299
 0.01494314660098505
 0.0161733833887469
 0.01426676595703901
 0.01467486195945509
 0.01554600617373402
 0.01526498654419905
 0.01475849351569096
 0.01482957494981901
 0.01507053485632924
 0.01463053921607364
 0.01466555861739798
 0.01463107206636492
 0.01431966681675469
 0.01453325020720017
 0.01440483970782004
 0.01445888635676587
 0.01468077576710734
 0.0144097343550287
 0.01501768349463727
 0.01489699823513868
 0.01452857547212389
 0.01461334522696729
 0.01438509199354418
 0.01411667203961373
 0.0144968782716009
 0.01448867629592287
 0.01386056293512051
 0.01387201213525667
 0.01415942612763865
 0.0138099828208937
 0.01402888446450149
 0.01444655921672969
 0.01343156970253533
 0.01414717498722554
 0.01366894133184124
 0.01371885929289939
 0.01382500057748665
 0.0139134379073889
 0.01431347504071733
 0.01438030926542456
 0.01365031178168675
 0.01378859935939343
 0.01348540908828161
 0.01395687305131899
 0.01438478825866855
 0.01382418154452505
 0.01401924945354817
 0.01464197962942428
 0.01407467384214966
 0.01480407153193242
 0.0146879455414969
 0.01456887604567066
