# Created by Octave 4.0.0, Sat Feb 26 13:15:41 2022 EET <li9i@spell>
# name: mean_trajectory_errors_amcl_i
# type: matrix
# rows: 1337
# columns: 1
 0.04535607026576442
 0.005942640557678175
 0.009198986254931362
 0.008289890767560017
 0.01113114045275124
 0.01104330330524497
 0.01078672277475571
 0.0108043928768548
 0.009550958682366465
 0.01103737230105497
 0.0121657385638941
 0.01092140750755726
 0.01246413970426019
 0.01256359905301671
 0.01191912381440916
 0.01188112109468969
 0.01130665959197076
 0.01207360057867512
 0.01238681626455175
 0.01147085463220887
 0.01267295044570365
 0.01156540286852634
 0.01157463751790004
 0.01211973848946758
 0.01201521663444927
 0.01186101875890063
 0.01141034514993118
 0.01207037070792087
 0.01337671508056324
 0.0121412134281255
 0.01185690647610824
 0.011897560189186
 0.01326944054671168
 0.01276981495256039
 0.01338909830910941
 0.01370672294295811
 0.0138815134959395
 0.01435624635500861
 0.01320705560310272
 0.01255195017917312
 0.01137066261456859
 0.01118363407843694
 0.01111028881384709
 0.01104146644233924
 0.01150460572990212
 0.01122099061079868
 0.01105751193072273
 0.01165399071409206
 0.01213862389801981
 0.01150102309364283
 0.01181673631486797
 0.01129013421600708
 0.01174007850713055
 0.0115995645242269
 0.0119006652560486
 0.01136141958384734
 0.01127573682948055
 0.01171232160213212
 0.01186382580379532
 0.01196328518003335
 0.01232210732396405
 0.01197287137976674
 0.01196061409102842
 0.01250198493494122
 0.01226676694731319
 0.01227871468539543
 0.01254483156203245
 0.01247456085400899
 0.01231657202895307
 0.01300109552762503
 0.01267942190430687
 0.01287343305791963
 0.01313918879243037
 0.01297633121411718
 0.01254368493377508
 0.01308140325612359
 0.0126543795218835
 0.01301360475443044
 0.01293093986994222
 0.01314718457450475
 0.0130945321096381
 0.01328366688507359
 0.01290511490851212
 0.0134682789044221
 0.01350424399352325
 0.01314952404321541
 0.01326339908683521
 0.01371749317496858
 0.01371969549253799
 0.01366434067582138
 0.01413108891432733
 0.01399794981612862
 0.01341862753851694
 0.01381655681571823
 0.01369220232796834
 0.01345072943054473
 0.01441571053467289
 0.0137372843884811
 0.01349349016045966
 0.01378874653717913
 0.01373199933602523
 0.0137144852132049
 0.01422002892085468
 0.01388436890545059
 0.01372363216129275
 0.01435316708440631
 0.01335831103948667
 0.0129261488348202
 0.01412876112114665
 0.01330790927990193
 0.0136280609029425
 0.01312577242372121
 0.0127411584696806
 0.01295685335020875
 0.01274344350310591
 0.01213729685769746
 0.0123288906371034
 0.01278471808601504
 0.01200225729902531
 0.01254370571460295
 0.01177486820007154
 0.01219250329570931
 0.01171748361108432
 0.010980132284745
 0.01189294499435554
 0.01198771342424298
 0.01075585857810042
 0.01187200717192362
 0.01164209796543234
 0.01087811730559934
 0.01166180546600134
 0.01173341883532285
 0.01055629445617134
 0.0112509683891439
 0.01164903387033074
 0.0109776883047988
 0.01109166970382683
 0.01178787580653804
 0.0101782250227976
 0.01132830479064302
 0.01160445849363941
 0.01100193090052193
 0.01131592498746149
 0.0112061457208963
 0.01082123332798911
 0.01199225957599411
 0.01238177305188964
 0.01167241449782738
 0.01155993535793085
 0.01179990711857721
 0.01153212300544275
 0.01137007361119716
 0.01157494423434286
 0.01195653121161094
 0.01100206739150551
 0.01105258397355629
 0.01219200838596313
 0.01091356976427349
 0.01021651900361594
 0.01154429797381621
 0.01131420023986376
 0.0113943398697769
 0.01153369904557228
 0.01112375677088412
 0.01095666542122741
 0.01127039084864701
 0.0120749064024777
 0.01098820195871975
 0.01155909325701046
 0.01178253522598818
 0.01156363226299769
 0.01154160355587511
 0.01128529413992938
 0.01053570530884057
 0.01086660886109916
 0.01178942179837809
 0.01175928830562801
 0.01183727435019355
 0.01163096375743248
 0.01177341943877556
 0.01136025439715426
 0.01216483497068591
 0.01128152327810818
 0.01116120888218288
 0.01118090813426355
 0.01122151921192233
 0.01072637762162328
 0.01092684983370308
 0.01208112073938619
 0.01118157726459466
 0.01112724403949223
 0.01148780428050314
 0.01176786150947077
 0.01105293826475846
 0.01193912063872511
 0.01116413263137377
 0.01139835289060354
 0.01222351678981078
 0.01170914980781554
 0.01106761763908191
 0.01242308151768439
 0.01115402268978614
 0.01143031587126204
 0.01196730212677177
 0.01175869520018466
 0.01151423655569973
 0.01179867455023249
 0.01187358564120995
 0.01206520387628832
 0.01200538755444679
 0.01202277978240741
 0.01234758655290823
 0.01168356149112411
 0.01257250652842825
 0.01230932659711342
 0.01190413428251516
 0.01324814090378162
 0.01174960529600026
 0.01214566804180237
 0.01284584444509855
 0.01192149911334481
 0.01267497023327286
 0.01229148955881421
 0.01197388419597036
 0.01298930836512251
 0.01236033468264807
 0.01225282450617968
 0.01296873088893587
 0.01288417253062797
 0.01258082390857059
 0.01337558007994362
 0.01283359474674087
 0.01322852935050566
 0.01407601367061753
 0.01302073430653048
 0.01322730091627483
 0.01361230629631968
 0.01333162896251412
 0.01313163930771829
 0.01396914451692256
 0.01338628330180351
 0.01301232574901981
 0.01406629239241772
 0.01412383235018268
 0.01330916179514414
 0.01318514298676183
 0.01441753726853993
 0.01346438288420005
 0.01383949208066132
 0.01403338436000001
 0.01358625508973902
 0.01382839987867987
 0.01399733087822628
 0.01398577163725595
 0.01407634701250056
 0.01395778217526514
 0.01396998821866325
 0.01410445911957338
 0.01438876216716616
 0.01458661974554578
 0.0138144967156402
 0.01392952829247026
 0.01386936936250023
 0.01424456712832937
 0.01404403697388384
 0.01411881434134495
 0.01488991717689528
 0.01405626996653554
 0.01425166609818642
 0.01436486521769924
 0.013717303445098
 0.01400329029476049
 0.01414273435716975
 0.01420811243179261
 0.01442494853277369
 0.01411622713350824
 0.0147202217026359
 0.01382433288750509
 0.01407301484751627
 0.01462533912424648
 0.01390266883675048
 0.01469154951755927
 0.01428264280138825
 0.01428889422179196
 0.01529878166219793
 0.01463699056029755
 0.01476535338821215
 0.01449192300652277
 0.01438887156567436
 0.01427557280800538
 0.01458011847755515
 0.01445914197647344
 0.01446502959063562
 0.01515445810067098
 0.01493409810117892
 0.01399944537076788
 0.01523245661424754
 0.0143545810560188
 0.01401785972285804
 0.01538844556785921
 0.01450121406452052
 0.01452096706530978
 0.01547363892290727
 0.01492094979180039
 0.01499909730526773
 0.01479928473501912
 0.0149063066250928
 0.01522824231001995
 0.0145785954120397
 0.01538444106254253
 0.01467176475949155
 0.01439632738674123
 0.0143347186221545
 0.0151348475500073
 0.01410726899483667
 0.01480325914429233
 0.01554312676088726
 0.01362647134411678
 0.01478540214025115
 0.01536223569476229
 0.0137436089450783
 0.01483424558240828
 0.01493598741535266
 0.01443074401669935
 0.01538034138485071
 0.01471997437734539
 0.01477730393609004
 0.01549667405103407
 0.01483200239872066
 0.0142382548932946
 0.01441548197201985
 0.01510866666813503
 0.01464989921323617
 0.01425651394262005
 0.01483589779416091
 0.01438504632539598
 0.01394367557407198
 0.01422435194029689
 0.0147905442833701
 0.01333865514117656
 0.01415798163426363
 0.01427147553200086
 0.01382521024702644
 0.01436070689083836
 0.0140280502259636
 0.01416077665543234
 0.01443086527022238
 0.01419970232805973
 0.01351793967941303
 0.01398266088677476
 0.01298565444806947
 0.01359444545733032
 0.01355991460267956
 0.01302022376819889
 0.01382986506416429
 0.01374275312451336
 0.01361990191856479
 0.01373065134462544
 0.01410082751496743
 0.01368000083762579
 0.01346343497938246
 0.01395603509049526
 0.01388354906787457
 0.01371814286711851
 0.01365381671178303
 0.01420873556054094
 0.01421362169591645
 0.01431105990658676
 0.01436876675515794
 0.01398485326062283
 0.01400744684538698
 0.01477082567704717
 0.01427461930236256
 0.01447804956790564
 0.01453340244092686
