# Created by Octave 4.0.0, Sat Feb 26 13:23:31 2022 EET <li9i@spell>
# name: mean_trajectory_errors_amcl_i
# type: matrix
# rows: 1333
# columns: 1
 0.03966566228289331
 0.05941335880331538
 0.07375274674509048
 0.08163035987098578
 0.07476223985551091
 0.09597667793452228
 0.08806008562189258
 0.08125367226496627
 0.06956750967847683
 0.06045916889054107
 0.04749244300196248
 0.05124915148309715
 0.05510055376491993
 0.05910776056208124
 0.05459492069364724
 0.06482271496371501
 0.0663472704338119
 0.06749809668956681
 0.06934564051440137
 0.06003410220535221
 0.07944935981402924
 0.08042023049627019
 0.08047630474673914
 0.07999338629167151
 0.06730649813521121
 0.07602727262418831
 0.07486765092732156
 0.07411105929230037
 0.07325977046850989
 0.0691507650807478
 0.0684814449589444
 0.06703546288338354
 0.06601227517466297
 0.06464891634861608
 0.06784965032190632
 0.05933043001749691
 0.05793404560785183
 0.05676220268875338
 0.05596502642494443
 0.06434457424976578
 0.05142899678388621
 0.05099033309384939
 0.05049056787043256
 0.04954404972639039
 0.06043973850446865
 0.04859653066506138
 0.04787230198612314
 0.04754429689190719
 0.04709783662582934
 0.05542398401029425
 0.04678624539866914
 0.04595082112337574
 0.0458638690937799
 0.04583695097377084
 0.05052877285272082
 0.04492043526010625
 0.04497991248647413
 0.04427211887122307
 0.04381383488412139
 0.04752605170444538
 0.04298903838569366
 0.0430437533696305
 0.04352746126997781
 0.04215153056180065
 0.04431360263495729
 0.04220540386738487
 0.04090719322250482
 0.04071660362700108
 0.04135069277148054
 0.04238239815048324
 0.04010088724073055
 0.04014306756093714
 0.03936211247440344
 0.03951231922960629
 0.04170199355677831
 0.03850133136113511
 0.03855648680427416
 0.03877402033098817
 0.03786731504382494
 0.03948670005492094
 0.03772142801123565
 0.0369402960525098
 0.03700139323774236
 0.03706549541235291
 0.0378815269833133
 0.03650976032862854
 0.0365054248215467
 0.03544370033215376
 0.03561100880943669
 0.03706459038578942
 0.03498389536571854
 0.03525318782079292
 0.03558635885469646
 0.03436548728738792
 0.03548213499384965
 0.03484436320474645
 0.03336538755747517
 0.03346066043619058
 0.03370016410461089
 0.0344400109520271
 0.03355778235149803
 0.03283180176572868
 0.03190557574424696
 0.03248859242302334
 0.03436790036468335
 0.03247528691870617
 0.03194986458586409
 0.03234253668603378
 0.03158299257065036
 0.03259550841164986
 0.03182913519425104
 0.03082789839690172
 0.03047554096336375
 0.03110104624440175
 0.03220266499060412
 0.03058599271803148
 0.03008531169644019
 0.03029330663617934
 0.02971286848194485
 0.03217961054979395
 0.03014833653073815
 0.02941159656182917
 0.02920539230516025
 0.02936210886856715
 0.03125862631527498
 0.02918422721755519
 0.02888505659649886
 0.02851864518968387
 0.02870343109177363
 0.03033972214423549
 0.02838379077436588
 0.02798400767211424
 0.02778745407877074
 0.02743485404811622
 0.02958705143341599
 0.02752445912409942
 0.02760363137294748
 0.02722310858971222
 0.02694375254372155
 0.02876274346762244
 0.02637413425681398
 0.0261211813987262
 0.02617790255212645
 0.02592776181581545
 0.02763920412371661
 0.0257286239679573
 0.02547232640627927
 0.02499945388241953
 0.02512063747014686
 0.02708043592448657
 0.02518400590863863
 0.0250117619120888
 0.024828726172734
 0.0245978655777847
 0.02646714877154951
 0.02447530873925342
 0.02428273175579487
 0.02389502845388177
 0.02383122003391473
 0.02586495701666274
 0.02421428414949954
 0.0233251816475975
 0.02392247553443212
 0.02319463270675833
 0.02551364346290778
 0.02352687035790484
 0.02299217775159893
 0.02314375147840187
 0.02263146312762324
 0.02487660950877252
 0.02329913309860898
 0.02254100255408652
 0.02253295529430655
 0.02240122044472879
 0.02372205645159735
 0.02213789689573617
 0.02157329323988885
 0.02170258063876384
 0.02134412636901583
 0.02337187560519578
 0.02150080161366319
 0.0210985409807124
 0.02086844364931089
 0.02097349269259727
 0.02257699408685562
 0.02090232589049959
 0.02082900202735264
 0.02000379757348624
 0.02028622478699384
 0.02214298193830979
 0.02011642820537865
 0.0201541262679006
 0.01963446432151405
 0.01971334946998864
 0.02163286070056276
 0.01952175320426029
 0.01929478617511482
 0.01898922503862562
 0.01895418767184133
 0.02097140950758642
 0.01905597143136438
 0.0189133041809703
 0.01873257518573485
 0.0183047646222821
 0.02050226477013093
 0.01883057762720155
 0.0186496179186009
 0.01839802865881034
 0.01804784788259878
 0.02014583163000061
 0.0182403225683847
 0.01805554795671308
 0.0177722710771823
 0.01773990892004193
 0.01931199144694703
 0.01788301487650711
 0.0175378267318471
 0.01737024004471011
 0.01695285399003627
 0.01959100013672239
 0.01736698324571257
 0.01659879635650934
 0.0170674062024835
 0.01660939627574625
 0.01842888803271262
 0.01729889232715702
 0.01659743074902973
 0.01697408226527153
 0.01653804331463808
 0.01786768613047377
 0.01714776177235226
 0.01658493493317676
 0.01619490837404456
 0.01634877764966104
 0.01796872319334306
 0.01631885390366987
 0.01611522106245024
 0.01608073493862126
 0.01604363245388564
 0.01766653228481796
 0.01577641565305453
 0.01572106878419894
 0.01522573413155295
 0.01561527481844499
 0.01710218994181676
 0.01543785456335248
 0.01551838036807954
 0.01537267751526886
 0.01526839137362422
 0.0171606425992651
 0.01546858625473045
 0.01507350716984087
 0.01520243775262171
 0.01489800191059808
 0.01630870813276494
 0.01536264246537449
 0.01460353371204056
 0.014720175685844
 0.01491054954826772
 0.01582669785065562
 0.01500128944141435
 0.0147558550830398
 0.01420129492038346
 0.014347895731109
 0.01646849122886005
 0.01445488865430419
 0.01432114265088608
 0.01473594570978558
 0.01394690717031698
 0.0159262563888313
 0.01478028200045194
 0.01426430452148952
 0.01422284144668177
 0.01435101131846689
 0.01543370561328233
 0.01451216018353784
 0.01469752079668888
 0.01401787844626559
 0.0142774616874306
 0.01588574299418759
 0.01427689031116776
 0.01424527046002312
 0.01403737761894137
 0.01380274926198944
 0.01573130592045432
 0.01405025176261678
 0.01380546605077939
 0.01399354794807174
 0.01393214765135303
 0.01507982140441933
 0.01431036373146568
 0.01419249966380453
 0.01345821370491043
 0.01423533291905567
 0.01553408973444742
 0.01395847450082599
 0.01378983840623465
 0.01359142359075773
 0.0134274070499717
 0.01597787736961096
 0.01380362238219957
 0.01364247448914418
 0.01436141320410833
 0.01329037039061436
 0.01537424509256753
 0.01420684861398817
 0.01378321677378454
 0.01385186880505047
 0.01409899956180383
 0.01511237721318002
 0.0138296639794613
 0.01368833398782326
 0.01343807815578009
 0.01405145376920978
 0.0150244358916876
 0.01409827246597799
 0.01401609807243436
 0.01437171207435979
 0.01393755871565769
 0.01566162253885347
 0.01464527487245518
 0.01450502576003156
 0.01402353133450111
 0.01458357415146732
 0.01554547354878203
 0.01466293962242844
 0.01437038424042412
 0.01430580044844933
 0.01447361052675355
 0.01555779448510864
 0.01492489644557391
 0.01478026429572317
 0.01423745680065776
 0.01428290973871992
 0.015642939338762
 0.0143871494843241
 0.01400336348744324
 0.01426940248136965
 0.01411902383554271
 0.01540693850240045
 0.01411591407292029
 0.01418103141862628
 0.01429128021869587
 0.01440807830607085
 0.01544687151664873
 0.01440375247577745
 0.01380410778330472
 0.01462379607412937
 0.01394387856904354
 0.01538903067001272
 0.0147532107828897
 0.01427853096339518
 0.01450408435965608
 0.01427209721696945
 0.01546721955140645
 0.01452984531974101
 0.01405106386782197
 0.0142930322493064
 0.01399173903267862
 0.01539630656617179
 0.0146228566755799
 0.0142656668536088
 0.01476529605144857
 0.01463191156586696
 0.01560347270882149
 0.01489198130879616
 0.01451281583030342
 0.01429904674925327
 0.01490152709449472
 0.01532430895549879
 0.01537205148784875
 0.01491627134303302
 0.01465279962146048
 0.01527029226722551
 0.01557126329580025
