# Created by Octave 4.0.0, Sat Feb 26 13:22:32 2022 EET <li9i@spell>
# name: mean_trajectory_errors_amcl_i
# type: matrix
# rows: 1317
# columns: 1
 0.07735324896983858
 0.0779060309761324
 0.07798278142691686
 0.0776399109479409
 0.0949829063251067
 0.07883801970658227
 0.08018451627544437
 0.08044515359503324
 0.08223239898777628
 0.2274388456267645
 0.08446501728636394
 0.08387592741887033
 0.08437400363710822
 0.08460619559654957
 0.1975811739080435
 0.08341324020867974
 0.0833790186849455
 0.08317148811281097
 0.08294200432291519
 0.1405118545966042
 0.07702094132222843
 0.07451443438480351
 0.07339018247944268
 0.07183810987388096
 0.1186496080633247
 0.06182062858132596
 0.06011593768286761
 0.05970474370866775
 0.05992248181766276
 0.09714531386550521
 0.05371725664965406
 0.05390873008819872
 0.05224783559706115
 0.05041119663351177
 0.09026997684488994
 0.04715225921463245
 0.04683218047015353
 0.0477181307631634
 0.04727548330419944
 0.09218254341018546
 0.04707988524839734
 0.04577717748753119
 0.04562124470085428
 0.04589894262918282
 0.08225090043217055
 0.04417210652824727
 0.04452937049809053
 0.04392745088241425
 0.04292204010510184
 0.0811265233454979
 0.04281295106595689
 0.0418422538939876
 0.04202805255167599
 0.04189142201990764
 0.07402182959836127
 0.04127159627385144
 0.04095489389216567
 0.03999703120483738
 0.04078513401666967
 0.07042464601011406
 0.03864523192571989
 0.03831739360750518
 0.03748969158523485
 0.03691095709064383
 0.06681233516817479
 0.03549893644898775
 0.03611062357406305
 0.0354234860100795
 0.03588374852933802
 0.0612442073131459
 0.03433309460596644
 0.03478364632194009
 0.03375006747987038
 0.03394440513405171
 0.05889457166505815
 0.03336690316961741
 0.03422446871693505
 0.03401381042823334
 0.03347341107555593
 0.05822501266909007
 0.03224764637530286
 0.03182918954851598
 0.03218121776021465
 0.03195868331341223
 0.05510208987317953
 0.03265663879224068
 0.03241236873824756
 0.03292044659388608
 0.03275127686871084
 0.05476566143028092
 0.03168946209699059
 0.03195304881183299
 0.03199298400916693
 0.03178329845504934
 0.05214781992190209
 0.03110105510574616
 0.0307382734217455
 0.03047946754949907
 0.03040606313828545
 0.05127426465082061
 0.03000829950408269
 0.02940315511238001
 0.02979134364811004
 0.03016045940780829
 0.05238743612891252
 0.02858410601268742
 0.02829081985751703
 0.02870959045681605
 0.02879707221897874
 0.05080543741937192
 0.02758891058177626
 0.02742443740994113
 0.02683588088289103
 0.02763829544684188
 0.04877696191566543
 0.02633789063249906
 0.02649823494953754
 0.02573009439312124
 0.02633125905079714
 0.05011288927201989
 0.02523286225076008
 0.02549082038057832
 0.02542440814867078
 0.02478570536308147
 0.0462392185242488
 0.02537576618966738
 0.02524253253573054
 0.02510139277743958
 0.02458550000703463
 0.04501186058365519
 0.02375223992036913
 0.02417328688503365
 0.02385788349336054
 0.0241184333306404
 0.04429928207422339
 0.0239920004308701
 0.02309511642715642
 0.02346737274861229
 0.02275525907571373
 0.04460525100529658
 0.02175999900960526
 0.02200621846696377
 0.02158086963685073
 0.02132124711751497
 0.04530296873228187
 0.02182707637912923
 0.02270033350909112
 0.0225083571662781
 0.02262418916898785
 0.04380359323775712
 0.02163689080529377
 0.02206373136558224
 0.02201424709622191
 0.02148409965762813
 0.04437170734857797
 0.02167211743831209
 0.02254075306523598
 0.02133055723803866
 0.02113729267084824
 0.04174665687601286
 0.02023198882270088
 0.02053773035845644
 0.02046475952076454
 0.01977519282159857
 0.03778450921419874
 0.01934750833003325
 0.01867741718450544
 0.01900435587335455
 0.01890528535748928
 0.04074251154650156
 0.0188171542331966
 0.0192969283168369
 0.01911645706229937
 0.01809435650123728
 0.03965124907239846
 0.01918699325767046
 0.01868439790318343
 0.01949360324022189
 0.01966487598016974
 0.03475178125760314
 0.01852887365236263
 0.01866396749497769
 0.01875081016725818
 0.01947116043631469
 0.03827981815502662
 0.01841882487413878
 0.01898540689169398
 0.0181074127969836
 0.01820449886397572
 0.03942893937401024
 0.01931263286521953
 0.01872615553088711
 0.01897242826668403
 0.01907087831368545
 0.03679836330868017
 0.01885800119460877
 0.01857736622816696
 0.01858463110537946
 0.01901315598906735
 0.03888973622299799
 0.01730913208206837
 0.0175252223260635
 0.01742077730082149
 0.0173098900572714
 0.03676675604031358
 0.0174296355370176
 0.01757714628634878
 0.01752228085076508
 0.0175019719064263
 0.03559322539421431
 0.01785219604609942
 0.01737687158700399
 0.01781269366671089
 0.01737419807303945
 0.03558123389690538
 0.01754249129298576
 0.01738607691789093
 0.01664136734789111
 0.0177015253367571
 0.03420859303489092
 0.01782946581027762
 0.01745241068914332
 0.01775569728049607
 0.01742988321436972
 0.03445884799580751
 0.01791202152917845
 0.01733683686476067
 0.017113391233004
 0.01788662350657524
 0.03506166047058493
 0.01770200920426564
 0.01768914514045027
 0.01706819424498019
 0.01797532522533827
 0.03301040207040602
 0.01653323627732017
 0.01653289317524251
 0.01620801384164645
 0.01695167107465269
 0.03221633135563163
 0.01658736258843172
 0.01659681840132009
 0.01603460103156561
 0.01629158899185661
 0.03538789736101148
 0.0165229617000548
 0.01657684344014904
 0.01639419470164382
 0.01632742124217965
 0.03308865177686843
 0.01510014980625541
 0.015515288897198
 0.01524233142695393
 0.0158439646324357
 0.03356612826625502
 0.01535267007179284
 0.0153174511531253
 0.0155386112393989
 0.01552223873349315
 0.03277159848428832
 0.01580010434772697
 0.01623568547229378
 0.01578902224993374
 0.01511731862136768
 0.03330019865706958
 0.01617941744346528
 0.0156723229411509
 0.0159731240222882
 0.01633318702159709
 0.03544885701962072
 0.01576611088548774
 0.01593207311205103
 0.0154407098367052
 0.01628175719178109
 0.03417894735875355
 0.01570955400805825
 0.01566945392667636
 0.01641380700070769
 0.01559644353336181
 0.03355798973322156
 0.01493906239869258
 0.01524362811483768
 0.01536420451728374
 0.01504350975878362
 0.03173345286210612
 0.01533150084204884
 0.01496130083920386
 0.01611544591781107
 0.01614969766537777
 0.03377146886615132
 0.01517206217078729
 0.01557058788078185
 0.01550756296884646
 0.01528285201940974
 0.03194388574819362
 0.0159810259487317
 0.01564736750664954
 0.01624222491051878
 0.01630485514199087
 0.03272306334911521
 0.0153238962084461
 0.01560186963018793
 0.01562079021229088
 0.01556545099498718
 0.03175223023125241
 0.01522935069959922
 0.0154830031891581
 0.01526718054436064
 0.01493499743086979
 0.03200971975422937
 0.01500494362973804
 0.01517470297691884
 0.0152838723092981
 0.0148866448406161
 0.03313558529450562
 0.01450004819489211
 0.0144374303729261
 0.01535214542561844
 0.0146533393106267
 0.03278140634539745
 0.015680335332516
 0.01458953511317597
 0.01524433023655885
 0.01482123145384213
 0.0323094184982255
 0.01524644184949626
 0.01487977591790634
 0.01496585206070695
 0.01520755265935921
 0.03136411515588578
 0.01511607085024416
 0.01495559220507819
 0.01449526939032348
 0.01436291626188847
 0.03126760721902699
 0.01443070830486038
 0.0145444442463195
 0.01461244697472818
 0.01459072025327033
 0.03017309966539001
 0.01506068881706188
 0.01445663669058608
 0.01458712033814688
 0.01491317931923074
 0.03044490469506662
 0.01473533061960535
 0.01429962171145912
 0.0148719919058996
 0.01429147300047209
 0.03260129565992276
 0.01509590377589243
 0.01470000276225974
 0.01474029618545493
 0.01454446186105811
 0.02963092201835781
 0.01473540319239822
 0.01459972239278009
 0.01422133535550655
 0.014717615056915
 0.03025409006121679
 0.01472981999267037
 0.01522651293759729
 0.01517551845712677
 0.01522171694084935
 0.03150339733131198
 0.01530633452664611
 0.01491006357597719
 0.01442123497912149
 0.01467113861273165
 0.03161585582585989
 0.01500056353781956
 0.01471178595982229
 0.01462540054955733
 0.01477719692044323
 0.02956784860079828
 0.01472466063119253
