# Created by Octave 4.0.0, Sat Feb 26 13:19:36 2022 EET <li9i@spell>
# name: mean_trajectory_errors_dft_i
# type: matrix
# rows: 1334
# columns: 1
 0.00418276136198764
 0.009537069982522973
 0.01053021904961726
 0.01156145926364268
 0.01308811102032761
 0.01254158835090446
 0.01062449382405417
 0.01158706739577704
 0.01117972401744635
 0.01102728890164979
 0.01106329602172921
 0.01119628130226485
 0.01212404493408744
 0.01137773985690937
 0.01254388861585758
 0.01259271461242938
 0.01267023057483164
 0.01266906787794812
 0.01253044877105892
 0.01310998373068281
 0.01181144224479077
 0.01214693887418829
 0.01355070149404108
 0.01188566630395198
 0.01210626745402255
 0.0123660758625811
 0.01247846766944295
 0.01092540154513902
 0.0110526687731697
 0.01193577281282969
 0.01100306763099174
 0.01070496289232675
 0.01114654706459847
 0.01054760583829985
 0.01134974839028971
 0.01101832101008659
 0.0113326583503291
 0.01117370019022065
 0.01114625909313256
 0.0110093988061316
 0.01151182467798174
 0.01019394547238241
 0.01126237204455355
 0.01020071989186066
 0.01122012111002563
 0.01139629549804264
 0.01093942815213464
 0.01088940513868533
 0.01144824081221727
 0.01087229101905463
 0.01202482444577388
 0.01162179119528885
 0.01139351367473588
 0.01223861793865545
 0.01203194594992835
 0.01142806763066692
 0.01155500024545232
 0.01155856838785782
 0.01185726133903535
 0.01225515789829465
 0.01230738124450243
 0.01193256768468954
 0.01236109170579752
 0.01244618623174561
 0.01230355796573863
 0.01313779920717684
 0.01232325825135605
 0.01286955097568264
 0.01315794024673178
 0.01280717151863647
 0.01317592504039738
 0.01283485222194285
 0.01306991450536922
 0.0133686879636567
 0.01360583291759174
 0.01319156841154511
 0.01306857599506341
 0.01373777979629956
 0.01358987558167785
 0.01382718377752721
 0.01338994795196962
 0.01341388427347482
 0.01375578864516147
 0.01399819371915041
 0.01385455272168345
 0.01359692068550571
 0.0142926908829366
 0.01389495437173799
 0.01413886801367466
 0.01433596599497649
 0.01427757473790577
 0.01383960517989884
 0.01390002862517998
 0.01401751664430738
 0.01386914366569783
 0.01402486703408705
 0.01345469065454519
 0.01444925507718837
 0.0135034122808422
 0.01375045029826582
 0.01398140956606656
 0.01302483316539529
 0.01327578438912343
 0.01338098379525167
 0.01319243824219254
 0.01353543517222903
 0.01358579685731968
 0.01318844642738647
 0.01355762361208251
 0.01319013732969165
 0.01361677900367166
 0.01368690182654664
 0.0130705365487287
 0.01275340790119734
 0.01286034955389084
 0.01247990083724016
 0.01345948295834824
 0.01311412711034028
 0.01317456601268754
 0.01319900377680792
 0.01047687614176328
 0.01281268846648073
 0.0121943240363388
 0.01112192705385495
 0.0124222868643375
 0.01190254334279713
 0.01285150501372832
 0.01238941894908184
 0.01241443470080411
 0.01227458012709349
 0.01270608357658194
 0.01272508730488828
 0.01278019598244429
 0.01243462959304229
 0.01218733422269992
 0.01292065769625813
 0.01255578856012534
 0.01210687220539445
 0.01313259933346888
 0.01248704611591233
 0.01292763516768076
 0.01280450389895973
 0.01234628720196201
 0.01358279458592724
 0.0128165601799458
 0.01176895274163688
 0.01393950387049712
 0.01294452998733332
 0.01175358065738844
 0.01382388139109945
 0.01266609715040454
 0.01129587475111303
 0.01283271060517692
 0.01324791178595069
 0.01209050547675282
 0.0132055058040646
 0.01280257017166744
 0.01250058019004992
 0.01281677186649818
 0.01322441603295721
 0.01270095537519666
 0.01323124872663304
 0.01313060129059167
 0.01314114372313051
 0.01264706087928885
 0.01194702814674619
 0.01353507812014961
 0.01268023907472243
 0.01217055995763874
 0.01256759621238588
 0.01196952185875483
 0.01205922234389342
 0.01193534097227973
 0.01230882381765646
 0.01179311496708049
 0.01221358625587537
 0.01234792375347112
 0.01152161110528406
 0.01235458479435837
 0.0121348448304454
 0.01250555070365503
 0.01271550337372411
 0.01258784282188743
 0.01255288924112825
 0.01235247891889812
 0.01307055733240574
 0.01210417428961398
 0.0126843229148255
 0.01280249729107413
 0.01232642585040408
 0.01172970216080653
 0.01213931471426129
 0.01200934153688644
 0.01225241991008707
 0.0119386965793192
 0.01161272943385668
 0.01150751142530207
 0.01218624702248211
 0.01160374622121962
 0.01184663489781547
 0.01162267818354615
 0.01136054029866152
 0.0116142187004111
 0.01153157325609029
 0.01158838024349453
 0.01335231950224606
 0.01295657960930248
 0.01249164501721239
 0.01277565652771234
 0.01279622993832367
 0.0123522856817988
 0.01357812457798952
 0.0136843074231787
 0.01319491444037731
 0.01343369558275862
 0.01332555567729703
 0.01298731448449435
 0.01312373660462504
 0.01420536642257075
 0.01244237770609515
 0.0129982962290948
 0.01317360283045207
 0.01304554839152603
 0.01369372586528448
 0.01365999986561336
 0.01273374551453882
 0.01319257179129585
 0.0134130998553348
 0.01279970988851509
 0.0135274700659709
 0.0130532824568459
 0.01295323573518843
 0.01295651196975888
 0.0135866944357909
 0.0127523979849776
 0.01330367991272647
 0.01357845605857039
 0.01300281774598032
 0.01371785904105902
 0.01429214119257066
 0.01305941449166009
 0.01444345884021802
 0.01401525543180526
 0.0143477617765104
 0.014606916709586
 0.0143949598689875
 0.01357587539560547
 0.01488331263847535
 0.01496383701743772
 0.01401767824948697
 0.01381373166361088
 0.0140329255875142
 0.01350225272564807
 0.01444047805681227
 0.01469636807967744
 0.01307395505022324
 0.01408463356827745
 0.01392780292563506
 0.01392743771501567
 0.01370584202558383
 0.01315859579113915
 0.01392950770451371
 0.01434044161398593
 0.01395267443086998
 0.01361283844958045
 0.01392046113937592
 0.01408567721500269
 0.01396557418214347
 0.01450838481524011
 0.01362403959194317
 0.01337912923504233
 0.01492934271834094
 0.01403458677291568
 0.0138684827248322
 0.01499692545703524
 0.014879209628262
 0.01515473564740574
 0.01523218701341389
 0.01439449730395967
 0.01455306254840905
 0.014198775896006
 0.0149265296324886
 0.01518839725859105
 0.01528907051226947
 0.0148666364612849
 0.01488705738254982
 0.01593643264610944
 0.01488758347607174
 0.01512644890876186
 0.01546002539374697
 0.01482536000194881
 0.01525469056645552
 0.01558165653984984
 0.01529787147304574
 0.01527887630953959
 0.01504352772605346
 0.0150045098122261
 0.01564600161090869
 0.01515282594004267
 0.0147832816551173
 0.01520395112864826
 0.0155177874910731
 0.01449335931064585
 0.01541671569611718
 0.01577024084725613
 0.01505332685901373
 0.01556413567861845
 0.01644802315679681
 0.01473526041511977
 0.01536931795885372
 0.01632784366287212
 0.01528977994646079
 0.01628970662782324
 0.01620019404814017
 0.01559571673658209
 0.0156152504800621
 0.01585673586854873
 0.01551442359344883
 0.01569765829263718
 0.01505244260355831
 0.01538936922152672
 0.0156187391090731
 0.0151184517401406
 0.01591176018998808
 0.01558860519354055
 0.01482673921257772
 0.01547457281884248
 0.01511903665449341
 0.01501227770375346
 0.01478845848904435
 0.01404666924898775
 0.01456376608536324
 0.01519699006368369
 0.01457601092070031
 0.01458267461225133
 0.01460533425310046
 0.01457771907621371
 0.01441094355428195
 0.01453392037411722
 0.01399749401701006
 0.01455144768884148
 0.01474412500284721
 0.01487410890498266
 0.01447500168194204
 0.01465983876611297
 0.01431087775043381
 0.01440135173877108
 0.01471273646102778
 0.01411965661095828
 0.01417731192104439
 0.01407064036422752
 0.01446009021105109
 0.01393111944217262
 0.01372260159023046
 0.01440723910750851
 0.01331482978332122
 0.01361079612019283
 0.01413810383123662
 0.01397690327430707
 0.01385836141882536
 0.01370811801045498
 0.01394767447840383
 0.01384791293137446
 0.01432971375147587
 0.01417191969416075
 0.01389739578693641
 0.01395880851804142
 0.01433082742541505
 0.01454896146513825
 0.01426911275207609
 0.01453959333311191
 0.01463586013254749
 0.01498250161787398
 0.01484492864050663
 0.01483325290367705
