# Created by Octave 4.0.0, Sat Feb 26 13:24:30 2022 EET <li9i@spell>
# name: mean_trajectory_errors_dft_i
# type: matrix
# rows: 1339
# columns: 1
 0.004272680413112477
 0.0114049844231835
 0.009678126064042013
 0.01260123358187708
 0.01209383986600018
 0.008623190031777481
 0.008213125404620891
 0.007673609706102512
 0.007362442850900507
 0.007285483458059228
 0.01044254025050621
 0.01021127420595358
 0.01168012128563229
 0.0103677160460903
 0.01077761748707851
 0.00876943086104684
 0.00920299514048478
 0.009674966456888982
 0.01028803629100761
 0.00968817607742321
 0.01006665919211751
 0.01076800379478261
 0.01005360854218205
 0.01047389833294618
 0.009960981576107936
 0.009869658914844518
 0.01085356803185334
 0.01023588434129288
 0.0108556649845757
 0.01096278058959457
 0.01156138939624056
 0.01148887355884656
 0.01198113089808488
 0.01194294327471674
 0.01219670342612756
 0.01271201189894156
 0.01229495110679959
 0.01338562710506841
 0.012491482303618
 0.0115516869294261
 0.01238129576099238
 0.01129770688996341
 0.01119501626663783
 0.01151738973256174
 0.01167388326267391
 0.01244246414327821
 0.01275311749736664
 0.01280218460465406
 0.01208912156070988
 0.01328704670390338
 0.01198686537471109
 0.01175876158316718
 0.0128977061993607
 0.01266608855705453
 0.01191975331804604
 0.01248485855786216
 0.01194278824316266
 0.01298059613005956
 0.01293406058155233
 0.01296154183532259
 0.01281652157239569
 0.01264835862989974
 0.0134261421718966
 0.01297600021434758
 0.01342502222008437
 0.01349185131259033
 0.0131615530692167
 0.01311077806773428
 0.01359773981960109
 0.01368118222302135
 0.01309811412927298
 0.01320672123428032
 0.01302723926455283
 0.01269171565613888
 0.01308436542528903
 0.01370301873172227
 0.01286043755782931
 0.01353124956031694
 0.01381550705591628
 0.01321527261440233
 0.01367642688036401
 0.01321587237942958
 0.01361396258867818
 0.01376705293158664
 0.01330956313838819
 0.01409008684671288
 0.01424820934194322
 0.0134020381220458
 0.01414991046905502
 0.01427398312619672
 0.01361926135964088
 0.01367573308844618
 0.01419126242073976
 0.01344149101251237
 0.01415071663226235
 0.01421290834585752
 0.01305622956382205
 0.01321459328033212
 0.01377951591679893
 0.01301674316769873
 0.01358363846293523
 0.01353351269237468
 0.01343102441155876
 0.01371093644098037
 0.01381415563524775
 0.01329722823321679
 0.01339165122006101
 0.01317657112914468
 0.01273752983937292
 0.01278729526458858
 0.01344583765813544
 0.01268353020752391
 0.01302921636591106
 0.01233548434657109
 0.01162995672581319
 0.01310619149957114
 0.01156994407123935
 0.01210844282415247
 0.01186145492209563
 0.01168267256299704
 0.01061266844421344
 0.01113379008245439
 0.01127831348725591
 0.01171219631833533
 0.0107061678705878
 0.0105369388428282
 0.01082832952140702
 0.01158027351346485
 0.01050486152907898
 0.01040707815165742
 0.0105877381447923
 0.01138591097990804
 0.01097772084238319
 0.0108853753420641
 0.01129336710643748
 0.01079774378764128
 0.01119297199765358
 0.01159430651553088
 0.01083089522258485
 0.01080510002375584
 0.01079855399685398
 0.0105666120133009
 0.01126666936997158
 0.0104922787804488
 0.009974856104775555
 0.01208063760732109
 0.01103365757695575
 0.01010723364814106
 0.01111940637323089
 0.01075273230771306
 0.01016101157707413
 0.01131037435326076
 0.01156674624128299
 0.01142433477377613
 0.01191298955626174
 0.01092511532186523
 0.0109407419528782
 0.01146367263615068
 0.01209969951808109
 0.01113468950589367
 0.01209650309028965
 0.01157112961599611
 0.01060105736117597
 0.01155982649530791
 0.01170176471768364
 0.01029507672412194
 0.01056840985242718
 0.01100382768518775
 0.01086237750455387
 0.01121421380728601
 0.01052727822713672
 0.01176439367154106
 0.01112290266529862
 0.01189778199266148
 0.01128995553127598
 0.009933773272101818
 0.01049169409254353
 0.01108751668368596
 0.01062497800880906
 0.01053234150047721
 0.01087129823324549
 0.01078259648055094
 0.01122661452926304
 0.01108629630036165
 0.01160448089086965
 0.009746944412720761
 0.01158949692529591
 0.01119144286751607
 0.01061368729248511
 0.01084403782450286
 0.01019433897635496
 0.0101648772222997
 0.01121440172877387
 0.01028734197233379
 0.01048119597712482
 0.01092867429234326
 0.010824561260091
 0.01147940184548479
 0.01108171295499968
 0.01038232555046362
 0.01099973461314339
 0.01109246340469928
 0.01031637406442314
 0.01039497281510501
 0.01065796504188013
 0.01114203078897506
 0.01174068524801185
 0.01080710580756048
 0.01134389326498532
 0.01090327184725231
 0.01094454669636187
 0.01146957070193323
 0.01037240579484913
 0.01086015965378209
 0.01169832562431887
 0.01172086705219378
 0.01158652396154716
 0.01205254873020697
 0.01143072541065659
 0.01190377594004928
 0.0119842508751375
 0.01163319807195753
 0.01182163737364136
 0.01183048175610335
 0.01225563194286083
 0.0114233322962051
 0.01257307672811924
 0.01239835376327411
 0.01118565492424188
 0.01149398133259372
 0.01259147328112555
 0.0120496504545509
 0.01193659667028706
 0.01293054813430998
 0.01177254377602913
 0.01226515155881185
 0.01236845078580886
 0.01159557008047756
 0.01201954706136541
 0.01270689038455182
 0.01171025408525575
 0.01170665822713631
 0.01287676407737443
 0.01205240096481579
 0.01240543618965144
 0.01253054099515188
 0.01251376087726911
 0.01318454694495517
 0.0127704647948034
 0.01244788477612575
 0.01293000131187102
 0.01315110535828679
 0.01362536327387477
 0.0136424949229679
 0.01295820237803297
 0.01266246389435836
 0.01313515930674986
 0.01220062087717374
 0.01314760516905662
 0.01292937197146474
 0.01279064097258985
 0.01340319284094814
 0.01327305250930439
 0.01268686531555044
 0.01297314761066744
 0.01328680827969468
 0.01254769814665281
 0.01258617012344057
 0.01337138099591152
 0.01316379062931143
 0.01298748443451808
 0.01350895317994166
 0.01346022317961002
 0.01306412812957127
 0.01419629646566234
 0.01314821701708714
 0.01346131053591882
 0.0139631740118265
 0.01254463144358931
 0.01340035843893276
 0.01414472591044414
 0.01360744629959693
 0.01364162450999997
 0.01359447653715495
 0.01378562200497473
 0.01335252297425859
 0.01391148960267503
 0.01419555449636876
 0.01391768271213855
 0.01401184269415627
 0.01317331448748431
 0.01343977122264375
 0.01361312114223106
 0.01354298354946412
 0.01322406572516696
 0.0136248025726561
 0.01357816530453829
 0.0132137351936051
 0.01394576242537579
 0.01429484167916995
 0.01382912790364254
 0.01402365789664072
 0.01445913428586442
 0.0144234576055772
 0.01499814933149054
 0.01461111750101128
 0.01462642076942437
 0.01470418343770008
 0.01439747789335163
 0.01392544163622894
 0.01363343264349482
 0.01416881682924193
 0.01460181982266278
 0.01362958301631875
 0.01406014005547844
 0.01454362021043178
 0.01392795818739251
 0.01433064922925304
 0.01464622008272852
 0.0147578284818272
 0.0146392951548187
 0.0145377149922619
 0.0146338614937643
 0.0146473850321469
 0.01446472980579475
 0.01424471664511448
 0.01450652307145302
 0.01407554670070658
 0.01480431904734798
 0.01442754893120122
 0.01477589559697069
 0.01348710666910715
 0.0141532251653782
 0.01385103348351405
 0.01364149063462288
 0.01446696866803608
 0.01328849681830507
 0.01446172325914091
 0.0135631899295491
 0.01364667550618738
 0.01422930820066504
 0.01387665349371784
 0.01451807488517504
 0.0149474078802923
 0.01450087990643259
 0.01376231725013438
 0.01523357626488716
 0.01513819850261575
 0.01391484460640671
 0.01457992060750626
 0.01406697705125085
 0.01380547285645684
 0.01426482172255793
 0.01351076186878048
 0.01442654199600069
 0.01363335578998278
 0.01386253709232499
 0.01400966466051707
 0.01328414943498007
 0.01355960454141986
 0.01377972979913656
 0.01346074077778333
 0.0134353840476473
 0.0132654721825851
 0.01344859329697936
 0.01398525052374186
 0.01404517461630884
 0.01382068514367918
 0.01437644795910927
 0.01478701550251803
 0.01451999795290822
 0.01459401342924157
 0.01493245138758467
 0.01429661930352482
 0.0152452063255318
