# Created by Octave 4.0.0, Sat Feb 26 13:27:27 2022 EET <li9i@spell>
# name: mean_trajectory_errors_dft_i
# type: matrix
# rows: 1353
# columns: 1
 0.004389129646840054
 0.00979365365611449
 0.01074960303447962
 0.01232695501889686
 0.01412445338032814
 0.008228541319363195
 0.007516912133555011
 0.00680188963901661
 0.007375167420178572
 0.00794231307104736
 0.009425792762910647
 0.01056992146468348
 0.009820438896511524
 0.01026064319146957
 0.009164585802280753
 0.009411584576876651
 0.0097915636514894
 0.009327485818274714
 0.009414296160190367
 0.009459289060577159
 0.01004420093697806
 0.009408570372655703
 0.009660481800197393
 0.01004329545554756
 0.01003673193042827
 0.009959453081681389
 0.009498349900385252
 0.01058703357331036
 0.01069548088392265
 0.01004582771803766
 0.01093670539759389
 0.01148888936485049
 0.01184251941968634
 0.01157824335606702
 0.01200340747040742
 0.0115866187601186
 0.01187348863858751
 0.01134696543386548
 0.01072706030152917
 0.009900493067067426
 0.01106248765527361
 0.01052914527359963
 0.01059415061517728
 0.01122864629200995
 0.01120089360959813
 0.01030967953897628
 0.01065096346664223
 0.01130948697079773
 0.01043933016446116
 0.01079955111526173
 0.01158904767383763
 0.01103267891586984
 0.01144045834792242
 0.01168678073272541
 0.01091256157355002
 0.01117222887613999
 0.01238952604817894
 0.01132369874590177
 0.0115259249120494
 0.01180820254688823
 0.01185493560639638
 0.01199465877205368
 0.01319619226102206
 0.01374941854558215
 0.015040209466425
 0.01400173208756482
 0.01344086742760847
 0.01337683117299975
 0.01337686951784826
 0.01305147105132372
 0.01331528827667949
 0.0133416697055126
 0.01339084265293203
 0.01399143439025116
 0.01312357847759516
 0.01317633816955402
 0.01309778211384451
 0.01297486077785846
 0.01327864120246702
 0.01319350315691371
 0.01285075265456786
 0.01352212197826104
 0.01341930524926715
 0.01391244986801521
 0.01372652959295621
 0.0133435279628066
 0.01367622675443017
 0.01386589341192732
 0.0137516278662874
 0.01384534853588045
 0.01393135650123543
 0.01389105205620871
 0.01424642123974273
 0.01409149227322723
 0.01406299853644345
 0.01355099096765482
 0.01395289200042772
 0.01424797159368634
 0.01353759821595929
 0.01398176630972866
 0.01358497503841293
 0.013813608227564
 0.01406678414468411
 0.01382760574010347
 0.01371444792764928
 0.01316167827815175
 0.01408477839203895
 0.01389834509325753
 0.01362377533416495
 0.01356894874216137
 0.01341825771965066
 0.01358376321884553
 0.01323867285896123
 0.01355786448516963
 0.01260955221718469
 0.01322381760076365
 0.01295711056593191
 0.01269386793077518
 0.01308494486147604
 0.01301280636917663
 0.01289001700165413
 0.0126676327118199
 0.01260717987913474
 0.01130613671315657
 0.01127982642559144
 0.01047355590213998
 0.0108458918821802
 0.01041014277137223
 0.01126679026494346
 0.01052956619202294
 0.00984960217121258
 0.0101609959119434
 0.01076159501569501
 0.01158024057362165
 0.009765260205133512
 0.01081780566343081
 0.01071850404735193
 0.0100431302198347
 0.01087343280338046
 0.01100001612069285
 0.009827878844272119
 0.01110639972248168
 0.01121441981198422
 0.01036057097144115
 0.01050102554812854
 0.01062886808129179
 0.01028746325442739
 0.009612078141710358
 0.01100154367502402
 0.009974168485291354
 0.009916297600227166
 0.01054743536438843
 0.009911425970674377
 0.01004689607491161
 0.00989350160837961
 0.01092604500658647
 0.01031862084858865
 0.01149524015185607
 0.01190915910686748
 0.01049052516532833
 0.01040177265840097
 0.009976436844720016
 0.01096721060618354
 0.01076453019416378
 0.009103236736209408
 0.01105130319590483
 0.01143150689499168
 0.01049527397490767
 0.01055878608929199
 0.01059339949965795
 0.009867711633702207
 0.01081879337400491
 0.01076598772026314
 0.01031165177948602
 0.01108701372249875
 0.01140991552178665
 0.011018279314024
 0.01093699496483504
 0.01141610790832861
 0.01046902686277718
 0.01086332602264655
 0.01149316809894088
 0.01067331084414118
 0.01102099055717325
 0.01163218761227286
 0.01192897795573144
 0.01224607371866202
 0.01338195753095017
 0.01198704192580194
 0.01338720355782833
 0.01262603834203193
 0.01213884037860248
 0.0122608403951351
 0.01322868980964044
 0.01251914430369313
 0.009992375333693109
 0.01226034849552407
 0.01205768010446872
 0.01082976970269035
 0.01147613844605675
 0.01209302580221834
 0.01109971587419386
 0.01208282948774848
 0.01106651840838598
 0.01202774156949889
 0.01175667658551493
 0.01161016544868597
 0.01134614379694109
 0.01160079104706606
 0.01079159042642128
 0.01073598958036936
 0.011447751048071
 0.0107220548441684
 0.01113317100331603
 0.01075845975990699
 0.01119499667870576
 0.01142320074991352
 0.01109282725701261
 0.01155157756109603
 0.01111046221494115
 0.01172554368835714
 0.01264444430647289
 0.01204298391360801
 0.01206640758462754
 0.01290888609772287
 0.01194101274262022
 0.01168705469256684
 0.01075464926090542
 0.01227486733334341
 0.01090809143677907
 0.0108215247823882
 0.01211796206021135
 0.01233296853039052
 0.01171398885254511
 0.01213796620961987
 0.01220713919867038
 0.01187645903672697
 0.01225715329139483
 0.01189117457290314
 0.01245878778653822
 0.01293810237062478
 0.01313279886142872
 0.01269652049130984
 0.01276323221502409
 0.01276069745577298
 0.0125596649068915
 0.012404511796135
 0.01331237586658609
 0.01238932471149019
 0.01283162987203837
 0.01306501578757348
 0.01276383113817693
 0.0123086610178665
 0.01344671000531309
 0.0125678982871449
 0.01232748489866988
 0.01382864429162763
 0.01272835065642333
 0.01297297687512407
 0.0131242072777688
 0.01275007506173973
 0.01275773917963998
 0.01371697721259185
 0.0125663360502553
 0.01259700382939089
 0.01355867256730206
 0.01272866371817044
 0.01273714574726664
 0.01330950273618689
 0.01222227083589047
 0.01289307858145292
 0.01356967993370862
 0.01273422974746542
 0.01242799611659913
 0.01252227502863019
 0.01215399714624547
 0.01288049275220863
 0.01220166365124011
 0.01261257455139243
 0.01300637921013549
 0.0138599477005365
 0.01305377326884856
 0.01341638032774737
 0.01346931194172118
 0.01366601476104376
 0.01388856051374391
 0.01366006156646354
 0.01383215933742089
 0.01384750714752443
 0.01467738441919809
 0.01407896558036036
 0.01373916293545801
 0.01409274007770905
 0.01402504629647274
 0.01326661228318802
 0.01449323920746735
 0.01478355812676376
 0.01286707414794629
 0.01382277238016615
 0.01373542686224544
 0.01397454526381021
 0.01376985494687544
 0.01408244426338695
 0.01403621704976787
 0.0137137723153931
 0.0146641296027148
 0.01415185214327287
 0.01457793954503623
 0.01529184681642775
 0.01453949378646867
 0.01455484127638889
 0.01566284163481636
 0.01537199657496794
 0.01480052420022837
 0.01520996285716486
 0.015341660426488
 0.0151069149935871
 0.01444388865381945
 0.01535781006195858
 0.01480808781717054
 0.01463385330494184
 0.01506434526224555
 0.01505721159228282
 0.0147476398274403
 0.01404242358602671
 0.0132934815345131
 0.01408207801706219
 0.01487721277005332
 0.01431050723131234
 0.01434383250059837
 0.01395414684074949
 0.01386138576772061
 0.0145708208958025
 0.01423409246473641
 0.01468781638961466
 0.01478513984497536
 0.01343381579307768
 0.0143888104094323
 0.01450444457241917
 0.01399500334558715
 0.01505534177747147
 0.01528216522534916
 0.01477183679870592
 0.01437816706484176
 0.01483808823197397
 0.01412636147858024
 0.01514692147649653
 0.01515221366695598
 0.01458721820334456
 0.01459890955077203
 0.01414086563902085
 0.01486333621755589
 0.01396373898639323
 0.01429129448272544
 0.01399640660570172
 0.01343081395587178
 0.01341334156262397
 0.0133684649580383
 0.01389956000259869
 0.01264151076242365
 0.01326375970618865
 0.01380878042566552
 0.01312720060953271
 0.01332618443124985
 0.01361175188164488
 0.01375177174376691
 0.01358059574473384
 0.01407358773874677
 0.01413094212063885
 0.01362733763760744
 0.0139722872020512
 0.0146243293516182
 0.01445317939631002
 0.01455681721032929
