# Created by Octave 4.0.0, Sat Feb 26 13:21:33 2022 EET <li9i@spell>
# name: mean_trajectory_errors_dft_i
# type: matrix
# rows: 1340
# columns: 1
 0.003782749739777922
 0.01098865598684349
 0.01035770701725391
 0.01292590715686042
 0.01227733419466413
 0.01287454224914504
 0.01147487682378497
 0.01106083753259513
 0.01213092448696607
 0.01103538340373719
 0.01116696244913238
 0.01006745745238874
 0.01153788152432623
 0.0120009313953703
 0.01225082893191929
 0.01134935077760248
 0.01195155798758205
 0.01300125033198777
 0.01284319770785137
 0.0124174425511928
 0.01154269312487066
 0.01260842644933239
 0.01204868837746043
 0.01167076719304842
 0.0125068663279866
 0.01160238605860319
 0.01116338086307126
 0.011694399365803
 0.01119548612853994
 0.01171011058177621
 0.0100772231660188
 0.01023960158335916
 0.01002058707515937
 0.01062452761646209
 0.01107288751977101
 0.01116958573213466
 0.01092978736093371
 0.01114245119437907
 0.01036930243117861
 0.01025129631966861
 0.01052556218268479
 0.01028291136601497
 0.01025142061141304
 0.01073184770465336
 0.01050043113754397
 0.01121284290177161
 0.01157012385669881
 0.01182666502445516
 0.01091435403411778
 0.01065421320302329
 0.01161089990110631
 0.011089854171288
 0.01156629257852655
 0.01173290632983557
 0.01176177735512224
 0.01091404527957703
 0.01131312975015573
 0.01090938615129606
 0.01108374831661482
 0.01137362386294669
 0.01144699164159258
 0.01171565025385102
 0.01210070071731458
 0.01190472688484623
 0.01188500281624593
 0.01280554912243791
 0.0116557964369058
 0.0119956592218014
 0.012016745103587
 0.01240403601872022
 0.01259944329349316
 0.01216379217009583
 0.01204293299348093
 0.01269593585644292
 0.01227059798119073
 0.01277489752032269
 0.01236197470278361
 0.01243971872576272
 0.01285675750986381
 0.01312206541596917
 0.01237354714535961
 0.01264984644267581
 0.01308253216592349
 0.01314125745444534
 0.01296915899873404
 0.01291755493272
 0.01267470173564869
 0.01347817114624383
 0.01323751944921482
 0.01306573728783915
 0.01319280890213229
 0.01315083548475663
 0.01264050945425697
 0.01327515050024938
 0.0133955561651137
 0.01338265365086891
 0.01327189855897297
 0.01356511492106155
 0.01333542718463092
 0.01312078745192382
 0.01304730613802007
 0.01358237487737611
 0.01304477738172333
 0.01293813983885255
 0.01296058046720211
 0.01265097265346174
 0.01252997977886735
 0.01231865599296495
 0.01274818640389565
 0.01262594292587331
 0.0121433818000125
 0.01229691181297688
 0.01297078681052056
 0.01279060409055045
 0.01247523607721532
 0.01314298224198448
 0.01277329356009967
 0.01237532127653335
 0.01297412403887893
 0.01315257664411709
 0.01212120002642551
 0.01196671196200239
 0.01193225653054653
 0.01166532986868919
 0.01148761554682227
 0.01149398058603343
 0.01162508460320904
 0.01220130843644518
 0.01111134324384093
 0.01128002628354889
 0.01118386397849939
 0.01183595710062773
 0.01245449482203554
 0.01211177441770889
 0.01165820099619078
 0.01193032453779922
 0.01188461679263084
 0.01176684189448502
 0.01123366047410925
 0.01187115583583535
 0.01190698010872793
 0.01289412120328533
 0.01162505927452168
 0.01257402275609721
 0.01271859348806578
 0.01276706306827883
 0.01279236436938295
 0.01207579989970506
 0.01287404512219737
 0.01266207130338603
 0.01174187852009656
 0.01356200289584502
 0.01234313938223858
 0.01306130048676212
 0.0127879974271773
 0.01209673605209646
 0.01265849004968352
 0.01260342829756636
 0.01259720507277689
 0.01290085583146859
 0.01202945142915941
 0.01309537424777195
 0.01240618958545637
 0.01189742332011426
 0.01259515665687081
 0.0119428565358416
 0.01225336208744561
 0.01272192385694412
 0.01188871697975291
 0.01299010413803969
 0.01266708956360031
 0.01253310877217513
 0.01231295455806338
 0.01228467748314988
 0.01227122796189635
 0.01248210199217149
 0.01251065428603656
 0.01240103634296404
 0.0124826380166692
 0.01246859960107482
 0.01239230886945566
 0.0127505086619815
 0.01201358172880467
 0.01350198965646967
 0.01269672041225128
 0.01204879766551321
 0.01335502888417841
 0.01263643296255333
 0.01278054294169339
 0.01230615534757963
 0.01217916762985712
 0.01283740102125617
 0.01208159704468873
 0.01252170117391661
 0.01283603295632741
 0.01200711040948903
 0.01250611438808538
 0.01162505719370444
 0.01192719071797638
 0.01244453127698144
 0.01224450985121134
 0.01284888473931705
 0.01279985580659851
 0.01209792012744252
 0.01241799353846113
 0.01214070885650207
 0.01223906256016523
 0.01212111081621666
 0.01268107234937109
 0.01245946248778778
 0.01281769474053791
 0.01294864266642736
 0.01302881334940464
 0.01388435793029675
 0.01311499107617128
 0.01205647768593788
 0.01325047560081815
 0.01288245900802444
 0.01321946531848066
 0.01365994089064077
 0.01100342850809946
 0.01262123850261912
 0.01327397306580759
 0.01224879709398025
 0.01232668973206797
 0.012258000833205
 0.01279669914920164
 0.0128521054888535
 0.01339599225693735
 0.01323525362218846
 0.01298080663144972
 0.01307720703075296
 0.01265553442004154
 0.01297263476828423
 0.01304298347744364
 0.01346999504887778
 0.0129484828766381
 0.01328098292685697
 0.01290518021661526
 0.01325134290388186
 0.01385411625185322
 0.0132192347158033
 0.0136903222194704
 0.01336122219053176
 0.01320621952438656
 0.0141164377229085
 0.01395844919004297
 0.01326848426321319
 0.01455375146812693
 0.01355426528223173
 0.01346364524713799
 0.01402022921003286
 0.01336892515551474
 0.01396212948657838
 0.01416531188571638
 0.01289465041596284
 0.01347957581298076
 0.01415706060163778
 0.0132789709217935
 0.01372548860042296
 0.01427552915269493
 0.01332705372048345
 0.01396329610818061
 0.01357879093584027
 0.01401491162956437
 0.01377122426754248
 0.01446628013934187
 0.01354286839055291
 0.01375794650128008
 0.01464862909304003
 0.01447024467160794
 0.01404626334055666
 0.01491409572713326
 0.01504992765996377
 0.01390531343530963
 0.01419044877226128
 0.0148545512419665
 0.01530376960984446
 0.01470135538792587
 0.01472682162177983
 0.01449299479818728
 0.01459835143405035
 0.01488598980218092
 0.01459333316342953
 0.01483657612046049
 0.01385725736551945
 0.01432056695281992
 0.01448071309915692
 0.01458719217347948
 0.01442430664408786
 0.01431489463332765
 0.01442047787558471
 0.01439188249389827
 0.01513296450137313
 0.01415152224025841
 0.01518558641597825
 0.01533847702024567
 0.01523402603976894
 0.01504952934077335
 0.01491187126900334
 0.01490611878165792
 0.01507815295391218
 0.01540715923503964
 0.0155539852260429
 0.01502028005017259
 0.01480305481894982
 0.01607481672326672
 0.0156794137315579
 0.01536628762547413
 0.01566228052532047
 0.01544448827208002
 0.01567254219262933
 0.01547985961802688
 0.01609016028181353
 0.01548419374643931
 0.01531798902120113
 0.01535546211696512
 0.01588482113633044
 0.0146647984552704
 0.01532788294156306
 0.01483929377692481
 0.01467046962452291
 0.01513474015156312
 0.01454659183926005
 0.01489316715158072
 0.01496660753245177
 0.01478084800034867
 0.01532531845580951
 0.01503085991380875
 0.01430729519323295
 0.01449866884895043
 0.01481757621519034
 0.01435547069482105
 0.01527406234060232
 0.01459493388345675
 0.01429698726924525
 0.01534763227552381
 0.01481995998043725
 0.01460836188899604
 0.01480148022106661
 0.01453420986798365
 0.01429298058687447
 0.0149778835387157
 0.01433240286280914
 0.01502692300735361
 0.01430860751425427
 0.0151824570053558
 0.01451391605836713
 0.01469564441859455
 0.01424605655174383
 0.0136236321720925
 0.01399422645609307
 0.01398446206556988
 0.01405428656253646
 0.01412845941096609
 0.01363766364150725
 0.01382553538662904
 0.0139947338113163
 0.01336886920198639
 0.0138413764137733
 0.01366582530757398
 0.01319696508567663
 0.01366774208466926
 0.01401163283294314
 0.01401518271863194
 0.01406428656422952
 0.01396710742495932
 0.01497602091025963
 0.01393592491409398
 0.01447488239175264
 0.01454127803696994
 0.01419222172118421
 0.01455873424789097
 0.01491198542063313
 0.01445340559519559
