# Created by Octave 4.0.0, Sat Feb 26 13:21:33 2022 EET <li9i@spell>
# name: mean_trajectory_errors_amcl_i
# type: matrix
# rows: 1340
# columns: 1
 0.08228113783434755
 0.08280046981584796
 0.08455082021158754
 0.08281235331388022
 0.04054963553962878
 0.06335690638161423
 0.06279759780706239
 0.06129679111512026
 0.0614762514205328
 0.05969157782562516
 0.07428854456721341
 0.07497354320114781
 0.07540531690627959
 0.07661045405773723
 0.05773580820759734
 0.07694364384621415
 0.07681986030461387
 0.07686680224515174
 0.07677671754624478
 0.06032161223755511
 0.07307339816004155
 0.07223208491226157
 0.07165729236604712
 0.07093795836233534
 0.06438857880199488
 0.06355974950664373
 0.06276679120951971
 0.06206266469280104
 0.06141141303389715
 0.06474489692405293
 0.05749467109311328
 0.05685894216018062
 0.05597361429705154
 0.05511824601370888
 0.06270171454890068
 0.05204460150934313
 0.05125853314200936
 0.05121760710660896
 0.05174478764297815
 0.05963492184317424
 0.0511732825071174
 0.05136323464148099
 0.05067620808624033
 0.05072140821633334
 0.05799145822945326
 0.04760826528209172
 0.04829681810975535
 0.04830366226537427
 0.04794380772896115
 0.05474470073185201
 0.04716130512626156
 0.0473890261019051
 0.04571315268005768
 0.04690311061359344
 0.05293575773674436
 0.04485021144046935
 0.04569366237903021
 0.0452669328554369
 0.04417863701056629
 0.04898542025597703
 0.04358050722548671
 0.04245924340605343
 0.04353092080749222
 0.04291169110968106
 0.04758073423649807
 0.04141563175561846
 0.04121332886543273
 0.04011974376084927
 0.04140015082626263
 0.044719440705278
 0.0386538135505953
 0.03938453558289479
 0.04008179584873765
 0.03900344563643804
 0.04347790278527658
 0.03917268250396715
 0.03865419104262331
 0.03876834534068153
 0.03853139858732933
 0.04257786561335666
 0.03804482067327542
 0.03750663595250962
 0.03691003986466523
 0.03792505427531714
 0.04356436817895522
 0.03674269282702181
 0.03751119345750666
 0.03703277857415493
 0.03669707342101441
 0.04382058790472255
 0.03654118989029638
 0.03571357055129755
 0.03612147053503598
 0.03615412057652827
 0.04265497192794841
 0.03618716246375851
 0.03583505053114977
 0.03558726173930354
 0.03546160648703809
 0.04123283467537978
 0.0358168095047229
 0.03518146822885159
 0.03516741308070457
 0.03521352209665064
 0.04252049199613627
 0.03495331258520443
 0.03525101253894661
 0.0356743559814816
 0.03467463148893913
 0.04037820409746825
 0.03462348997807536
 0.03418993750099539
 0.03474837904965478
 0.03347290681796912
 0.03954262003853173
 0.03309471455387984
 0.03304796121876494
 0.03309700795059269
 0.03252757871056282
 0.03921135311698626
 0.0323368938430931
 0.03138997850043613
 0.0315273020757217
 0.03139338312889151
 0.0413655799601887
 0.03210874291968787
 0.03192820392285987
 0.03251743658336254
 0.03188172812895403
 0.03869954177408429
 0.03241830820096257
 0.03208183206076764
 0.03175376135170926
 0.03191651933291235
 0.03893555458193436
 0.0309978499744549
 0.03071005153957171
 0.03032780558982891
 0.0302207182169205
 0.03782475616676187
 0.02944372913647002
 0.02950722778971888
 0.02965910301999004
 0.02857383014648973
 0.03682626269121284
 0.02873876360912211
 0.02890651811089495
 0.02903766477058043
 0.02869029558976524
 0.03595213471995305
 0.02705961424443537
 0.02684624543763687
 0.02657496327876931
 0.02676837489346631
 0.03573564752949192
 0.0271851308315989
 0.02690407568456504
 0.02767038878240279
 0.02746561529328214
 0.03525213581736315
 0.02721200409518093
 0.0276511321075239
 0.02813635315052553
 0.02687732061382656
 0.03486088785082671
 0.02670829412600972
 0.0267524583919496
 0.02679206650635451
 0.02624984414231334
 0.03485357465982383
 0.02604395173133571
 0.02643496337473585
 0.02638346533686805
 0.02598079219121283
 0.03441695820077417
 0.02627142679973494
 0.02571620048658872
 0.02590824362645301
 0.02585636011173195
 0.03371083256668845
 0.02558709902366317
 0.02573049514986661
 0.02553962672571659
 0.02525663339429193
 0.03231954095395576
 0.02469825424148854
 0.02505059361679333
 0.02519789144505909
 0.02481416609649772
 0.03110652437152737
 0.02479283895056901
 0.02453679276071282
 0.02472507318334579
 0.02448803209084711
 0.03182251631789588
 0.02438915997498519
 0.02436886978192818
 0.02427445932110343
 0.02402279309712459
 0.03115457655374715
 0.02407872242695643
 0.02387965918026697
 0.02376973674335633
 0.02389436171715906
 0.03107246899462414
 0.02325581100471488
 0.0235493709424443
 0.02347499169579164
 0.02333551781005453
 0.02967947934266616
 0.02373634921311665
 0.02335424409482718
 0.02378294187454053
 0.02370808214583806
 0.02955926039342846
 0.02381874195460636
 0.02314270045911014
 0.02319824826116755
 0.02319447977959338
 0.02909591048577609
 0.02319918801573086
 0.023148539013736
 0.02325168040926394
 0.02276413808453368
 0.02877933180409713
 0.02301648050915956
 0.02306045626731309
 0.02262600200968044
 0.02316619889246023
 0.02853445723864818
 0.02324935403853964
 0.02293961400124311
 0.02287704505200151
 0.02302075790598112
 0.02883868029082109
 0.02240229558504046
 0.02200577683568661
 0.02231461273444076
 0.02227227071279295
 0.02787338188114014
 0.0225927633717278
 0.02210979860762369
 0.02209831367358535
 0.02191626745015383
 0.02702468329398541
 0.02287204431899892
 0.02222692865073735
 0.02193892577827138
 0.0225879982318052
 0.02767940585350061
 0.02248835372937687
 0.02264455309689892
 0.02221253658294182
 0.02226697361950617
 0.02641899804339583
 0.02206641495799299
 0.02182954824182992
 0.02252558027112025
 0.02177110541699558
 0.02720311421473186
 0.02151073325569445
 0.02149454628364164
 0.02150526321694454
 0.02140333734985903
 0.02565444814228868
 0.02108112306464581
 0.02136110176981097
 0.02119381102015781
 0.02096858023855782
 0.02557376429994495
 0.02095760615143389
 0.02092247733000175
 0.02093229407106448
 0.02096848381658046
 0.02667825060517511
 0.02068497037927573
 0.02074831618148302
 0.02104433057907985
 0.02065589876554767
 0.02512881900702909
 0.02075620513078596
 0.02050725115929624
 0.0210809149185566
 0.0205358813400962
 0.02508589299848887
 0.02141253768411742
 0.02048128316708874
 0.02044583331904481
 0.02112134343408444
 0.02535316853419211
 0.02076772936724986
 0.02100543325183723
 0.02055401167745008
 0.02078590255194879
 0.02498185584101943
 0.0206526261422044
 0.02114774416362881
 0.02082348902101501
 0.02072998366405216
 0.02528772093775143
 0.02018229276378674
 0.02002003477054725
 0.02039245378709269
 0.02086993260331529
 0.0242763141358882
 0.02045857425939867
 0.02104165798189652
 0.02036014400646201
 0.02062296553400688
 0.02468445687039216
 0.02014054843941279
 0.0201297431242366
 0.02047424211713413
 0.02000075292481084
 0.02484844009283022
 0.02096337202272317
 0.01985604431658371
 0.02031928871637418
 0.02020829588823626
 0.02427316776816728
 0.02043155256854195
 0.01986634367598299
 0.02022343768724456
 0.02026957568080221
 0.02403024763948736
 0.02001533530598159
 0.01991585817224575
 0.02010665476861936
 0.01989623242145791
 0.02437647047398423
 0.02027597361123474
 0.01987607541360649
 0.01989932657566436
 0.02007987214566552
 0.02364580713526477
 0.01955644573086568
 0.01980625568671379
 0.01982575068116983
 0.01944664840154085
 0.02431156371077589
 0.01972243837871557
 0.01893756364636016
 0.0197126231220796
 0.01947772238703168
 0.02508948393652948
 0.01953243846785459
 0.01953074502868781
 0.01942799536916251
 0.01948723691662272
 0.02411055164961346
 0.01903579085464975
 0.01907239324465779
 0.01913855292146418
 0.0191840247839355
 0.02453369254418039
 0.01924234185075546
 0.01892332096266396
 0.01947045929114527
 0.01933007955438991
 0.02398005677842096
 0.01930577902616529
 0.01898667463535391
 0.01938943153354869
 0.01905584446185714
 0.02350580241658482
 0.01926168534831916
 0.01860905818867188
 0.0193563220662752
 0.01878779301480425
 0.02329838186344175
 0.01945610937490781
 0.01883890121305041
 0.0193294716987248
 0.01935578154354923
 0.02307703432534039
