# Created by Octave 4.0.0, Sat Feb 26 13:09:19 2022 EET <li9i@spell>
# name: mean_trajectory_errors_amcl_i
# type: matrix
# rows: 2043
# columns: 1
 0.04544911589219253
 0.04972179531159709
 0.01284945627456142
 0.03653630379482151
 0.04226922231634536
 0.0412247038272722
 0.01862565116913028
 0.007202221979138701
 0.03874071814040103
 0.02362011974399896
 0.02011198154651579
 0.02323926035449058
 0.008604093824790776
 0.0109109911573035
 0.00749626069666269
 0.007954360529653171
 0.01003223966508182
 0.008277588441910552
 0.01108864640244856
 0.00576841309402558
 0.009514846059525859
 0.01085354476861068
 0.007590396354716331
 0.007627947254738018
 0.01142508072997505
 0.007149106413033278
 0.01044321618311788
 0.007003451787708274
 0.008049657989953735
 0.01017583319072301
 0.004773465006537384
 0.007173270221578531
 0.006026318399244926
 0.006795231406592855
 0.006398250164317795
 0.007444714235883481
 0.006315103848233639
 0.005159603694101791
 0.004469557877388023
 0.007208495264708256
 0.007121301923484816
 0.007476981040203022
 0.006101876603328938
 0.004928481375966669
 0.005268249806006009
 0.005225704634503348
 0.007068742631763674
 0.005509312177907056
 0.005502790512777185
 0.006622366776207564
 0.005504082175182702
 0.005718797798671984
 0.007563386480492462
 0.006443874512933413
 0.006190266807879225
 0.007021487602795432
 0.007409307096240911
 0.007359329387072968
 0.007534524236962669
 0.007662417654245477
 0.007949931509363111
 0.007094007774960384
 0.008532016096530474
 0.008838829345255712
 0.007923371193946583
 0.009444862584811592
 0.009767058946481701
 0.007542847227408624
 0.009509522364338054
 0.008444348885154732
 0.009170787470875592
 0.00886150407145189
 0.007702548043355247
 0.007825764003591563
 0.009089606774237272
 0.006430092113993854
 0.007962359931269855
 0.008889812098128462
 0.00848878909873179
 0.007936310549396176
 0.009251429136228137
 0.008049401785045408
 0.0092681797937063
 0.008841227712192992
 0.009518174843621401
 0.009916471716581617
 0.007890075607003891
 0.007033042272720834
 0.008670601182277471
 0.008800002203930384
 0.009123163431868704
 0.007460759046093345
 0.008171542936083145
 0.009114419447746439
 0.009134732643136363
 0.008035035882436288
 0.009221427910690569
 0.008998652031883277
 0.009741956063058926
 0.009060788701118778
 0.00897413300442701
 0.00925596463058795
 0.008872288898937998
 0.008926215605545244
 0.008988191499029163
 0.009562623227984081
 0.009977912770352884
 0.009988340696361096
 0.00980932713961904
 0.009494021872366261
 0.009967404367301874
 0.009279379118313639
 0.009258013105594763
 0.0102941705149891
 0.01035970174479211
 0.0103711513186267
 0.009416182040578154
 0.01056808354423359
 0.01146725957770021
 0.01083945584252169
 0.009967100672014255
 0.01037572769062034
 0.01150027709116694
 0.01081270663211641
 0.0107789224889064
 0.009510503071641226
 0.01080790236647242
 0.01136218738566378
 0.01154893457310489
 0.01070438978327841
 0.01157651274527389
 0.01025186186212878
 0.01008853050011955
 0.01077205998541798
 0.01066980218808909
 0.0109899051720679
 0.0109581742177139
 0.0116714781813989
 0.01182590161413645
 0.01183089132376073
 0.01156379979447745
 0.01207276936225827
 0.01129266983113243
 0.01133901605662313
 0.01185512519907463
 0.01149076561652307
 0.01012404024909479
 0.0114422376004456
 0.01131096711342644
 0.01125212263859657
 0.01071650885508133
 0.01037809461900745
 0.01005489347028568
 0.01094610820774634
 0.0107700249399472
 0.01200580122727937
 0.01028283649772661
 0.009673265193512429
 0.01003587281334508
 0.008971009991426698
 0.01003815555112888
 0.009734461859383528
 0.0106194721499029
 0.01079758227751815
 0.009824144605138472
 0.01149357149862979
 0.01120736265574581
 0.01186922597092781
 0.009458261471800967
 0.01053234195487505
 0.01070660602010152
 0.01018272953256942
 0.01094011273329208
 0.01083756603392964
 0.009832806112319131
 0.008987046955362697
 0.01032397386297737
 0.01108863040567889
 0.01062604395244202
 0.01021928303662981
 0.01108049254844169
 0.009841194081673714
 0.01043015660988979
 0.01096869337327634
 0.01048898868320392
 0.0102993589082478
 0.01094956024813059
 0.01140626138962861
 0.01021391536398316
 0.01102489159103301
 0.01083226660865443
 0.01074282041042297
 0.009991562724748959
 0.0102284128239389
 0.01116448486232701
 0.01052141623137644
 0.01056426677519138
 0.01194804037306935
 0.00937061220400222
 0.01027117517936645
 0.01073153299334647
 0.01056163437891826
 0.01058381246791714
 0.01064550786935532
 0.01132537087150281
 0.01079079413363153
 0.01184298877206196
 0.01051425712493731
 0.01024229821133516
 0.009361052020587573
 0.01005702980271279
 0.01001631294813686
 0.01172290514756175
 0.01019209197303151
 0.00976575387706706
 0.01024898695084344
 0.01037049109050798
 0.01011089939116298
 0.01045981107334958
 0.01024556253863621
 0.012196546356655
 0.009580008872465202
 0.01089888334414623
 0.009310394883353347
 0.008541226728238085
 0.009093940420201152
 0.009248702593764084
 0.009504830544864088
 0.009461785998864573
 0.01073873555087845
 0.00915363938345678
 0.009260732278944545
 0.01008855909273778
 0.01050063171159643
 0.01029428988001221
 0.01116014458502506
 0.01048993091806234
 0.00980757260561997
 0.009878678845119447
 0.009835005107915341
 0.009579893814422825
 0.01057271356097561
 0.009406147845610439
 0.009611700948952357
 0.009721424902374803
 0.008925276142669667
 0.009989096589238506
 0.0107881515751539
 0.009436697735406644
 0.01013446343160412
 0.01088766023092896
 0.01024575295945148
 0.01014427007441271
 0.0095872884463139
 0.009116088414836514
 0.009993836770940685
 0.009006302192713721
 0.008673216841646124
 0.01009608383845015
 0.008206278343249171
 0.007893582897415558
 0.007977122647489975
 0.006853340880272733
 0.008656721712022799
 0.008444910339645229
 0.007739375175522549
 0.00763986507124333
 0.007624357485638302
 0.007844918768881619
 0.007143727186254203
 0.008500632811480703
 0.007452706124796826
 0.008375754902693074
 0.008026587362227883
 0.008063271491155814
 0.009226581267969795
 0.007923115865372114
 0.00823471395260105
 0.00797491103341565
 0.007907704648586878
 0.008326882505722543
 0.009002815756175698
 0.007503457299270861
 0.008823170946816936
 0.007969012944044663
 0.008264337885442037
 0.007443298933135637
 0.008541051765362491
 0.007806288991343424
 0.008471723624016624
 0.007649205677845283
 0.008856663844682058
 0.009345348366068151
 0.007880618687019968
 0.008250894761216548
 0.00811517044370747
 0.007902487974594405
 0.008660960206463364
 0.007352716228343413
 0.007373902966005427
 0.008488747355246533
 0.009843888215721696
 0.008420023521514851
 0.008859264369983591
 0.00783535934993859
 0.008949855615340259
 0.00911650504396698
 0.00780033581702716
 0.009171331599064681
 0.008663139141134731
 0.007982030676353686
 0.007879189592314914
 0.007818700910148274
 0.009478826760763531
 0.009446903076173309
 0.007793609735632077
 0.009073513712369495
 0.008079599251303173
 0.008168310598635164
 0.008070561181084637
 0.008782532819735856
 0.0089152576506921
 0.008249348815269201
 0.007988682455062594
 0.008297630828301537
 0.008847577247028319
 0.008255998722576494
 0.008245829630768859
 0.007944917874952757
 0.009354561641384693
 0.008835891375333525
 0.008363225302865278
 0.007002139306046104
 0.008654106839181186
 0.0091447121439369
 0.008842761492199864
 0.007717982514562084
 0.008836508413380214
 0.00851218900799516
 0.008551768456852616
 0.008476166937392364
 0.009209597919040215
 0.008472653100695128
 0.008407476590434816
 0.008235633264220815
 0.008516491594077927
 0.008413411379425773
 0.007644164985766643
 0.007660526948455362
 0.008442510775072258
 0.00790027295222365
 0.008127891886865735
 0.008782460675059571
 0.009811165937825656
 0.00823859836437533
 0.008379701999248626
 0.008141272863652542
 0.008526834220188909
 0.008310888552281416
 0.008884373776102111
 0.00822942719972153
 0.00797317489993553
 0.00845053825510292
 0.008887270397795927
