# Created by Octave 4.0.0, Sat Feb 26 13:10:47 2022 EET <li9i@spell>
# name: mean_trajectory_errors_dft_i
# type: matrix
# rows: 2037
# columns: 1
 0.01061368179841385
 0.005688407198734063
 0.006599895600592229
 0.009018119419408825
 0.009608463213602052
 0.009785016811257033
 0.007345439890351027
 0.008488009146649059
 0.009282667080005427
 0.009039988594401763
 0.007207203133169185
 0.008148292776082195
 0.0088465885146239
 0.009349300148973788
 0.007105017642434864
 0.007854374143405774
 0.008766060772554381
 0.008962090073996003
 0.007113706162002593
 0.00761362978968535
 0.008121379311766477
 0.00893238850258286
 0.007336897990711934
 0.007736468543734791
 0.00868231342440532
 0.008923659284708918
 0.007305428594651205
 0.007892527557402204
 0.009428198029682954
 0.009525347632691281
 0.007701522460850506
 0.008238118795715765
 0.009535239647819261
 0.009952545582493214
 0.008011092967235517
 0.007722680133893263
 0.01012854215659387
 0.01007726708647681
 0.008647210960489093
 0.008655832798544077
 0.01044760702780876
 0.01006563074854819
 0.009300062961639132
 0.009327963864735339
 0.01034784117304066
 0.01076961132500181
 0.009457002630821474
 0.009143324865316414
 0.0107533788568509
 0.01010937715998957
 0.008955163945032776
 0.00939956778148731
 0.0105217598823031
 0.01062980800213659
 0.0088517588711456
 0.01008061907568366
 0.01072208145702057
 0.01044518902578182
 0.009123416933697366
 0.00962721150396873
 0.0114641106192098
 0.01062754679941641
 0.009408821633770201
 0.01007794290997276
 0.01118662530660403
 0.01067909962150098
 0.009624102915339338
 0.01044594479344906
 0.01155933846054071
 0.01101044141211511
 0.009264724372812895
 0.01025775730040668
 0.01160873614904912
 0.0110028053376298
 0.009347426825056175
 0.009952537918984516
 0.0114387624545738
 0.01080454663656206
 0.009530424747846843
 0.009629926480871531
 0.01156316862832512
 0.01060334404606108
 0.00924345706585436
 0.009600948286096353
 0.01117123101144764
 0.01052362732121327
 0.00956535106234576
 0.009689618863767175
 0.01131421194281986
 0.01060290874255857
 0.009636914270233009
 0.009645614417446444
 0.01097540646555798
 0.01044818511812502
 0.009524964232270195
 0.009505412213435408
 0.01094631342145893
 0.01043275670885276
 0.009572318231879019
 0.009396887182224306
 0.01110974260853841
 0.01053946679962845
 0.009683466453108455
 0.01023195906427317
 0.01114919016648978
 0.01055355264365027
 0.009975105672382099
 0.009969017250779538
 0.01094381659687957
 0.01049622547593138
 0.009705911357759439
 0.01012703872952642
 0.01167050008816844
 0.01127885704030466
 0.009719477286679282
 0.01018462108530344
 0.01147197633152192
 0.01119491523650588
 0.01001226900970664
 0.01010933179912116
 0.0119245906414251
 0.01069686197139509
 0.01029477902797478
 0.01068881002411299
 0.01206739968313335
 0.01106308873695937
 0.01049850143504219
 0.01107072576160372
 0.01222376899475207
 0.0114067240309413
 0.01078808420536816
 0.01109834433256272
 0.01264470939024978
 0.01166296874267802
 0.01108458081962176
 0.01120432110214648
 0.01289222760629602
 0.01179586663050746
 0.01104351185894806
 0.01105139837639826
 0.01315941850539448
 0.01151843726741369
 0.01132469908302698
 0.01138205033180165
 0.01267213463827978
 0.01197489053812845
 0.01113238621399299
 0.011130855638265
 0.0123247902513163
 0.01162532246594739
 0.0107858068008754
 0.01088720397399631
 0.01242031469702102
 0.0115774574983431
 0.01076912655333829
 0.0109785685672555
 0.01217070539101685
 0.01129779694948958
 0.01066110787796003
 0.01123969966292139
 0.01226896070453922
 0.0114711562833267
 0.01103504442422652
 0.0114916164390466
 0.01215771570075873
 0.01155617292287388
 0.01115610625472838
 0.01128734711722563
 0.01171604623880459
 0.01139417870091701
 0.01119976792743496
 0.01116544705071663
 0.01190283953099593
 0.0116984685397613
 0.01106770042660771
 0.01143217316101923
 0.01210057195826378
 0.01194260457461443
 0.01145867486065469
 0.01181541513953176
 0.01247955079292759
 0.01198256151760552
 0.01210130118584977
 0.01212366253382937
 0.01281764443848812
 0.01215702833132122
 0.01211932033844801
 0.01235648388317469
 0.01224759847153355
 0.01254993745099451
 0.01225592492398526
 0.01249481941303552
 0.01335493033233031
 0.01299987156743104
 0.01219514839511814
 0.01276970795869388
 0.0132362434661399
 0.01288956527494783
 0.01282898175939623
 0.01263786551574339
 0.01313429376335833
 0.01283797230408753
 0.01276749365140083
 0.01292461299344052
 0.01263151358369682
 0.01301997709921217
 0.01274581980477808
 0.01295852047502906
 0.01264135923260958
 0.01285143970374259
 0.01304943565945996
 0.01307902113502704
 0.01300747830106413
 0.01295161196893908
 0.01317939789620158
 0.01278568799246924
 0.0128070163327682
 0.01346932032008455
 0.01338444695391985
 0.01337732294880348
 0.01292574183088153
 0.01289498524473264
 0.01302540365830862
 0.01287655529326117
 0.01258757851950675
 0.01301682235448618
 0.01353645365000141
 0.01343104363370189
 0.01286346079334859
 0.01300827080448527
 0.01331183851332168
 0.01319872715887995
 0.01276924151185197
 0.01276791215851981
 0.01333379058803597
 0.01321572295591241
 0.01262590255129648
 0.01260525574967684
 0.01333622982416847
 0.01314560157362502
 0.0129210106882208
 0.01312021883632676
 0.01319800622391884
 0.01345592401108243
 0.01299287869431617
 0.01273151095966557
 0.01323272846932375
 0.01278843568107299
 0.0126494800887108
 0.01261793453983827
 0.01293047303259195
 0.01306896879450672
 0.01283469743584974
 0.01160357675126128
 0.01287394656284721
 0.01228868269304891
 0.01211383869403225
 0.01074514828908368
 0.01108373854003081
 0.01247149968246971
 0.01201043525709547
 0.01067461587125611
 0.01076537738969836
 0.01165710443329182
 0.01190902482606325
 0.01078987033444658
 0.009944817486958045
 0.01239663977678774
 0.01171670876759073
 0.01070714394007516
 0.01045668245429571
 0.01140301688165286
 0.01183651377643561
 0.01082020398010638
 0.01134357866253039
 0.01128391213388188
 0.01112890568432506
 0.01080909229128911
 0.01082239910194174
 0.01086552327903862
 0.01108411689107342
 0.0108492683536052
 0.01126776974817197
 0.01101856456289634
 0.01046107458001592
 0.01071793048212544
 0.01140592429065199
 0.01169312206257076
 0.01139988575407947
 0.0102100426796352
 0.01120184814133002
 0.01107456509647041
 0.01134911894916992
 0.01060140498212309
 0.01083432450419679
 0.01063809711576781
 0.01131018360746569
 0.01114294705515515
 0.01011718714754853
 0.01126419631357361
 0.01036080098544786
 0.01168192570776107
 0.009702404735632905
 0.01169473779728401
 0.01113864624767331
 0.01062617431596482
 0.009834075974946763
 0.01162321821307482
 0.01048110257368674
 0.01059934763710233
 0.01027958236406312
 0.0114944982218532
 0.01042511590599657
 0.01006714671791463
 0.01014253090851443
 0.0115233357062229
 0.01136528630606543
 0.0101245532052976
 0.01003672587794704
 0.01097222681128658
 0.01131581160689137
 0.0108286495980938
 0.01063537956506532
 0.0109609009143672
 0.0107134259758986
 0.01067071708618463
 0.01069428360941772
 0.01114202647428912
 0.01096503035489988
 0.01112614644939428
 0.01062606290837467
 0.01141429753287578
 0.01071601749052958
 0.01112276262541274
 0.01038164319717476
 0.0106895006978625
 0.01021639422867283
 0.01091430804041908
 0.01070112085563148
 0.01074628254301948
 0.009906518303893436
 0.01070985887255891
 0.01159527384470849
 0.01095762829310039
 0.01028906888537274
 0.01090924869275894
 0.01156748974334411
 0.01091920463899445
 0.01023266544669822
 0.01060694491395673
 0.01076717609069071
 0.01143274172559749
 0.01049630791607739
 0.01002688331607621
 0.01135434024040478
 0.01142822594389255
 0.01109728151822872
 0.01081418865987222
 0.01080013639811647
 0.0112616072906841
 0.0109659192471966
 0.01083488556205234
 0.01098850760306176
 0.01150951047705143
 0.01124994136245873
 0.01066915127018883
 0.01080781118469853
 0.0120027450537852
 0.01086010059889447
 0.01085606013519148
 0.0109202218062598
 0.01240270931648276
