# Created by Octave 4.0.0, Sat Feb 26 13:24:30 2022 EET <li9i@spell>
# name: mean_trajectory_errors_amcl_i
# type: matrix
# rows: 1339
# columns: 1
 0.05042819936785509
 0.02395069173063966
 0.01184120126265746
 0.01003496041287292
 0.01336732989581942
 0.01250628337162253
 0.00862876883924925
 0.009625351843704933
 0.009674936066204027
 0.007311103286731964
 0.009129331024040318
 0.009264742710561817
 0.01065573606783499
 0.01270770948767522
 0.01214984355545843
 0.01168013368226567
 0.01075452906910263
 0.01008881437343732
 0.009569896354496456
 0.009332947336733123
 0.009479564018813259
 0.01037709049438938
 0.01022566528257974
 0.01029790205978281
 0.01082020548837558
 0.01041514118007661
 0.01082019679564592
 0.01095690984197585
 0.01081712057300279
 0.01112092231456262
 0.01061409407645574
 0.01147573886020061
 0.01206971688992972
 0.0117282400909301
 0.01192817723770166
 0.01203338403481007
 0.01226112706415597
 0.01257559959068834
 0.01254235202063879
 0.01158878607142504
 0.01176761764484774
 0.01110413246383281
 0.0106208234319376
 0.01049266113168694
 0.01052679852862015
 0.0103137931094742
 0.01120121207122871
 0.01053026477816454
 0.01106760305580087
 0.01117860097182459
 0.01163580459844224
 0.01085582950325426
 0.01127703638687384
 0.01125441925805897
 0.01095602632133887
 0.0111483356793056
 0.01109550742316294
 0.01084031978529064
 0.01173786352204153
 0.01223305243404332
 0.01140481771070213
 0.01153119101901363
 0.01205044744812427
 0.0123383710607689
 0.01226552573557149
 0.01241325419842898
 0.01189840085503264
 0.01189897806166386
 0.01223649845971989
 0.01237467173786594
 0.01229642407769188
 0.0130609681765855
 0.01285373720212818
 0.01232241125430623
 0.01309003710070455
 0.01229502880110205
 0.01239787299725237
 0.01273556007425654
 0.01241901664201994
 0.01289117784833639
 0.01335800735537642
 0.0130134221932576
 0.01344320554112009
 0.01356740638906561
 0.01349444057777517
 0.01324062751545655
 0.01394766461751979
 0.01370326049646723
 0.01403692938534238
 0.01409788168067742
 0.01406836248799343
 0.01414839345580089
 0.01463152951418104
 0.01424387453358758
 0.01419993052808861
 0.01454921172835082
 0.01453549886119379
 0.01417646943259756
 0.01413824888501231
 0.01400813683221439
 0.01395386643166013
 0.01378074593612848
 0.0139964980397506
 0.01412425743949509
 0.01368324443244909
 0.01371207919015403
 0.013860872290661
 0.01380945404987055
 0.01367042133975414
 0.01344987272855688
 0.0135614506746224
 0.01337412278691782
 0.01314763386277632
 0.0131399246000664
 0.01343882339285235
 0.01312031828387109
 0.01234110660035665
 0.01331060926396988
 0.01229070912449899
 0.01289867238997912
 0.01284936756799495
 0.01207855032831168
 0.01176005857242434
 0.01262088394950231
 0.01209238528700591
 0.01178266859098454
 0.0122530246789684
 0.01261809165857034
 0.01229925120544979
 0.01208387667742184
 0.01210790165035111
 0.01295633092954417
 0.01185874786273879
 0.01208853998003943
 0.01267150542727431
 0.01158811282728291
 0.0118719097985804
 0.01246634405689509
 0.01200407415413823
 0.01261256656805776
 0.01171350574621988
 0.01192395662438304
 0.01249496972647099
 0.0123029727415919
 0.01196752599404505
 0.01231367214905412
 0.01212586167519417
 0.01191292432315008
 0.01214613408995165
 0.01137653968202091
 0.01162843064314833
 0.01133479838066506
 0.0117835090594493
 0.01232736706995681
 0.012985934243309
 0.01178293042088941
 0.01265918042911602
 0.01202499439324196
 0.01245910857156647
 0.01221940907484107
 0.01297257814600817
 0.01264551575754684
 0.01184479734777516
 0.01269982822193061
 0.01206740420547979
 0.01239811562466375
 0.01236516695199057
 0.01129234013552763
 0.01230219187896164
 0.01277525385879367
 0.01147610162172817
 0.01241184812334391
 0.01143831895048181
 0.01235847400724779
 0.0126472470763832
 0.01204906509983872
 0.01238381445603102
 0.01200253869762553
 0.01201406866971141
 0.012331236839726
 0.01175130020318864
 0.01183509430743915
 0.01217184316841369
 0.01184650505448237
 0.01264017714436736
 0.0118449616481792
 0.01250152184028702
 0.01172282534073991
 0.01210123883387077
 0.01220785393256394
 0.01209664787003059
 0.01193274178522858
 0.0122294749904255
 0.01162816226128639
 0.01189541593365457
 0.01217180848266941
 0.01199180665766348
 0.0123852161519608
 0.01229235108379716
 0.01209134288158688
 0.01237502818007751
 0.01258335133268974
 0.01203742748894155
 0.01201109566332704
 0.01155713350424038
 0.01181885516061864
 0.01300834009382425
 0.01255439423341684
 0.01246314168088698
 0.01248210080821477
 0.01178815179299302
 0.01183691364548193
 0.01264442298105151
 0.01249356982813994
 0.01229666502280918
 0.01296637921997953
 0.01285291820275301
 0.01285436564220749
 0.01347545953420413
 0.01249532291859939
 0.01303776219998833
 0.01338424351653355
 0.01262525068615956
 0.01230800887972217
 0.01371474078106524
 0.01269182625307038
 0.01325496633448673
 0.01431037638550826
 0.01335483912211235
 0.01255852677611583
 0.01334814432154646
 0.01299465481505944
 0.0129414852532187
 0.01406541784607639
 0.01365986118006769
 0.01340185232707511
 0.01385792453084279
 0.01301190862156327
 0.01347364448953221
 0.01401109917241749
 0.01311933837994925
 0.01356930129993501
 0.01428869545435959
 0.01277792434466848
 0.01395358296854474
 0.0142382519853113
 0.013637617732456
 0.01437490852231172
 0.01489658750676184
 0.01408585206355447
 0.01395157053970541
 0.01438461143381898
 0.01403590896409612
 0.01449380407967003
 0.01424229353088098
 0.01404059828339688
 0.01428703870558947
 0.01453716515939205
 0.01426017956342306
 0.01390155207727773
 0.01421027686038387
 0.01432335486477003
 0.01467014615504543
 0.01451045945571927
 0.01452314953455682
 0.01470685065722095
 0.01486124148920277
 0.01408908119183366
 0.01432716150582946
 0.01483944881231285
 0.0139552859863838
 0.01502388406752997
 0.01464216952048711
 0.0143770351711436
 0.01537931240189321
 0.01479293108821375
 0.0148441138649262
 0.01525975944261395
 0.01482644479273486
 0.01504671316079961
 0.0149882755207842
 0.01535588666490674
 0.0149834022194648
 0.01515671902367792
 0.0153842064539786
 0.01515016042531692
 0.01515261351694218
 0.0154133296241909
 0.01545334316471626
 0.01504200400323866
 0.01519453097268749
 0.01545199496365688
 0.01485865863767323
 0.01459565178445403
 0.01501961208852297
 0.0147463610485566
 0.01472640749205873
 0.01486858942430751
 0.01516472573668176
 0.01475942633537855
 0.01529850948936295
 0.0151443465555893
 0.01510564718802708
 0.0152785108410593
 0.01577547566270827
 0.01539168403332048
 0.01568588968897153
 0.01573752363432177
 0.01535763684363855
 0.01567535409283661
 0.01535697157820711
 0.01491582780149084
 0.01531223718376569
 0.01533422697200432
 0.01497292284427602
 0.01524897836622053
 0.01529756236766283
 0.01546315641373738
 0.01535827168271322
 0.01586299853791392
 0.01599089986179235
 0.01584098044074695
 0.01575222803108194
 0.01529082730970834
 0.0151122589718455
 0.01520511692941504
 0.01477100747431476
 0.01495013014087054
 0.01512771288958324
 0.01486488904539111
 0.01533341111265172
 0.01426871117861793
 0.01500881010761227
 0.01469672478822316
 0.01380671519751299
 0.01473349177265217
 0.0141474105295858
 0.01453508124441125
 0.01428151128671227
 0.01411737766253349
 0.01441516215637822
 0.01449769556923955
 0.01437029071922727
 0.01459754375847601
 0.01494513583136859
 0.01404232717644785
 0.01481888808520567
 0.01562107008001456
 0.01429326153057142
 0.014823650563339
 0.01478866428034155
 0.0147270127801034
 0.01472527463054173
 0.01431930187672456
 0.01421269385059664
 0.0141985481097674
 0.01399363094432747
 0.01413207553151564
 0.01404267382855536
 0.01408832559992173
 0.01380431112211317
 0.01408312572620372
 0.01404600989108078
 0.01402530529385126
 0.01393057879357376
 0.01395846155073415
 0.01423759639059177
 0.01390638956100131
 0.01417843999215781
 0.01412997752072496
 0.01446437957831609
 0.01417654457321837
 0.01451023531383689
 0.01431048274511787
 0.01455883679398081
