# Created by Octave 4.0.0, Sat Feb 26 13:12:17 2022 EET <li9i@spell>
# name: mean_trajectory_errors_amcl_i
# type: matrix
# rows: 2040
# columns: 1
 0.07735283468451842
 0.07781699796235306
 0.05077108655214531
 0.06764836198383679
 0.02874736872672183
 0.01877204032671225
 0.02521668796994368
 0.02256905738246487
 0.01495536391519558
 0.02597950120419282
 0.03180607065541673
 0.02627590047366685
 0.02594984788115391
 0.03000769681678163
 0.01885774649468866
 0.009780402791202052
 0.01434598495821102
 0.02594809103256874
 0.01324190935858762
 0.009066462419087007
 0.01214747639594183
 0.01213905938936141
 0.01979905707080517
 0.006710694160739378
 0.01201156294126888
 0.01251535691939801
 0.01181031821523462
 0.007532205466195303
 0.007520965847475671
 0.007295934299246112
 0.009307727890194734
 0.008719261005766567
 0.01057698873753319
 0.006400282818644484
 0.009506516504240317
 0.005218215208187703
 0.006774399692973496
 0.009371165205057583
 0.009451360892030339
 0.011869622909602
 0.01076743384273496
 0.007198713416374602
 0.006332847572258667
 0.006803628071168141
 0.007712166084473873
 0.006286088195826831
 0.006629010077507133
 0.009992796167553093
 0.01098981468394411
 0.008214760913690011
 0.00429355838188361
 0.007297144097534122
 0.008846040095341637
 0.006021726739494521
 0.006990973937908548
 0.009630884517267681
 0.007216989670629012
 0.01106415265597253
 0.005883760491861373
 0.008442144976569164
 0.006194969632351048
 0.006277242956814806
 0.007476572419813136
 0.009704618963686511
 0.007418031671903311
 0.009969654710490237
 0.007474597880169151
 0.00831130903543854
 0.009456939102106994
 0.007243945261436302
 0.01095261542117614
 0.009132963632441662
 0.008517225446706318
 0.008593625961927028
 0.009029509026839246
 0.007000002211458906
 0.008166566492375809
 0.008309470165030993
 0.008493198238350061
 0.008165657805878291
 0.006323516679198001
 0.009812970410467876
 0.008939233597022011
 0.008466722863341382
 0.008614947584435798
 0.01119074186626087
 0.00904734798127821
 0.01013046991261934
 0.007006954348218786
 0.008678966022313321
 0.009189695436736719
 0.01057754389002444
 0.008214465836864762
 0.007278626702687129
 0.009403171521428928
 0.008371579044675356
 0.009042539771631965
 0.008833181924694915
 0.008901284834658808
 0.009221668239425997
 0.008877768932402741
 0.0100124493247046
 0.009007812387141496
 0.008497253963583673
 0.009737770594269559
 0.01028175503366251
 0.009125874059608524
 0.01011249103983283
 0.008886941083629725
 0.008910913733902813
 0.009233705220128324
 0.009035435818598657
 0.01145548619486765
 0.01006920215561909
 0.009801883982618989
 0.009553406342730218
 0.007941386098141344
 0.009306931944678203
 0.01002573294764529
 0.009553178261086747
 0.01042470437416376
 0.01018654117640655
 0.009873632780629535
 0.009850096829829721
 0.009403436747184272
 0.01095063004512459
 0.009856263226479254
 0.01142526502364117
 0.01031359692362189
 0.01110117951119087
 0.009834921336718044
 0.01117341759364495
 0.01263716383802655
 0.01203388074083271
 0.01029856388695867
 0.01043404536775462
 0.01204883353788406
 0.01059408246651415
 0.01140879674164061
 0.01143332036826578
 0.01090386411952769
 0.01076049988165397
 0.01010506032856629
 0.01081171918450183
 0.01101624633785192
 0.0106043525084767
 0.01025643305045654
 0.0107264517957909
 0.009806484772782946
 0.01115500020699548
 0.01073581464986774
 0.01173035939776111
 0.01095905901958479
 0.01032931297698483
 0.01179070447171059
 0.0109403527825295
 0.01149436485256427
 0.009621242736331253
 0.01111573283685793
 0.0101585357312777
 0.01012571365831853
 0.01147097442835156
 0.01205577213752366
 0.01138392159238124
 0.01245595769737184
 0.01111871791010915
 0.01233341408393001
 0.0107869950002583
 0.01053183964589523
 0.01168170209078285
 0.01076996456490173
 0.01291880913412279
 0.01188563769106246
 0.01232407861191737
 0.0115827695146763
 0.01144760245454264
 0.01159502720802359
 0.01296613734386179
 0.01071610561857781
 0.01193749359001824
 0.01067920262197781
 0.01270644828301841
 0.01223733274153037
 0.01181198560765884
 0.0113286484568169
 0.01160450008867669
 0.01233622547637793
 0.01282707496968405
 0.01165163089188036
 0.01210341645768496
 0.01090320548001106
 0.0120260823372184
 0.01202670824665502
 0.01028062162282307
 0.01240669236265069
 0.01155577295254639
 0.01159251621666981
 0.0136337501936084
 0.01241667821499268
 0.01260695173327845
 0.0105856739406296
 0.01191700567143515
 0.01173652393985441
 0.0123235727702301
 0.01092631408226057
 0.01217005444161019
 0.0102498998645093
 0.01135749798063198
 0.01130356094701694
 0.01302288020179136
 0.01065725944979829
 0.01201471448349837
 0.01199534954588199
 0.01184815453853083
 0.01291842388590019
 0.01151770415026536
 0.0108743564180331
 0.01185988919999726
 0.009863200082435868
 0.009685131769864561
 0.009650965297378871
 0.008822496267363226
 0.01082167344308737
 0.01042957722421438
 0.009877093421674562
 0.0106652583532732
 0.01322732930876704
 0.009459036364478287
 0.01001502733153475
 0.008710216133893077
 0.009072101614849845
 0.01056191219009036
 0.01196280009676885
 0.01099218221455431
 0.009528265188091613
 0.01056666437199143
 0.009828633896512525
 0.01188292298261294
 0.008192392007371617
 0.01024119792284419
 0.01066865556804795
 0.01112634990067475
 0.01237832107598993
 0.01054360148989923
 0.01182841312838809
 0.00995219608036565
 0.009935093297742113
 0.01069240523956559
 0.009282819580027909
 0.01098725475401081
 0.008752747615639005
 0.009608776290022337
 0.00949110374166298
 0.01079152841420596
 0.01005774273002161
 0.01037289333201099
 0.01046663519493463
 0.01130605740702468
 0.008839559314920994
 0.0104945695274956
 0.009811678244274627
 0.01018172641213372
 0.009606544551796306
 0.009276110377088984
 0.009524513586650853
 0.009623486515765819
 0.01039389757040446
 0.009076594799835656
 0.009607332538126042
 0.0104751979162205
 0.01046695292996702
 0.009362328606895828
 0.01027290639763945
 0.009432158422794703
 0.009724953891839217
 0.009073490729826087
 0.01008851593482765
 0.009106083955468514
 0.01052609166878835
 0.00994542646442644
 0.009479820367536206
 0.009924790313932858
 0.008915902119986129
 0.00896638051825527
 0.01063753768330739
 0.009931265035795318
 0.009362851952414286
 0.009122148877133701
 0.01041261168425823
 0.00868864489690381
 0.009385676576930551
 0.009146519155635146
 0.009624362245438906
 0.00954782294683148
 0.009041980676898978
 0.0099410412598514
 0.009315490733942411
 0.009233434772598213
 0.008760496454782834
 0.009422671263841748
 0.009708037851382429
 0.009930049710541494
 0.009271467521107978
 0.009744995233832156
 0.008636160633256597
 0.009279649681703106
 0.01033313020482928
 0.009767223723899671
 0.009830737845517133
 0.009353334358641281
 0.009150671899056972
 0.01023249306036471
 0.009325363718174407
 0.009952772466821653
 0.009074933248252991
 0.01022712656719942
 0.009325471002735253
 0.009153421102390858
 0.009636402721051589
 0.01024923644087696
 0.01002421715049605
 0.01016843818838853
 0.008827955926290609
 0.01053840771813506
 0.009376063626983414
 0.009467528203239756
 0.008915165695322183
 0.01070823636635163
 0.01012185048385023
 0.009699335099973984
 0.009363024556511654
 0.009702209587274701
 0.009641178843782012
 0.01047678851414901
 0.009469355122905891
 0.01010097153468536
 0.009884871709780174
 0.009663660608878808
 0.009371404725715111
 0.01044720035737016
 0.009726812748161619
 0.00936291136085326
 0.009584185400101664
 0.01012212844235813
 0.008864651561807742
 0.01066309374403478
 0.009703848055996793
 0.01043614957225197
 0.009436293370268925
 0.01007689819125871
 0.009900776864627914
 0.009799079575814692
 0.01014349566239646
 0.01040305584943617
 0.01025902152226251
 0.01019202169183528
 0.01040929306267825
 0.01010435145056544
 0.01041530823070291
 0.009982316336431931
 0.01032668401184178
 0.01054939217812296
 0.00987469672064514
 0.01038526908644809
 0.01086562262635646
 0.009755498661636865
 0.01053189674005044
