# Created by Octave 4.0.0, Sat Feb 26 13:18:38 2022 EET <li9i@spell>
# name: mean_trajectory_errors_amcl_i
# type: matrix
# rows: 1343
# columns: 1
 0.03957968203977265
 0.006175472546388114
 0.009824957067879501
 0.008168011386660713
 0.01192799661444269
 0.01135413436462819
 0.01082478570834863
 0.01152646669460462
 0.01075432564343549
 0.01117493012399256
 0.01104746556057021
 0.01069154518138439
 0.01077640916963114
 0.0125500614909306
 0.01299208323483922
 0.01167339312523188
 0.01175348395882274
 0.01256215003840902
 0.01204066802869593
 0.01160302683713972
 0.01223291128753123
 0.01177099388189296
 0.01193355324038155
 0.0118271454204168
 0.0123013382185766
 0.01254196494325088
 0.01240415849957463
 0.01139522783471651
 0.01172624179211356
 0.01264402929532494
 0.0118516616738173
 0.012837108032393
 0.01285141032719895
 0.01324355285418059
 0.01397756030397934
 0.0138649371147781
 0.01339482037576873
 0.01353724513357612
 0.013213364037844
 0.01272439699088771
 0.01173396851209003
 0.01195181249829205
 0.01196350351964068
 0.01162893372107442
 0.01171868923927835
 0.01159255338397186
 0.01175313686988479
 0.01096339208133814
 0.01205411224293664
 0.01139895289963568
 0.01169657760970712
 0.01185737517638946
 0.01202885400756392
 0.01253667361890721
 0.01224587826158461
 0.0118229826348909
 0.01177351640952317
 0.01254727917660887
 0.01195835263442019
 0.01234204596181668
 0.01230117259505867
 0.01232368344141042
 0.01269492709596935
 0.01255490789381069
 0.01239122972759319
 0.01281440128182594
 0.01299826176006484
 0.01237269852985594
 0.01303035279388782
 0.01293856832652235
 0.01262943468146359
 0.01254401358347535
 0.01285592332673417
 0.01307290850731464
 0.01304782315691874
 0.01304660053453339
 0.01297489514652492
 0.012912309146764
 0.01334204957420658
 0.01322457814757956
 0.01318821263821431
 0.01311775135296536
 0.01331796513944408
 0.01304567268341872
 0.01336550784294199
 0.01363081072775668
 0.01358291396478646
 0.01363206498173608
 0.01369611367445944
 0.01373828120068088
 0.01356755924136681
 0.01396637480515261
 0.01375501888166131
 0.01368584248691207
 0.01353820491356282
 0.01366854886349543
 0.01360224740845822
 0.01335610687893123
 0.01351597472751373
 0.013604467038455
 0.01376587108186505
 0.01348483644544148
 0.01350819679277323
 0.0138556232487743
 0.01312366969558902
 0.01358848951713705
 0.0139263569186323
 0.01396290463098624
 0.01264004668056339
 0.01300314535876589
 0.01376381576242624
 0.01216033169620188
 0.01273765651003196
 0.01302780496595392
 0.01267267911073538
 0.01246069979330521
 0.01368382896505
 0.01260164715703862
 0.01184589837071577
 0.01267036014935662
 0.0123161709239301
 0.01178382461745111
 0.01154744332929948
 0.0120863191434828
 0.01138849845442017
 0.01137046433426451
 0.0124664790381627
 0.01248035724479392
 0.0107619574953489
 0.01130986181012049
 0.01227300998536458
 0.01103237333496396
 0.01092114366679079
 0.01160035396704756
 0.01198482057512157
 0.01153740394773372
 0.01149442631121581
 0.01107784227172873
 0.01118463126281202
 0.01121159063283216
 0.01105266053047885
 0.01173637623039323
 0.01108997037807513
 0.01162180719515697
 0.01205966110486779
 0.01075894608996164
 0.01219936576534976
 0.01226593298619446
 0.01151669310803051
 0.01137854218862059
 0.01153500793286086
 0.0118886267402469
 0.01192221499050358
 0.01157930505061225
 0.01122296414209837
 0.01159368133778002
 0.0118813286244842
 0.01163085915073658
 0.0109757122138693
 0.01166687523077991
 0.01091723368419026
 0.01165085471501927
 0.01213170044376101
 0.01054464189036753
 0.01209157788804864
 0.01148131968518404
 0.01081328212804664
 0.01125301867435186
 0.01097803887461834
 0.01048390079708255
 0.01194805250990051
 0.01222647340481915
 0.01192958894220139
 0.01178100366394412
 0.01190679691248686
 0.01078003912848277
 0.01126439592803954
 0.01170899738665726
 0.01088785300069357
 0.01181165131155708
 0.01085750227772036
 0.01117864492076623
 0.01186038729550686
 0.01166987192887648
 0.01083220727119724
 0.01178235818542652
 0.01136183642058197
 0.01106903833597874
 0.01134909429383804
 0.0109013966841402
 0.01212648587247589
 0.01151054108051857
 0.01137481990305407
 0.01233134511936709
 0.0111643746806257
 0.01144011276810975
 0.01203223256025296
 0.01161404608669768
 0.01159657951740094
 0.01206225309678857
 0.01153631694535464
 0.0115033574344265
 0.0120461914737783
 0.01168240970944739
 0.01221215412289031
 0.01241745534353524
 0.01132328452927062
 0.01202303596987801
 0.01231992631675583
 0.01180784955355499
 0.01228882910855978
 0.01269487797274638
 0.01203011005875158
 0.01221991287898847
 0.01208640383239572
 0.0118400371883274
 0.01241345266649238
 0.01271461892282531
 0.01218669669482673
 0.01261803358467526
 0.0125853880392146
 0.01230222572109821
 0.01210466624985487
 0.01305668144057195
 0.0122427214660036
 0.01327621093597767
 0.01255840229425828
 0.01264407638705888
 0.0136307869701167
 0.01239004050031079
 0.01266517675845708
 0.01302706995531488
 0.01217772977921093
 0.01341544226233626
 0.01321802082016815
 0.01240081414927858
 0.0129895357385876
 0.01276369374993398
 0.01343185342815807
 0.0133731612530671
 0.01353821917619913
 0.013565897049271
 0.01318003928177916
 0.01349804390780133
 0.01299824092506561
 0.01328872713885065
 0.01356827353013413
 0.01340874615268825
 0.01341630190393698
 0.01355997713201879
 0.01405247204753549
 0.01308492072381411
 0.01385987169463193
 0.01397340318349008
 0.01395064503015163
 0.01398383256248703
 0.01401402532644485
 0.01350232830458565
 0.01457844801323816
 0.01416668399442276
 0.01374663193467543
 0.0143174738235423
 0.01433610251889271
 0.01409794886806985
 0.01415366237568756
 0.01477838358741749
 0.01358292761062251
 0.01444805455277662
 0.01446662661150558
 0.01386086795157752
 0.01408591114864223
 0.01449337875122268
 0.01391588834093416
 0.0145186949081979
 0.01443736841541254
 0.0138939203754578
 0.01442522502212398
 0.01534415030389467
 0.01402463033053872
 0.01453770509399419
 0.01465943073691051
 0.01448487236225609
 0.01467224144161582
 0.01455735988491567
 0.01413130031002306
 0.0147609369800524
 0.01475961923441949
 0.01407261468142804
 0.01514066797178006
 0.01478493991974697
 0.01490483520365459
 0.01480845722381417
 0.01482636636817026
 0.01490672776997393
 0.01538058089066784
 0.01482262842126254
 0.01498941205527849
 0.01474323773267873
 0.01480014702248628
 0.01559876733732555
 0.01493823607011192
 0.01461685636565115
 0.01458881846475103
 0.01472740002573881
 0.0148658424260617
 0.01475730782068309
 0.01415658370027025
 0.01517268107393646
 0.01511516355844988
 0.01439045237899515
 0.01496006672510693
 0.01508681384528738
 0.01430543655057112
 0.0149354586653337
 0.01471545482492576
 0.01485101831222477
 0.01504509991335457
 0.01452857294467881
 0.01488318691371922
 0.01471937645513637
 0.01442839756575707
 0.01534741599747757
 0.01494505432378608
 0.01418472603273128
 0.01570857293961921
 0.01425667363738145
 0.01403758259079701
 0.01541334944859044
 0.01474856335669186
 0.01449780261395531
 0.01497699188041271
 0.01498550736594311
 0.01395230036073049
 0.0143158344104873
 0.01439828545850856
 0.01466045889291487
 0.01455901125298659
 0.01383465005180256
 0.01434783391880097
 0.0138715360699441
 0.01415134022204377
 0.01428943980406968
 0.01358057421576946
 0.01395955931452623
 0.01444277937884453
 0.0139659232176525
 0.01397984091634157
 0.0139927514642337
 0.01383287769749448
 0.01391318573662931
 0.01359048226224538
 0.01400863833639418
 0.01380186044729537
 0.01359118786708222
 0.01418512367600983
 0.01336905740106422
 0.0130804928817835
 0.01391343497452597
 0.01339608640996298
 0.01343463358417413
 0.01345813171855202
 0.01326244822829262
 0.01377203324081836
 0.01411700075488715
 0.01379229862182294
 0.01452381419628231
 0.01403470520033689
 0.01348080162743895
 0.01472049734769092
 0.01430057157902088
 0.01470022596868547
 0.01477578000305589
 0.0146996764614499
 0.01421839971336184
 0.0147751735342672
 0.01498518133830408
