# Created by Octave 4.0.0, Sat Feb 26 13:12:17 2022 EET <li9i@spell>
# name: mean_trajectory_errors_dft_i
# type: matrix
# rows: 2038
# columns: 1
 0.01027857378968675
 0.006262234880825449
 0.005645358145480434
 0.009024188188986579
 0.009508435435047034
 0.01011828020990648
 0.007322557562686576
 0.009008371789637211
 0.008481066307195181
 0.009170189081219901
 0.006573469358992062
 0.007885793558770282
 0.008307201791202604
 0.008859588457965209
 0.007220270295357544
 0.007705385001397736
 0.008519262659363371
 0.008398504699787472
 0.0061812379619025
 0.007509342586538664
 0.008455055819225749
 0.00869154374373287
 0.006915852663392003
 0.008031478038284487
 0.008877038111727263
 0.008753558607350184
 0.007106715552128861
 0.007778469033508215
 0.008830550729777653
 0.009088583027191585
 0.007689796910242774
 0.008040350084211311
 0.009250681609561683
 0.009166845635669529
 0.008272467778119226
 0.008613422147124256
 0.009404950339333813
 0.009997797259078312
 0.008061014354682572
 0.009467374870629278
 0.009812653626935975
 0.009926198472361092
 0.008894997032596297
 0.009363901099576789
 0.01016859838035434
 0.01043980394848034
 0.008573597888798143
 0.008962094068257705
 0.009875875703275284
 0.01033118987888813
 0.008426329577988698
 0.00942249870710349
 0.009834760103901254
 0.009809130566114104
 0.008914300551194453
 0.009269079973901495
 0.01020722486945835
 0.01016643335835527
 0.008876975509682476
 0.009968627079237955
 0.01045777092637326
 0.01008583620252384
 0.009152105868222255
 0.009829815519729827
 0.01117916044096617
 0.0103612549221452
 0.009361305331221273
 0.01003161815688232
 0.01115548841146515
 0.01102476733956889
 0.009269200251038077
 0.009988016836383033
 0.01115863210898333
 0.01096214584569634
 0.009248961740720407
 0.009684839925321251
 0.01050708813791759
 0.01047128104179138
 0.008977986794128754
 0.009783394492018722
 0.01051216504081048
 0.01061113796175768
 0.009366762971287941
 0.009925127071105839
 0.01043251502186411
 0.01049131521442021
 0.009512018424634859
 0.009521550734083936
 0.01056564133771943
 0.01022676751368053
 0.009287741657782784
 0.01002607038968899
 0.01043619693607643
 0.01015523054863905
 0.009573772196761888
 0.009621306772968878
 0.01058944196045646
 0.01003736477230681
 0.009065309528614653
 0.009658156093732995
 0.01014231498051532
 0.009875469803817675
 0.009214525734188793
 0.009908548199446466
 0.01054898038370202
 0.01023901569980346
 0.009478741568264641
 0.009906502891984406
 0.01091977319329775
 0.01015315362690684
 0.009744679682602208
 0.009673543647396858
 0.01073962126055232
 0.01024475442822397
 0.009705406160846315
 0.009883104923450169
 0.01097475077297326
 0.01057308737338049
 0.009802887235724474
 0.01007569107182921
 0.01095308830669731
 0.01082974629309144
 0.009937237166600443
 0.01044766846297764
 0.01146804411538862
 0.0110156286923361
 0.00983290668565524
 0.01022979333777895
 0.0116894370325008
 0.01124367395078541
 0.01028499894636411
 0.01084336612812261
 0.01190450017112587
 0.01182919758824049
 0.01031052375455297
 0.01122711147645963
 0.01202948337249929
 0.01135709330503791
 0.01025488738288897
 0.010390496020674
 0.01129811850710088
 0.011087004852401
 0.01001965046431363
 0.01005276142849275
 0.01140201843120052
 0.01093531835861057
 0.01010857974696658
 0.009887600824835583
 0.01057810106628008
 0.01103873297915153
 0.01027225673987628
 0.01051853602437546
 0.01112430942219327
 0.01113669168322846
 0.01061129778579144
 0.0104282530937763
 0.01171597773382366
 0.01136403566300742
 0.01048885486084654
 0.01049233501494089
 0.01132466025038594
 0.01156427194905664
 0.01074246841257703
 0.01020635446944614
 0.01160694079488846
 0.01145900794993141
 0.01100580488026725
 0.01087247811002446
 0.01183470219075117
 0.01180401898717043
 0.01131417461846244
 0.01110813634388943
 0.01151483063996949
 0.01199166927761039
 0.0116294575956396
 0.01140144364076495
 0.01183171576388816
 0.0120028360666822
 0.01168911138884244
 0.01126593579203144
 0.01226972515476293
 0.01220543813700963
 0.01198255139396381
 0.01170841138402518
 0.01236019394451246
 0.01242156372621369
 0.01235408221192911
 0.01216154357549044
 0.01238039227336274
 0.01268172006114278
 0.0123623313254647
 0.01215214457392117
 0.01251263514382565
 0.01307014801427425
 0.01257199969268013
 0.01241316371080329
 0.01243975574545128
 0.01303720108142208
 0.01206498678067253
 0.01236641891007366
 0.01240465220776423
 0.01276634609819873
 0.0122288039654986
 0.01231162590802683
 0.01240724318558468
 0.01256619171139982
 0.01282369762816735
 0.01274701245059297
 0.01292194970175053
 0.01289433500852935
 0.01302049708196156
 0.01269098264941246
 0.01289139550870306
 0.01300470095826402
 0.01289623292428588
 0.01284156134096413
 0.01316089662830623
 0.01306993381457806
 0.01306071707673895
 0.01298498906361411
 0.01302647238629818
 0.01335040268204987
 0.01316887109984126
 0.01291928556220221
 0.01296120205379521
 0.01313368277642355
 0.01305802244516955
 0.01290962518393308
 0.01275914979149525
 0.01279471793623366
 0.01283051740286433
 0.01277783109611838
 0.01292051439588187
 0.01293626544057318
 0.01260878213857925
 0.01278327094298747
 0.01291931511190046
 0.01270233035630393
 0.01292610122239413
 0.01304543473431605
 0.01276864503605104
 0.01309416873504676
 0.01243362170757277
 0.01302966374393739
 0.012804424915418
 0.01272334724475394
 0.01318300939999526
 0.01283564899915438
 0.01304942026109112
 0.01295032858136344
 0.01285519638599183
 0.01257128304676234
 0.01292021351207046
 0.01329356456725007
 0.01220169410636439
 0.01244590126745507
 0.01298701286106854
 0.01190507467049839
 0.01172398270270342
 0.01147271233006371
 0.01169142662213681
 0.01133576250027849
 0.0110559292576095
 0.01051638931352501
 0.01149881415601298
 0.0112637737242282
 0.01067815253706115
 0.01061755617251032
 0.01142315319472301
 0.0106848732006924
 0.009261582205919779
 0.01056594376426665
 0.01027175584225146
 0.01044677012493977
 0.01034263932184095
 0.01073148639158441
 0.009786090409340281
 0.01097834381508565
 0.01074463500928159
 0.01103176605092645
 0.01092199765674347
 0.01072675075320188
 0.0109342215774209
 0.01084774249221488
 0.01131975495469027
 0.01060885572858745
 0.010887376030017
 0.01129834122418402
 0.01034443667692097
 0.01066987995618827
 0.01009209535771813
 0.01124106113782416
 0.01112985936930385
 0.01024240613830918
 0.01043267810624712
 0.01023745120198358
 0.01096710713597032
 0.01026077501870734
 0.01020303374938865
 0.01014616947857754
 0.01044907421715934
 0.01095388916546858
 0.0105435079355861
 0.009705404215150135
 0.01025608762615911
 0.01135468733483789
 0.01075770303302663
 0.009940906305704548
 0.01060048777115818
 0.01041584719304223
 0.01149743701318083
 0.01004273353050679
 0.01015378209606233
 0.0108593184101419
 0.01181155383652586
 0.01058970078611858
 0.0100976220579142
 0.01031553727563148
 0.01169672878511954
 0.01029261966576256
 0.009966214882955982
 0.01042238710805732
 0.01194913723601767
 0.01105901427217285
 0.01002614968839863
 0.01026491771905367
 0.01202225017308146
 0.0114842666953938
 0.01039568149081264
 0.01075001449865469
 0.01181903647150367
 0.01094162332632636
 0.01095930595137976
 0.01027024133145942
 0.0111241924266803
 0.01125203103793957
 0.01098374859934592
 0.0103174584126545
 0.01118327613228354
 0.01058233918874071
 0.0102298845679173
 0.01038452705474395
 0.01060307080780992
 0.01047087446075806
 0.01073352902763057
 0.01003719503743888
 0.01076499315742015
 0.01029159541739373
 0.0107667588766074
 0.01081315520417903
 0.01108798406327471
 0.01097128677625881
 0.0111438779652763
 0.01072024536819609
 0.01116581094673966
 0.01113173801102709
 0.01088622879622068
 0.01148615345615296
 0.01087164777310464
 0.01099593002720955
 0.01118884665345877
 0.01158992869116306
 0.01104548586666147
 0.01098096351820443
 0.01125850813202725
 0.01202601402287823
 0.01061109227798172
 0.0107501761365277
 0.01055757557825163
 0.01154456679725929
 0.01165943411557121
