# Created by Octave 4.0.0, Sat Feb 26 13:14:43 2022 EET <li9i@spell>
# name: mean_trajectory_errors_dft_i
# type: matrix
# rows: 1335
# columns: 1
 0.004031892711522496
 0.009455634894572662
 0.008450753415484213
 0.01086342445557783
 0.009403055948222282
 0.01034798180237868
 0.00990450744525543
 0.01022362929159091
 0.009913176226457545
 0.009820979369803709
 0.009513475121364913
 0.01057133787969383
 0.01098773878217484
 0.01143271614659468
 0.01129820154445417
 0.01038466597853086
 0.01110488544746068
 0.01262369772589496
 0.0123827369488134
 0.01122726907706253
 0.01137637844751547
 0.01222313742722219
 0.01140214547137713
 0.0124734639069646
 0.01164875443012316
 0.0117029174921384
 0.01137212084998876
 0.01241350158422732
 0.01227326270145642
 0.01213966079752493
 0.01252416115007931
 0.01313379531634811
 0.01332356512022877
 0.01361756992420877
 0.01389985113209023
 0.01382086431739876
 0.0143729409644123
 0.01310628695097575
 0.01283494891058892
 0.01237954127245299
 0.01103198557458886
 0.01239871620142395
 0.01143556637624225
 0.01108200077155362
 0.01262362973196253
 0.01188288966367888
 0.01131073970660835
 0.01179808932063992
 0.01139664884799591
 0.01113820109169581
 0.01102178411715998
 0.01243264442256974
 0.01158503051016927
 0.01279458453884837
 0.01235235460635466
 0.011707870488565
 0.01276230776772694
 0.0121110273596478
 0.01259615699061362
 0.01312857968335508
 0.01219335049733182
 0.01299150491357962
 0.01287010928931943
 0.01341681334780362
 0.01355105707325955
 0.01360354438951764
 0.0131062889617659
 0.0134415409428192
 0.01357411002270676
 0.01310108326822652
 0.01341936593419954
 0.0136596135885864
 0.01305581643912787
 0.01331613153879906
 0.01337797826118656
 0.01312371391251604
 0.01374993230637046
 0.0134466096515118
 0.01359844638028236
 0.01363478754418124
 0.01381809547139007
 0.01358411851582358
 0.01434784843143623
 0.01444105891870523
 0.01389229283356821
 0.01364379973367842
 0.01448751499028589
 0.01350536849987039
 0.0134949971861277
 0.01433276267289303
 0.01370111716385392
 0.01374698979966003
 0.01467248523689374
 0.01321876613789053
 0.01408021298795824
 0.0142958163525973
 0.01316851961940681
 0.01331347338914505
 0.01470614108571937
 0.01364925336911791
 0.01299928224757951
 0.01422001161022601
 0.0134496042333312
 0.01308618188278017
 0.01380273106572183
 0.01374023135662592
 0.01275318118396567
 0.01374188211274795
 0.01353414626559292
 0.01239862352025606
 0.01336041920943605
 0.01334835217400794
 0.01242439755527889
 0.01248237431838442
 0.01288969696284506
 0.01169550597039839
 0.01252091676503134
 0.01277400496010022
 0.01161077780206345
 0.01127229077269739
 0.01142093257560055
 0.01052061852877114
 0.01038805631113179
 0.01117090438384231
 0.01103750173058451
 0.01102704271375689
 0.01097197787974697
 0.01111349265622047
 0.01099836060579359
 0.0106283526940727
 0.01044859558419633
 0.01128352605558677
 0.01122863339664081
 0.01086050316085388
 0.0105487254435145
 0.01000090787159092
 0.0107103237946102
 0.01156527001207294
 0.01154429672423453
 0.01113230802674374
 0.01158910843483161
 0.01084057301070823
 0.009922451145606663
 0.01034423272170171
 0.01098836454607361
 0.0114170096675657
 0.01053571634769272
 0.01099395896329983
 0.01033399667257792
 0.01091244095615991
 0.01127179818170453
 0.009365421623178388
 0.01117659738940678
 0.0106444284906687
 0.009534587496878754
 0.01215861150961684
 0.01091785289475363
 0.009924281599085333
 0.0111384514570308
 0.01018965943803928
 0.01034928505283239
 0.01157478828316258
 0.01063906017813105
 0.009788182202877267
 0.01101464675802193
 0.0108497771023337
 0.01048222167781454
 0.01143563931794143
 0.009514571385902237
 0.009110553422552639
 0.01147333604087568
 0.0106592873559095
 0.009808911662522185
 0.0111242107920731
 0.009907993618524815
 0.01006546721428098
 0.01017574637261783
 0.01045533476021869
 0.01030038652569853
 0.009687748863939021
 0.01051485508757947
 0.009955860026879258
 0.01044482456747221
 0.01081993629267866
 0.01007605020532329
 0.01097801910726686
 0.01060513247018745
 0.01085898158391049
 0.01040782689942346
 0.009751370578422916
 0.01105689823435754
 0.01042378633683282
 0.01059625819382073
 0.01135463582359866
 0.01018908312654051
 0.01184726178047314
 0.01139067629165232
 0.01082854634095349
 0.01112873734430766
 0.01098133666814289
 0.01122811951642144
 0.01126898683982221
 0.01095666738350174
 0.01003410420961608
 0.01076698171756629
 0.01129824691575253
 0.01040169779219643
 0.01054802552980439
 0.01162917071175681
 0.01037151451644835
 0.01148360158077054
 0.01178014464667117
 0.01129794418715879
 0.01126920238900301
 0.01108066042535031
 0.01170166766289351
 0.01147384763310016
 0.01098003932114537
 0.01106145757476149
 0.01105132383454746
 0.01230550561752075
 0.01173882590352199
 0.01139720630384617
 0.01304592413789917
 0.01163084252274098
 0.01191370002538201
 0.01131011266061123
 0.01257005338567328
 0.01146716703247722
 0.0125621054699459
 0.01104094786171735
 0.01097518051884519
 0.01289102655423015
 0.01129491857418343
 0.01081484742734151
 0.01292017761531013
 0.01182426441259549
 0.01170958549521081
 0.01259107372453072
 0.01261101782805796
 0.01193510694566048
 0.01237906140245837
 0.01289293969776106
 0.0116891738332242
 0.0125569738134499
 0.01293471212175868
 0.01193291486289203
 0.01292793463650457
 0.01331842113057551
 0.0120897804917022
 0.01343045209454461
 0.01358142181182906
 0.01231301975797565
 0.01301014699593507
 0.01269826528880586
 0.0126608979355874
 0.0132344295732592
 0.01314143153374435
 0.01299195571048052
 0.01289152270236454
 0.01297790128440646
 0.01283572423938291
 0.01338850375139974
 0.01243507658510594
 0.01189940138754107
 0.01337580611361201
 0.01312908625768185
 0.01291407179313164
 0.01348354599267474
 0.01265950916563851
 0.01361677597370776
 0.01346243082704397
 0.01295836780385398
 0.01302935920123699
 0.01325896405025346
 0.01294674791786788
 0.01308863251065934
 0.01320518348427875
 0.01250907461095664
 0.01271067245726716
 0.01383552561397345
 0.01246002662552454
 0.01341029356294741
 0.01381247025283832
 0.01295385895822521
 0.01364463822408293
 0.01358635814989678
 0.01288253118749148
 0.01350395640071327
 0.0133308857116751
 0.01329419715099422
 0.01400018346422949
 0.0134568311231226
 0.01277910157873144
 0.01369007909350064
 0.01403187089439044
 0.01360194517640466
 0.014046542420487
 0.0140676389492417
 0.01389098382537841
 0.01410858022125874
 0.01453495517447332
 0.01448893231581221
 0.01366669084924823
 0.0139051949785108
 0.0139990879151634
 0.0134486286377385
 0.01425466094945684
 0.01347290549660543
 0.01395226759509615
 0.01417843306259783
 0.01361577936001689
 0.0138131806956726
 0.01418054538571496
 0.01421481770236713
 0.01409535452144206
 0.01346200095117649
 0.01393537497534872
 0.01374711103904414
 0.01306653910436775
 0.01414550141717539
 0.01368406457995053
 0.01338470649404906
 0.01414138384187984
 0.01412942729466673
 0.01458426633435957
 0.01436612639656862
 0.01392114965878244
 0.01423181388581157
 0.01371454221305965
 0.01422208419311745
 0.0141121150585129
 0.01424820134335141
 0.0134029040701584
 0.01400392213508612
 0.01411719629791256
 0.01340928952952416
 0.01408455942052208
 0.01359049944005581
 0.01351552676957398
 0.01396860728574534
 0.01397285147113876
 0.01354607406623127
 0.01390817194752894
 0.01303810126973769
 0.01391045515351971
 0.01331941430023659
 0.01339559856200298
 0.01338969485898015
 0.01327196429954539
 0.01370410322872725
 0.01319432378558495
 0.01309754548821367
 0.01256121548235612
 0.01337833007060921
 0.013932829200394
 0.01310886532566964
 0.01353757394575576
 0.01378510067361716
 0.01348663380734822
 0.01341004964387746
 0.01382423422073445
 0.01353263480942672
 0.01418073062804281
 0.01384997940145841
 0.01420945705766157
 0.01396147345345829
 0.01383690679407185
 0.01466100343273852
 0.01422460673414897
 0.01436843902218208
 0.01501894245562482
 0.01428958561458411
 0.01414640483178942
 0.01516830628378037
