# Created by Octave 4.0.0, Sat Feb 26 13:25:29 2022 EET <li9i@spell>
# name: mean_trajectory_errors_dft_i
# type: matrix
# rows: 1336
# columns: 1
 0.003923497574793332
 0.01033985247504623
 0.01020676293181412
 0.01247136322900695
 0.01280753376267366
 0.007836722298259184
 0.008345976679618951
 0.007895926639627763
 0.00663789079923235
 0.007367706741018025
 0.009991665531007676
 0.01078813542783101
 0.01105302207920648
 0.01108929248853081
 0.0101595053022889
 0.00874515857690015
 0.008604857763752005
 0.009114943930333045
 0.009556080220376151
 0.0094766615392645
 0.008621061505920088
 0.01006777345524012
 0.009705473267206969
 0.00998756766111991
 0.00933882374499272
 0.0102197488158612
 0.01008588189713402
 0.009619862897018468
 0.01018570684258071
 0.01072668442680538
 0.01057161996863916
 0.01113129326631966
 0.01130392274454078
 0.01123464314271569
 0.01221276543320985
 0.01201613641747707
 0.01157326365575589
 0.01256398427600634
 0.01095443370923682
 0.01164695991074505
 0.01181506812497446
 0.01066054668175723
 0.01106688781293
 0.01078623661723837
 0.01038566361702784
 0.01171990318687283
 0.01131939011767914
 0.01174792020909095
 0.01119629863675834
 0.01206081524615161
 0.01104430857548655
 0.01144759986655904
 0.01160886190393399
 0.01156870852649819
 0.01128462728598419
 0.01177395115473385
 0.01174928990443192
 0.01223306330733345
 0.01239443243237589
 0.01233013741598466
 0.01253983538342516
 0.01240135795362609
 0.01306700705294316
 0.01220113763373809
 0.0125692259156436
 0.01281351705253871
 0.01236184277988121
 0.01297939655565371
 0.01249906174763049
 0.01293626589041732
 0.01261525122738178
 0.01288687184146706
 0.01282332540814317
 0.01271926539256555
 0.01344022234032104
 0.01322188110779188
 0.01309772811019251
 0.01410793645797336
 0.01325160466187502
 0.01339478547842238
 0.013507654739342
 0.01350387369912504
 0.01313592717224556
 0.01307505094424813
 0.01365701260470867
 0.0136897371954352
 0.01320938239248167
 0.01378054778362536
 0.0136913797646938
 0.01334122948206594
 0.01394264219014469
 0.01406455676924382
 0.01377386121613003
 0.01364015402678616
 0.01358129392889586
 0.0135709436560175
 0.01401432412264281
 0.01376367085786159
 0.01302903555852939
 0.01419765252799558
 0.01302176062788925
 0.01386804676857215
 0.01332651997138846
 0.01310291325508781
 0.01316010892633186
 0.01336927562057048
 0.01280578774552031
 0.01297475051140539
 0.01256457027081856
 0.01244948226165017
 0.013452608401956
 0.01230422398097478
 0.01223524372349123
 0.01220391734045328
 0.01230351908233232
 0.01196986462903834
 0.01208688113978453
 0.01239556689104792
 0.01122915992383467
 0.01175581824345129
 0.009986882188851322
 0.0114090722134845
 0.01093150524870268
 0.01050205523339881
 0.01160078343833498
 0.0101270332031707
 0.01047906621168424
 0.01041926302039569
 0.01032373367287488
 0.009633406293281237
 0.01092614265760755
 0.01044401519306994
 0.01034042578151836
 0.009637128675881007
 0.01021494943153064
 0.01053613252864144
 0.009782844325228938
 0.009921694415934684
 0.01112642080627053
 0.009166158587190585
 0.01052633439772972
 0.01131805937634143
 0.01110964368170037
 0.01037900083079264
 0.01122808750954883
 0.01019916158233579
 0.009862644482772765
 0.01139974748600084
 0.009938309692618106
 0.01028472060784525
 0.01083237341832265
 0.01147697789905537
 0.01138769117312643
 0.01139585911332494
 0.01111643945404802
 0.01131044970299919
 0.01105274914546512
 0.01096186648973189
 0.01179483140542561
 0.01137812866366841
 0.01004567253374085
 0.01056353511592692
 0.01035093621182652
 0.0103943524335775
 0.01057718095238268
 0.01080554329496996
 0.01170978165344999
 0.01040044091092605
 0.01126331716460947
 0.01055273934339438
 0.009731179804636794
 0.01163823710400184
 0.009691424344683661
 0.01050871940080343
 0.01184131029778454
 0.01068961261575857
 0.01072912992343342
 0.01115333858097686
 0.01045439713491216
 0.01142242012915931
 0.01020783513518993
 0.01066845085436161
 0.01064169014079971
 0.01090423305827372
 0.01076719685309318
 0.01136509538173321
 0.01129845961445451
 0.01168603759272395
 0.01084492072663735
 0.01109083568563411
 0.01062808450367864
 0.0101901816983989
 0.009912504567624329
 0.01047984081319402
 0.01095435057886132
 0.01088315836870624
 0.01030624274752332
 0.01178282360299358
 0.01001694805160414
 0.01085836507803851
 0.01113725883235793
 0.01025495810491668
 0.01144301624353535
 0.01099929412255994
 0.01205490626736172
 0.01066685049218178
 0.01125886615157118
 0.01185079531276574
 0.01021869018659159
 0.01105752132712531
 0.01137882035726961
 0.01046623720273824
 0.01117615529136005
 0.01110157920861113
 0.01023783062566493
 0.01111140986202859
 0.01119537808656634
 0.0114918191740473
 0.01149913954275204
 0.01112873047045712
 0.01137370374203297
 0.01176448879890454
 0.01123160235341527
 0.01236974434162929
 0.01229138578160256
 0.0118653337249299
 0.01214483396170617
 0.01160137919603765
 0.01193247207572581
 0.01166793427945136
 0.01189400653826656
 0.01195926955881339
 0.01229407184585744
 0.01232265295024104
 0.01206328658683913
 0.01272321065748261
 0.01142916242930302
 0.01188503517635378
 0.01279567908532992
 0.01152068515826446
 0.01199183990993947
 0.01295664117444907
 0.0125440658912127
 0.01243060335351258
 0.01299267570350627
 0.01289060599391864
 0.01282755712646146
 0.01254225377894072
 0.01313216553923308
 0.01285169331295102
 0.01304458500390949
 0.01316627174877417
 0.01226432156851086
 0.01296496135247056
 0.01316578174422989
 0.01290411650089111
 0.01324687567812231
 0.01290283191311023
 0.01233785433022459
 0.0127733568941116
 0.01305923664713378
 0.01251357302839115
 0.01364479638201226
 0.01270845474702828
 0.01295802733003443
 0.01354838434188822
 0.01233924151029003
 0.01315794200434584
 0.01299981283217968
 0.0131570520217769
 0.01297429588652952
 0.01319904176696255
 0.01279237993921569
 0.0129823319379602
 0.01400009968171481
 0.01275498014948587
 0.0125359566678306
 0.01314608237254082
 0.0131526687668666
 0.01304558355973828
 0.0138816229920502
 0.01424607814704842
 0.01294651989225641
 0.01353332915409507
 0.01423027653448875
 0.01404139871575599
 0.01369058492686531
 0.01376651187379034
 0.01408344612928362
 0.01397825445076628
 0.01376181279442769
 0.01396598498674631
 0.01348785228416244
 0.0138488882009846
 0.013971422171308
 0.0131429825518944
 0.01427290563226355
 0.01421133441266909
 0.01358709364480683
 0.01426587949473453
 0.01380412373618607
 0.01400675752369825
 0.01418169427900041
 0.01467101889558804
 0.0146733984281852
 0.01420400647488225
 0.01418734960971715
 0.0141494815600883
 0.01375797427874572
 0.01412696815570724
 0.01428133777828835
 0.01383059280237714
 0.01384718390373086
 0.01407620063420234
 0.01439296299836028
 0.01362883651555423
 0.01487326829348773
 0.01376982962168727
 0.01424111949968407
 0.01480352907303419
 0.01481000758302079
 0.01470880278915161
 0.01408303366383188
 0.01448322231055649
 0.01455379561284974
 0.01333053735351852
 0.01407603980816455
 0.01458816455484277
 0.01370249330514628
 0.01408527450383712
 0.01486932117202556
 0.01433903530625963
 0.01471830443509951
 0.01425879792046061
 0.01397071789235971
 0.01439379170671525
 0.01441609807853571
 0.0141246194743544
 0.01415807976065981
 0.01454251096009529
 0.01418221500521572
 0.01490174996580887
 0.01455700369382803
 0.01480470922266664
 0.01439654139745713
 0.01453701141146686
 0.01395276637285931
 0.01393809530045563
 0.01465564503266588
 0.01427611965124747
 0.01426454553881371
 0.01437818632052404
 0.01395068435540079
 0.01389129251785602
 0.01383375759921356
 0.0134845679923894
 0.01347450421250284
 0.01324818570315672
 0.01350901728116961
 0.01347029118718249
 0.01320485719093216
 0.01338188810318055
 0.01371373025478249
 0.01323773092910831
 0.01412633154094827
 0.01380762946327921
 0.01436335339284092
 0.01420763896284232
 0.01409279572733369
 0.01447427294926305
 0.0145223597047733
 0.01468088690278136
 0.01451142985455494
 0.01467683996384207
