# Created by Octave 4.0.0, Sat Feb 26 13:28:26 2022 EET <li9i@spell>
# name: mean_trajectory_errors_amcl_i
# type: matrix
# rows: 1337
# columns: 1
 0.03962216846597971
 0.02432290861498397
 0.01115155483305474
 0.009683418017485519
 0.01218828278491767
 0.01260775348752186
 0.008453951985912296
 0.008436046850968191
 0.009009746192451186
 0.00830351574135187
 0.01023611775787157
 0.01007933106248131
 0.01057553668579701
 0.01229930936826283
 0.01176422067687104
 0.01125997350253401
 0.01024686943966896
 0.009219777789280653
 0.008502235149558135
 0.008566203078921633
 0.01011853982507206
 0.01050704799512384
 0.01023457768238394
 0.00999255116492785
 0.01019447479870173
 0.01046761110983574
 0.0104971835296288
 0.01077145903576858
 0.01176334562301859
 0.01085391293119419
 0.01111501034609239
 0.01082480148116566
 0.0113503340404255
 0.01147188596991657
 0.01245793846640721
 0.01261779725177157
 0.01254962966649258
 0.01222083102848399
 0.01124726711883119
 0.01113190168907056
 0.01112516731486083
 0.01017618777485886
 0.010721509033409
 0.01017961465033794
 0.01054959670333048
 0.01090567592569026
 0.01099486822746168
 0.0104702174847085
 0.0105352755516671
 0.01084129532429894
 0.01178485853973031
 0.01112110080410232
 0.01093978491140787
 0.01073560058867625
 0.01110935254332056
 0.011650395472014
 0.01157764604673552
 0.0109753352972373
 0.01141965547756447
 0.01127686987143441
 0.0122347117238369
 0.01192715888657355
 0.01193169735480996
 0.01209217113359077
 0.01188960022889061
 0.01268430940772999
 0.01283952458065972
 0.01202036029320008
 0.01210476278199933
 0.01228645312902562
 0.01238994827778743
 0.01285005241444335
 0.01249380366767978
 0.01253865100665779
 0.01293773583577557
 0.01340380580700293
 0.01322125046913781
 0.01293114011278284
 0.01307533951003159
 0.01301974453336437
 0.013761930269763
 0.01363009593852549
 0.01320064409265181
 0.01351225367521333
 0.01323740894029943
 0.01435839244211162
 0.01423808749774079
 0.01370431721082257
 0.0136567771494589
 0.01383786789817382
 0.01401210582159595
 0.01376698567879291
 0.01393019965405743
 0.01358032352856042
 0.01362348677846789
 0.01386754650604616
 0.01378292152188236
 0.01345496363459565
 0.01350974286315903
 0.01360662886681365
 0.01410046464788413
 0.0142917654666556
 0.01339464229616406
 0.0139799840867462
 0.01377886767197782
 0.01345048366099762
 0.01297564314737114
 0.01221393007755093
 0.01301478021008822
 0.01302504565923967
 0.01336368834130516
 0.01262511013214768
 0.01339750009191449
 0.01306994851347313
 0.01233750643927852
 0.01289049902286506
 0.01334088903908691
 0.01263011052359271
 0.01336290264730294
 0.0126402889281379
 0.01235637705524065
 0.01240332868684076
 0.01254836976288567
 0.01231362546005335
 0.01261924008326668
 0.01260029007225905
 0.01201075948377832
 0.01246244989766468
 0.01200607061264047
 0.01196958445551913
 0.01204771037220644
 0.01166493153423536
 0.01202568199096313
 0.01174419952339049
 0.0114083661317019
 0.01196267225077672
 0.01202661813951464
 0.01137409345970342
 0.01207976026505565
 0.0110808146485887
 0.01207757135629302
 0.01189580574051238
 0.01144684199487286
 0.01155072036395403
 0.01175023572367215
 0.01139747501161805
 0.01138649695988921
 0.01155282110712223
 0.01169240130376936
 0.01172916633151542
 0.01139132767081521
 0.01275625065118179
 0.01191775172475349
 0.01249323818528915
 0.01303780701641075
 0.01185300016415375
 0.01252674741432805
 0.01223513267575964
 0.01152400992477576
 0.01195949184003543
 0.01184099438640287
 0.01193003920553623
 0.01300953031564241
 0.01195359507391981
 0.01152966525137111
 0.01311321342046371
 0.0117750303567435
 0.01217955319416233
 0.01218353323119258
 0.01202343515598699
 0.01212713651462885
 0.0129539120216838
 0.01288253843663342
 0.0118211154542518
 0.01239231559496289
 0.01182178750426316
 0.01202620166655743
 0.01236254150366703
 0.01185324209413157
 0.01279457576602278
 0.01245829626658277
 0.01241756909054066
 0.01219232203783943
 0.012513556828055
 0.01257787599314187
 0.01174436459394372
 0.01211086143794308
 0.01247682919330356
 0.0121537948498701
 0.01174157768497438
 0.01165722478019875
 0.01220034109306834
 0.011174342438912
 0.01169900058531305
 0.01206984523402012
 0.01172166290602582
 0.01235020463137813
 0.01193015942254571
 0.01107236671216483
 0.01219666728659994
 0.01250946362972811
 0.01198640456496719
 0.01255522236424298
 0.01262825536791231
 0.01159443227237887
 0.01240513953756349
 0.01270246947268682
 0.01186794908755481
 0.01194291322479401
 0.0120744659740255
 0.01306394428057266
 0.0126105364901218
 0.01262246528251147
 0.01301921510162623
 0.01207647471870303
 0.01337388698482241
 0.01288601532151409
 0.01232929203236963
 0.01281254421059373
 0.0131123418125943
 0.0123102266240082
 0.01363527001065085
 0.01336654954682269
 0.01286075321695292
 0.01310507799475683
 0.01316455951073544
 0.01328619683828433
 0.01324180804652537
 0.01339926991300051
 0.01252731710340213
 0.01345595464897356
 0.01349213159809881
 0.01217679632106343
 0.01294568665526683
 0.01366610127563351
 0.01314356763158494
 0.01371480180623852
 0.01377444463401598
 0.01316513022672534
 0.01312596766271289
 0.0146722706905232
 0.01447369953301282
 0.01440541230405645
 0.01370720508888205
 0.01386767511474558
 0.01490489549775809
 0.01436000109256501
 0.01407240572264174
 0.01420378592958364
 0.01416924671773722
 0.01523351445273952
 0.01478213940740113
 0.01458724037818147
 0.01446630110312605
 0.0144823214837426
 0.0148444787948578
 0.014995847422692
 0.01414831473697405
 0.01462061806824811
 0.0151199421450643
 0.01431504730654964
 0.0137342669093365
 0.01490164897799458
 0.01459437995802966
 0.01482607979481902
 0.01473998943598385
 0.01454325147303458
 0.01443988281100034
 0.01433344071190996
 0.01425451367309541
 0.01523749851318768
 0.01441567250667139
 0.01470551925882619
 0.01477475161337373
 0.01470957154198575
 0.01476165379258523
 0.01514976998837806
 0.01460311171966237
 0.01522245266332461
 0.01452096341635266
 0.015287954687132
 0.01514719562651379
 0.01505895694918535
 0.01487041146906471
 0.01467108589788805
 0.01518505307051906
 0.01562311868273082
 0.01559201740582596
 0.01524695680804808
 0.01488627346285746
 0.01537871461175539
 0.01477399432328272
 0.01487284696753558
 0.01546586240074018
 0.01481057622938952
 0.01538848808086514
 0.01616676558953841
 0.01502789299348021
 0.01530043056343241
 0.0154886094903301
 0.01479932877521722
 0.01517940092850309
 0.01489433904606503
 0.01541014995130041
 0.01538511164469927
 0.01545780505314472
 0.01501577403221768
 0.01507577844947514
 0.01499064017721388
 0.014402200752393
 0.01530003516123689
 0.01515617269826443
 0.01576343611763004
 0.015644995692218
 0.01504663500330001
 0.01585701836935292
 0.01559744932368818
 0.01564157846475246
 0.01561072948307057
 0.01549490606261042
 0.01598786916238748
 0.0152537601097379
 0.01476790601679972
 0.01574765702003909
 0.01584677666339447
 0.01544036013086347
 0.01547599297016831
 0.01515577475820299
 0.01528609669849631
 0.01483925373147494
 0.01469838406051415
 0.01469163509290333
 0.01365309945606922
 0.01477850921274699
 0.01446884257941275
 0.01419922758940083
 0.01439615708297298
 0.01424405938214379
 0.01496212083111321
 0.01417062348045696
 0.01489369379862605
 0.01468521937368243
 0.01462214349556898
 0.01470733946798837
 0.01487303147591022
 0.01467078906773156
 0.01480470531291958
 0.01458345110187234
 0.0145699819861368
 0.0147854602198591
 0.01505438990347622
 0.01438282968580701
 0.01427862237647921
 0.0143616607728715
 0.01451359373636119
 0.01421401243277266
 0.01392138683784876
 0.01403878320202069
 0.01417307301969908
 0.01377594981534603
 0.01443009413180966
 0.01421122025512555
 0.01400612886513581
 0.01364965541550045
 0.01402451452644417
 0.01437716272652347
 0.01389179177642769
 0.01443496006340805
 0.01417778834640461
 0.01408235536136618
 0.0148763110436418
 0.01475858836977834
 0.01445410406845827
 0.01482943762457302
 0.01477820114183842
