# Created by Octave 4.0.0, Sat Feb 26 13:23:31 2022 EET <li9i@spell>
# name: mean_trajectory_errors_dft_i
# type: matrix
# rows: 1333
# columns: 1
 0.004432052760447628
 0.01016925238692655
 0.009577005398068428
 0.01369189518133531
 0.01280349571507066
 0.01139140699118166
 0.01214440375895456
 0.01004639812696197
 0.01103764410266369
 0.01060133132887557
 0.01089850183016201
 0.01168562565427801
 0.01175236804143501
 0.01169172396458844
 0.01296899558277607
 0.01246483259375323
 0.0116407215633987
 0.01216087981857807
 0.0122506947640705
 0.01289995394620349
 0.01172312031197395
 0.01281422828961253
 0.01263232051230355
 0.01184627911588731
 0.0120621201051059
 0.01032502676399073
 0.0116800572988502
 0.01135082029375633
 0.01225366781000476
 0.01250820180921483
 0.0107334648139684
 0.01077256880183045
 0.01092112971175467
 0.010343069890578
 0.01084765399655844
 0.01068277412531059
 0.01062850272168246
 0.01101209970592077
 0.01133940167471944
 0.0108825800607559
 0.0107314532618912
 0.01074930623471378
 0.01037566246897244
 0.01012486683820569
 0.01052668738834489
 0.01132474119051522
 0.01111823706449953
 0.01192112228443384
 0.011140398003891
 0.0118911162553628
 0.01203791466549599
 0.01163002555314564
 0.0117258490219212
 0.01233717186185814
 0.0117042524515128
 0.01202194860641778
 0.0117265843361501
 0.0119447906842908
 0.01246099369613935
 0.01215002049132033
 0.01226766942581445
 0.01203776586017829
 0.01244394041902709
 0.01244986179081978
 0.0127802049108506
 0.01358210266611435
 0.01270532093867635
 0.0126482980098516
 0.01352241083261377
 0.01264591992839173
 0.0127476106553765
 0.01305566028664248
 0.01308284314280149
 0.01299559376797979
 0.01318945974031876
 0.0132614659077168
 0.01311453967717788
 0.01344408331110244
 0.0138476777374731
 0.01352619551715663
 0.01371299631927764
 0.01375022699915956
 0.01417115509420855
 0.01343667627621154
 0.01392408806280743
 0.01381638423622605
 0.01380854674261313
 0.01390566907636936
 0.0142051291069237
 0.01382469799184951
 0.01348434930307393
 0.01349116370642131
 0.01411325983711424
 0.01374310032597307
 0.01383238662005412
 0.01354156912901711
 0.01359134923756051
 0.0139209033668
 0.01420121710126863
 0.01388315975879699
 0.01343710547171354
 0.01343977714040656
 0.01397089543341258
 0.01300145041766861
 0.01387293444218841
 0.0135056465713345
 0.01354531964909683
 0.01274643001858072
 0.01328126176018497
 0.01258661160035884
 0.01344303179067267
 0.01340225440569953
 0.01347931406890699
 0.01278704952945543
 0.01311447299280421
 0.01339496205855078
 0.01434634967518107
 0.01321775748115608
 0.01284595540576974
 0.01333034353258983
 0.01164774235197821
 0.01236708719770825
 0.01281938954216733
 0.0109443668004917
 0.01209371483078363
 0.01192430264686957
 0.01254296786752923
 0.0128885394351828
 0.01175022532666466
 0.01189173721904016
 0.01202080959439317
 0.01242699553297848
 0.01199058319055644
 0.01284137422424744
 0.01200260471144995
 0.01186814198790162
 0.01277673231009029
 0.01168061471197787
 0.01266730559629154
 0.01188283067453059
 0.01252245339553927
 0.01303605387568655
 0.01259415159407635
 0.01277419738443918
 0.01323018382290313
 0.01289401502438961
 0.01302604195207486
 0.01303459421673323
 0.01292059757929757
 0.01282958563427076
 0.01338283845616787
 0.0131755941254836
 0.01296360549259299
 0.01381975200400809
 0.01313486914620106
 0.01303994810419713
 0.01300204469170689
 0.01357932626418758
 0.0133787589947713
 0.01310031615057458
 0.01348242643917447
 0.0138611716014529
 0.01266321943834474
 0.01280433675217001
 0.01298727504626124
 0.01275503917287039
 0.01245520504049321
 0.01340781361621154
 0.01356377790067924
 0.0131483304297548
 0.01256751171073814
 0.01294619510958134
 0.01298567903012426
 0.01320314711308752
 0.01310037506133896
 0.01286440162797885
 0.01375062205071073
 0.01228446060741615
 0.01282807843092539
 0.01301073831099399
 0.01276961967618257
 0.01332634366126436
 0.0134913571480459
 0.01226222132626347
 0.0126894293988325
 0.01290964865705363
 0.01224833744645613
 0.01309608674359472
 0.01368570312735005
 0.01281868098713677
 0.01263876972260409
 0.01308628527317115
 0.01314302731859627
 0.01306468439964288
 0.0124468269816507
 0.01220134758971906
 0.01329357648181596
 0.01290657254107608
 0.01287538856835729
 0.01221947356498977
 0.012246761333072
 0.01280885288603194
 0.01176814871066149
 0.01257903370761589
 0.01261367324342021
 0.01166464733615427
 0.01262543725066276
 0.01216291162232288
 0.01215197625653264
 0.01284878688309566
 0.0127797097010594
 0.01273000148694393
 0.01432802597644262
 0.01250989386354868
 0.01334185275546454
 0.01288305030309777
 0.01277125111502484
 0.01303917260659282
 0.01358174142067266
 0.01315828223512087
 0.01191574381681413
 0.01414785180836739
 0.01247345136101511
 0.01274085528662705
 0.01296248045742228
 0.01243387983143855
 0.01358095025707104
 0.01283470614964513
 0.01265679536573092
 0.01272541989703454
 0.0134984589054252
 0.01255021206349496
 0.01289492148514535
 0.0134773942729681
 0.01235534417373947
 0.01338238629258662
 0.01337569188071616
 0.01243087008459455
 0.01358356609749246
 0.01310682526855048
 0.01354008536328985
 0.01408834688855512
 0.01416955127255933
 0.01431114658218119
 0.01434400435043899
 0.01353722104638642
 0.0147354120123181
 0.01465466600781185
 0.01416858494301292
 0.01412545877940927
 0.01346735645253081
 0.01480639032263445
 0.01328831192601294
 0.01443698416157128
 0.01433780439589641
 0.01211824187906321
 0.01376499244784944
 0.01478156293582612
 0.01387577400146939
 0.01362848749744736
 0.01378960510635619
 0.01355448248213105
 0.0138260424963746
 0.01390766656776439
 0.01360938835393108
 0.01389111769219316
 0.01390756134059662
 0.01405877415265413
 0.01408189253929098
 0.01431628255189347
 0.01437490900431667
 0.01460239760066617
 0.01447730771794216
 0.01454810030928932
 0.01488488537596789
 0.01424265607931828
 0.0157823838668225
 0.01483556610053537
 0.01516857771793928
 0.01531398075647707
 0.01442352482076249
 0.01562123881247711
 0.01418867069407485
 0.01464914929916307
 0.01495113230821728
 0.01423092813366739
 0.01447677085460197
 0.01454745874794585
 0.01430800322754484
 0.01383167102844723
 0.01486284588875619
 0.0148508191567771
 0.0144281789371026
 0.01571559660907744
 0.01431026690056447
 0.0149917665877394
 0.01543115166343115
 0.01510488711488868
 0.01526400963861306
 0.0156723686284784
 0.01574536617132731
 0.01542323799881022
 0.01612472288474444
 0.01565991169062311
 0.0152489637865194
 0.01616029097878986
 0.01559493008961723
 0.01579952978474557
 0.01609637243701487
 0.01622385122143852
 0.01607186643282094
 0.01591214823910912
 0.0155051858119469
 0.01613945738295035
 0.01596112046692896
 0.01526744399292906
 0.01603643431143143
 0.01562015706070628
 0.01588252532650295
 0.01559105576020659
 0.01606416067679802
 0.01601356425417204
 0.01582233303270735
 0.0161529876364353
 0.01574742690246145
 0.01458409157795315
 0.01490532740230199
 0.01513278718823028
 0.01485212734335357
 0.01388805790339353
 0.01491696157664425
 0.01471217845142667
 0.01425919789939652
 0.01463538048112204
 0.01419225206838152
 0.01436680218835153
 0.01475538705206614
 0.01444393035395517
 0.0147441026928238
 0.01494131527387535
 0.01516728132706079
 0.01458436208181042
 0.01507150634338092
 0.01550045004804987
 0.01458174212132027
 0.01435384516679148
 0.01470474833621488
 0.01500274787165241
 0.01395631067114515
 0.01444289370347336
 0.01410098488878604
 0.0142473263569315
 0.0143076081937402
 0.01457608068119941
 0.01371686453645866
 0.01373591936468568
 0.01344979212564786
 0.01342059029273566
 0.0135784750161065
 0.01293687427472087
 0.01343534808425639
 0.01410673602639056
 0.01391024983433363
 0.01401937367563256
 0.01355155750824293
 0.0139276155883043
 0.01444733688686234
 0.01402613999851288
 0.01412057945460075
 0.01418910601678175
 0.01450144465822336
 0.01447112327607862
 0.01432853442822748
 0.01516098104457986
 0.01430137230260597
 0.01499778506105382
