# Created by Octave 4.0.0, Sat Feb 26 13:09:19 2022 EET <li9i@spell>
# name: mean_trajectory_errors_dft_i
# type: matrix
# rows: 2041
# columns: 1
 0.01009066072451536
 0.00674333751332416
 0.006123311418219515
 0.009328449838251511
 0.009496518169129983
 0.01101368898551657
 0.007138819510015692
 0.008723595415834508
 0.009212981048218881
 0.01012333425809917
 0.006285305515264203
 0.008416088496592805
 0.008869420322640714
 0.009746936545435401
 0.006822249446655564
 0.007728829841696924
 0.008577019530143847
 0.009775886179807099
 0.006052627289417404
 0.00774642597784058
 0.007949083869811207
 0.009329951532933436
 0.006334743623659575
 0.007943270670266124
 0.008800685947479348
 0.01037434302808798
 0.006923505693217757
 0.008056888719500032
 0.00861699451100385
 0.009387884617405931
 0.007060709086586415
 0.009109253681692814
 0.009152058345313619
 0.01006533893623732
 0.007518840135131335
 0.008751827764827295
 0.00969020584210669
 0.01069738525438165
 0.007129964343447266
 0.009581589698016002
 0.009991359098634314
 0.01097563341982202
 0.008543937999988151
 0.009620160469839722
 0.009673169139329979
 0.01068691032729757
 0.007877062095939323
 0.009591364817468563
 0.010142881778299
 0.01112347354151818
 0.008039916525119949
 0.00958965410700187
 0.01012500485885232
 0.01137422399914108
 0.008708016900699965
 0.009703661904089705
 0.0107234053321351
 0.0116618234561521
 0.008735677838777661
 0.01020859844897121
 0.01054573912074743
 0.01113848059139853
 0.008886968022615399
 0.01038750303547253
 0.01078787342992384
 0.01123217638189439
 0.00931614405108286
 0.0104998967530438
 0.01118733325097807
 0.01150832644431637
 0.009711475042211615
 0.01062777810690516
 0.01089434833328937
 0.01190371679674585
 0.009440480828827895
 0.01049660924012113
 0.01086010026171143
 0.01060628800056024
 0.008685644526956353
 0.01043906435208368
 0.01067925389840782
 0.01081079667255126
 0.009277252479128759
 0.01058432504494899
 0.01060677144828105
 0.01100216447663446
 0.009239976297176015
 0.01017316293385302
 0.01078335763947153
 0.01096434280387548
 0.00898213793255589
 0.009785194606196323
 0.01048879365131749
 0.01110020084088707
 0.009148078278887448
 0.0102043452832958
 0.01101475943510427
 0.01105236333381925
 0.009101829165796514
 0.01017765721613726
 0.0104730989208851
 0.01025564026206408
 0.009677589982638828
 0.01007816365840221
 0.01042326620871613
 0.009973583775416076
 0.01019031437840265
 0.0101587985952591
 0.01090368380638889
 0.01069993578802767
 0.00967590301589287
 0.01014148142480807
 0.01103256000809265
 0.01080598369029745
 0.01029310306940909
 0.01011855978980768
 0.01099964234784925
 0.01099770337323366
 0.01033205179727846
 0.01050786912459049
 0.01103185985696175
 0.01154225719881771
 0.01036213137342932
 0.01108382185274783
 0.01103357115249635
 0.01152398178417211
 0.01067981745196813
 0.01112270244754503
 0.01149047598419402
 0.01175634885735601
 0.01060396743973808
 0.01094091117166987
 0.01157071493662791
 0.01195630769003678
 0.01146010295497821
 0.01099935861462164
 0.01198591139675593
 0.01193763007970444
 0.01159655125700112
 0.01132809921391588
 0.0118112793587299
 0.01189359310639726
 0.01149737498030808
 0.0112440504407087
 0.01198104773430898
 0.01154431216831856
 0.01137718828453408
 0.01116217042269115
 0.01206330312341975
 0.01176581523042381
 0.01130682423270226
 0.01066377668851597
 0.01166515345741242
 0.0118500249147113
 0.01106345550262186
 0.01090352584828031
 0.01090007864943205
 0.01165094251539881
 0.01070997347251468
 0.01088301275706565
 0.0112032443660581
 0.01206802306573424
 0.01092010130464089
 0.01120626583532947
 0.01139571540451166
 0.01193619434825215
 0.01133159299921732
 0.01122656994186102
 0.01153661931662999
 0.01239314572947377
 0.0111639854733528
 0.01149018832693705
 0.01176847366725762
 0.0123492300455238
 0.01156376830405885
 0.01182057838579419
 0.01191682163104413
 0.01277242829508351
 0.01152424211090206
 0.01192407258364839
 0.01211193769174388
 0.01252487976719806
 0.01212366590320208
 0.01228173311811924
 0.01253094884154558
 0.01287701539388844
 0.01220564592939943
 0.01243357397815439
 0.01265131436246369
 0.01324205970924071
 0.01260088110848715
 0.01246067926180026
 0.01277473837724099
 0.01315754594656675
 0.01281275216763951
 0.01268684407966252
 0.01303321009256371
 0.01297241227422419
 0.01247065712031803
 0.0126636775740492
 0.01301605648422556
 0.01304498789344788
 0.01233904164074851
 0.01226579100400558
 0.01259917147472225
 0.01360034115255892
 0.01279718978061777
 0.01211739819744994
 0.01260704470175177
 0.01336472199684819
 0.01269619845248306
 0.01262230653434131
 0.01273765644399627
 0.01317312120125782
 0.01273786354845357
 0.01244935127079678
 0.01280909324974027
 0.0130665067418434
 0.01327706022227154
 0.01263472672871384
 0.01276565286925991
 0.01332737654894231
 0.01298485724103808
 0.01286845455304446
 0.01281875345049458
 0.01310172657145195
 0.01316613567537484
 0.01274445503547424
 0.01250652765047944
 0.0133412177038419
 0.01325513700201902
 0.01287115380511802
 0.01294382923539844
 0.013229468103186
 0.01306819220527833
 0.01248264654866615
 0.01277754786334298
 0.01326584124288697
 0.0132479805617271
 0.01260041434209368
 0.01298623430737771
 0.01314251319187168
 0.01268614173586428
 0.01253917240439026
 0.01316364501754638
 0.01309684799095696
 0.01340126242790962
 0.01223586832816361
 0.01207814130220224
 0.01316741573132365
 0.01316575924220709
 0.01269058825030977
 0.01205612699689817
 0.01295210622191073
 0.01231575289697102
 0.01139499025079796
 0.01111415227302712
 0.0116454124845185
 0.01212511288088115
 0.01104604858620891
 0.009889750620095764
 0.01094292794679001
 0.01160609198844837
 0.01039639449785912
 0.00970009842972063
 0.01078231687441875
 0.01218649102506596
 0.01019469563088977
 0.01006975292783174
 0.01048956412348872
 0.01169755386557039
 0.01025622891818525
 0.01020018262205943
 0.009441774563905173
 0.01212875553435488
 0.01079151230510911
 0.0109716341392496
 0.01054586857396991
 0.0113786845942012
 0.01067049706708682
 0.01127991304540548
 0.01007338069743863
 0.01110754601910748
 0.01032748972584028
 0.01100233397188169
 0.01002224281298966
 0.01112020246135869
 0.009984888872392286
 0.01089941279546231
 0.01072510016963785
 0.01107009075667919
 0.01061515406100587
 0.01064094397513522
 0.01024278471100602
 0.01099930272569576
 0.01055484771884441
 0.01094238933931415
 0.009919355512811305
 0.01034512166014421
 0.01084746536275344
 0.01067093917282983
 0.0103458351363162
 0.01042617636577206
 0.01112075374058045
 0.01082589898741644
 0.01000124813159609
 0.01063070977626223
 0.01139251906126665
 0.01088210634811572
 0.01055020717745464
 0.01010817124420353
 0.01120682643736917
 0.01085634567513165
 0.01081649632685758
 0.009895722450121764
 0.01128836035431121
 0.01058903856175763
 0.01064889917801121
 0.01066546632289079
 0.01063444733214403
 0.01027008683811486
 0.01034280317905568
 0.01007562125597278
 0.01040192562081868
 0.01054525367718059
 0.01017041900633749
 0.01015369321187523
 0.01077262322693771
 0.0108496804720892
 0.01092721513822268
 0.01049355716152144
 0.009981438634851373
 0.01058139185772509
 0.01059525584657318
 0.01098549657681684
 0.009909837875546465
 0.01122525141855234
 0.01068071655030793
 0.01096971494171153
 0.01005618788429179
 0.01119967545203069
 0.01005058688901373
 0.01024767460585324
 0.01032921700643124
 0.01063047774837529
 0.0099011014412748
 0.01053308156370298
 0.01034121798874906
 0.01058982388828604
 0.01022117592193602
 0.01062367513059579
 0.01073022346548796
 0.01086196814957139
 0.0106327678742217
 0.01051149362612159
 0.01053807977671993
 0.01090905990494932
 0.01127501668883156
 0.01103781044721608
 0.009953613292435888
 0.01114575983391271
 0.01102275892838403
 0.01064019843140646
 0.01068945755130884
 0.01088787484839794
 0.01147762458184221
 0.01062248714589694
 0.01025590171618653
 0.01104763704604407
 0.01147978272949521
 0.01120378280612552
 0.01038961989131076
