# Created by Octave 4.0.0, Sat Feb 26 13:15:41 2022 EET <li9i@spell>
# name: mean_trajectory_errors_dft_i
# type: matrix
# rows: 1337
# columns: 1
 0.004050416830300398
 0.009585987929861282
 0.009277546173194283
 0.01101675868803595
 0.01278503352114185
 0.01094446426309037
 0.01177449965351506
 0.01000592950951857
 0.009631578734119248
 0.0113353472661478
 0.01047853371876525
 0.01153615786574686
 0.01221907482385798
 0.01175006170073455
 0.01141409092261084
 0.0106737809291512
 0.01191167128152213
 0.01234414763369746
 0.01218683675131209
 0.01230430320121449
 0.01169160504456197
 0.01165637310222349
 0.0121581285366072
 0.01131456210491266
 0.01164708004777441
 0.01187734230773326
 0.01157733035344817
 0.01303333987553781
 0.01238825122902113
 0.01162154273899139
 0.01179599730772256
 0.01280359142600488
 0.01261201909739781
 0.01348638426850481
 0.01378290578376917
 0.01305982597201512
 0.0143846726424286
 0.01346158542624962
 0.01293279744342361
 0.01286321196810908
 0.01194985049032877
 0.01194364609534213
 0.01228894184655054
 0.01258739408688472
 0.01212121285072979
 0.01220046955312735
 0.01195679009806628
 0.0125345382737647
 0.01255152343043371
 0.0122772458831226
 0.01204129432358711
 0.01296715596991853
 0.01116861491436406
 0.01268996674993766
 0.01210915241592469
 0.01273472388021266
 0.01284624075897333
 0.01270132460886066
 0.01292502699708211
 0.01314404073445288
 0.0127164114719147
 0.01298150971996708
 0.01233445186858052
 0.01290942854108733
 0.01286138623007687
 0.01278933377425538
 0.01362767281735696
 0.01336926618206608
 0.01306400252840737
 0.01302311272732994
 0.01351525373842586
 0.01304349929501068
 0.01297933929252522
 0.01348507006137458
 0.01345017367023845
 0.01298968506987068
 0.01349602087799058
 0.01323453452299851
 0.01334966209055887
 0.01356293439259464
 0.0128483861298814
 0.01316119885905288
 0.01344823087695907
 0.01349255405961776
 0.01406958690177053
 0.01342244352321741
 0.0134952685728034
 0.01359772881706836
 0.01356989191825882
 0.01345070247403404
 0.01370066816579473
 0.01363743749801191
 0.01362784945917176
 0.01347811593652456
 0.01373506821387524
 0.01339588828073976
 0.01320687106410077
 0.01375807097283467
 0.01324096793459798
 0.01348451421069225
 0.0135339638347808
 0.01338426236446411
 0.01346520162341168
 0.01346775819869275
 0.0137337111982739
 0.01313973045044674
 0.01305734881638442
 0.01291667041858899
 0.01254140217724281
 0.01316665168759798
 0.01343133766446076
 0.01183741472376976
 0.01232054152546511
 0.01238933863078633
 0.01195489616236109
 0.01230715998274571
 0.01149275278404634
 0.01152186924284972
 0.01131509673159372
 0.01129661315544119
 0.01131744995173851
 0.01063066278967116
 0.01031032426455175
 0.01069513685293997
 0.01179714260273432
 0.01112989632491995
 0.01035190214330772
 0.01098084731342402
 0.009813588027752295
 0.01031568321995304
 0.01055219072049704
 0.009436954469520939
 0.01081307694957084
 0.01003118603880171
 0.009499374450103567
 0.01123705351051084
 0.01015040318631852
 0.009733145945291852
 0.01084784366363678
 0.009950258887412806
 0.0102046251885166
 0.01041427757672981
 0.01000489909833957
 0.01010294462865076
 0.009901947142589788
 0.01167772668002511
 0.01113684324744513
 0.01016519848686397
 0.01055485580744113
 0.01034325475561902
 0.009910850416538953
 0.0100371849494037
 0.01064954201882946
 0.01001023375696556
 0.01047279982874266
 0.01103128099763731
 0.009611475406034659
 0.01014958550440179
 0.009747669740619783
 0.009669199894975042
 0.01031877043311221
 0.01076404948416835
 0.01021864884778291
 0.0106232003160201
 0.01037546502245997
 0.01102499049295421
 0.01007588292364487
 0.01106142161711372
 0.01122974238478725
 0.01066366109111148
 0.01081027964277293
 0.01010134234872674
 0.009656900626159301
 0.01009218354359583
 0.01021322766248029
 0.01080322369531502
 0.01112610251338788
 0.01091506763287224
 0.01032483825843685
 0.009729533616996154
 0.01082132208064493
 0.01074548131492433
 0.01003905199395858
 0.01012555374232157
 0.009962489154956641
 0.01047863269398141
 0.009687907973290439
 0.009710843088930136
 0.01051322196939061
 0.009657878645518285
 0.01000071734068635
 0.01046066964002543
 0.01037394422959265
 0.01064416728814922
 0.01056045532540612
 0.009899066172535309
 0.009885540316993591
 0.01045948748508153
 0.01053434643749547
 0.01104982773178016
 0.01076571030348731
 0.01026746172867641
 0.0113646954696306
 0.01104294785688266
 0.0101282563328087
 0.01106053776029841
 0.01070292351467123
 0.01037570882876572
 0.01169582684762776
 0.01088428779466253
 0.01107511545230925
 0.01159338529069969
 0.01109444264119007
 0.01096657904852833
 0.01146934301942588
 0.01148742859635195
 0.01046340627051062
 0.01132892618944084
 0.0116967059578345
 0.0107873970951468
 0.01186576294185257
 0.01075874591830517
 0.01054268745884863
 0.01226059131079776
 0.01102599656285401
 0.01106994299308825
 0.01209744493305518
 0.01126204049613436
 0.01202522330212247
 0.0124643443393058
 0.01154237682552022
 0.01217203345280545
 0.01308995043436535
 0.01165578880351483
 0.01183979815640386
 0.01331184281024939
 0.01178947615592102
 0.01288342266516561
 0.01270890940033165
 0.0115375939550195
 0.01305767289062477
 0.01292233475237983
 0.01190737443818511
 0.01260570987279126
 0.01272978470274513
 0.01241585030350927
 0.01290399697145575
 0.01277360114745705
 0.01292647366603927
 0.01228507958667843
 0.01311903452569618
 0.01278209696743236
 0.01284162887860267
 0.01343547766577191
 0.01268307648102607
 0.01269546106533621
 0.01329180860844663
 0.01350643408012924
 0.01262000134575485
 0.01308786694862157
 0.01249300405793479
 0.01249139475839791
 0.01327398000806574
 0.0125599004251122
 0.01292488659707576
 0.01382130126455378
 0.01297984991080804
 0.01291515559415521
 0.01333864544298688
 0.01218835453900299
 0.01326601512213739
 0.01345903272163774
 0.01314680398946811
 0.01337342841200024
 0.01283802825209326
 0.01308316850263605
 0.01314472154057175
 0.01348500473795327
 0.01286572273838202
 0.01374485758989927
 0.01405048656064066
 0.01310813767500918
 0.01412623766000607
 0.01378643321053658
 0.01340443750941872
 0.01372963722001088
 0.01369102325175868
 0.01327371758789928
 0.01322045700506862
 0.01343967510299319
 0.01330434628618176
 0.01364103998796078
 0.01333367961372685
 0.01344569489183555
 0.0132991513551556
 0.01375425012558372
 0.01345899693826147
 0.01367824690882604
 0.01383799127425811
 0.01342672039667227
 0.01392618286798221
 0.01415579044370148
 0.01373869140711272
 0.01407139271150179
 0.01409983105611292
 0.0139071815567747
 0.01400949674119365
 0.0141118980580662
 0.01376497831115957
 0.01380575324404058
 0.01388892308622116
 0.01369101924106755
 0.01387348317510504
 0.01398512484551424
 0.01379301948514654
 0.01420095997803773
 0.01370022637603217
 0.01409473246865642
 0.01466407675788126
 0.01348090994924601
 0.01383252062110318
 0.01459276669159486
 0.01311191752646607
 0.01470524632033186
 0.01476388197392523
 0.0135957717066579
 0.01491292321576135
 0.01408960746863145
 0.01360686892648435
 0.01377563762219182
 0.01437495602578174
 0.0135039870919174
 0.01387487607788943
 0.01438510528120231
 0.01352370192018804
 0.01387435296248098
 0.01422109378857
 0.01383422557166076
 0.01321680630448159
 0.01344934498450969
 0.01384682329337898
 0.01330694143196602
 0.01390634657813128
 0.01374307926764445
 0.01355556726188845
 0.01387075070647749
 0.01390392835489308
 0.01365176581798603
 0.01333983113473922
 0.01307107232469948
 0.01284183305718704
 0.01297336542775222
 0.01323772015945575
 0.01286161124626004
 0.01315400050804996
 0.01340731860799717
 0.01260213080313657
 0.01351097340442824
 0.01339944822149768
 0.01283786676853556
 0.01341776994557088
 0.01352948602365798
 0.01336671395080784
 0.013654741991685
 0.01375606745261774
 0.01423603052287462
 0.01367950374473536
 0.01450855201009738
 0.01421059365804205
 0.01417859084585232
 0.01417799391309887
 0.01460102240836306
 0.01469381796783419
 0.01446093234085164
