# Created by Octave 4.0.0, Sat Feb 26 13:10:47 2022 EET <li9i@spell>
# name: mean_trajectory_errors_amcl_i
# type: matrix
# rows: 2039
# columns: 1
 0.08279960613832089
 0.08184340201419253
 0.03867235152854489
 0.03454873379749195
 0.04639892840402586
 0.0207922468631891
 0.0110907013082721
 0.01674113292718904
 0.007643279506245623
 0.01400261526520252
 0.0125590345915366
 0.03732882466240788
 0.01402268380707069
 0.007279196474082415
 0.01202911093245882
 0.009454290645622872
 0.009095401293618246
 0.006879888972625776
 0.005997582484350205
 0.01369300836447544
 0.01120812750366845
 0.0146519373884058
 0.008315128095927467
 0.006778583123998493
 0.006995442385611939
 0.01097892197597939
 0.008185406523929855
 0.006285074894608694
 0.007034201187508751
 0.007374094246101129
 0.006133622516054677
 0.007169746193582376
 0.006319053023089857
 0.00506377021492127
 0.006015791185654622
 0.006269041953438331
 0.006176487449812533
 0.006457730881461955
 0.005841699641141149
 0.006285865174098331
 0.00763877140667191
 0.006528144362606622
 0.005994888683073674
 0.009924478443878703
 0.006439643174939906
 0.00683679471764882
 0.006077495028062144
 0.007455504874150029
 0.00693976393930701
 0.005488253287406891
 0.005949653045748441
 0.007304879051011554
 0.006144482701642192
 0.00757904894102776
 0.005687286475948625
 0.006225117856584154
 0.006716540199431417
 0.006234849700565534
 0.006887583605843992
 0.006036233331103386
 0.008129716471744019
 0.006546142592763649
 0.008608736166458927
 0.006590493171152953
 0.006690367076674112
 0.007902557480427026
 0.007196205988572928
 0.007603605825755726
 0.007052121090735075
 0.007575334415693047
 0.007067019781248494
 0.007238750911984829
 0.008904436806173359
 0.008422571691903913
 0.007461820862446678
 0.007300701242537198
 0.007428452896883491
 0.00713396634843216
 0.007772945353477591
 0.007581211428118505
 0.007390143988730629
 0.008917823294600889
 0.007200923779684484
 0.008203838836957199
 0.009297961015554584
 0.009321920985499395
 0.007928647503002238
 0.00727567429238333
 0.008203871127021096
 0.009765462126151718
 0.008620229071775084
 0.008321101367428424
 0.009094759417627151
 0.009482458037587703
 0.008704762087874546
 0.007271687532875997
 0.008460994995666648
 0.009152548425562757
 0.008827593868568873
 0.008997643407361075
 0.008676248397449975
 0.008629713069286732
 0.009331671552552278
 0.008757380389072427
 0.009096918759012413
 0.009272571484091979
 0.009170619088129028
 0.009158648630575994
 0.00890494858912393
 0.009487176064336014
 0.009060219270710254
 0.009811338605372016
 0.008912236745811307
 0.01017860414149084
 0.009378690917584542
 0.01055458250782857
 0.009250067581841132
 0.01007462355502855
 0.01006100877837649
 0.01072369839305392
 0.0105341461847885
 0.01039442032972396
 0.01007004741534532
 0.01033052369462256
 0.01052921450332571
 0.01172431422852318
 0.009580752051174285
 0.01094643871645507
 0.0104528866552442
 0.01119137129131158
 0.01049867107061705
 0.01127312009102211
 0.01048740438320816
 0.01088946459893008
 0.01000768780282377
 0.01032542530940584
 0.01042244917714813
 0.01193657450369058
 0.01146086125067106
 0.01187204357305429
 0.01015737563100344
 0.01106623219154753
 0.010970620702313
 0.01152397715079808
 0.01116142399951713
 0.01142917527246412
 0.01072504311540283
 0.01066717652151327
 0.01174323824821224
 0.01234207951897142
 0.01049590128328274
 0.01119882460729973
 0.0109112292297907
 0.01191470739851844
 0.01078464125034358
 0.01183578881500739
 0.01042754952532105
 0.01054365723778413
 0.01015848769699049
 0.009924069394443673
 0.01073469714306391
 0.01131661837003058
 0.01206277555937353
 0.01025653073465399
 0.01043777903014238
 0.01036144637150753
 0.01104859818232825
 0.01151983567115592
 0.01033461407291657
 0.01100176903125766
 0.01154927840387358
 0.01085305264112513
 0.01106915377048626
 0.01135981696262812
 0.009694153513259356
 0.01114611760596691
 0.01005187426041678
 0.01109195493961603
 0.009574069112797854
 0.01006757922630993
 0.01027083055566078
 0.0113183403089472
 0.01085442736391053
 0.01060941799970316
 0.01097325932288142
 0.01082436543027806
 0.01099659568754124
 0.01080386478112422
 0.01054661326781792
 0.01089958982172123
 0.009673262124418927
 0.01042521642506181
 0.01169011374365899
 0.01067621022616609
 0.009990822182018067
 0.009495505173397183
 0.0104310774749023
 0.01239031672918413
 0.01159460459930998
 0.01086647026230931
 0.01198043288528084
 0.01056817820355376
 0.01192092067505234
 0.01103805046521922
 0.01218270764650093
 0.01068707979816878
 0.01077718386057648
 0.01016917522800547
 0.01116079166021214
 0.0100518963991061
 0.009997884721539715
 0.01097502459243708
 0.01159206487739958
 0.01149188040996489
 0.01082497814871966
 0.01249250889165625
 0.009531799591448547
 0.01062730835035763
 0.01138855048788266
 0.01112718614277708
 0.01176057416697727
 0.00952970356831238
 0.01071932107800201
 0.01009179126782331
 0.008733747485689601
 0.009954095824552733
 0.01022034036125577
 0.009935705949331125
 0.0100990168650211
 0.009251455136542271
 0.009135424421403953
 0.0105093676652561
 0.009099344706982248
 0.009259529625168751
 0.009264816542243615
 0.01085151623727846
 0.01078766680311611
 0.0104335312263175
 0.0101519354125413
 0.0108415034887669
 0.01040435617982448
 0.01189897871549516
 0.00937121878368825
 0.01046110818035106
 0.01069980034309776
 0.00914858491652982
 0.01033421618396367
 0.01126855806445635
 0.009947143929129461
 0.008714115683318653
 0.01026057429601585
 0.0101692821545118
 0.01050463451491313
 0.0104177632770118
 0.008736400877871314
 0.009302898094349574
 0.0092943654211968
 0.009854539836408686
 0.009717767933556722
 0.00850395841466493
 0.00938399950420362
 0.009060762318746
 0.00881426050808134
 0.009305770848388427
 0.009761116630080103
 0.008670318157133192
 0.009058287797482804
 0.008118516871133146
 0.008848485417484304
 0.009347319110321443
 0.01073854831363971
 0.008945978393493596
 0.008694641479684569
 0.01161428321038511
 0.009400370196594775
 0.009844954055234414
 0.009030369544202223
 0.008396646228792078
 0.008913624517571501
 0.008867526114394538
 0.009290302493180923
 0.008978290540716204
 0.00937690869544514
 0.009229524796540354
 0.01020752940927643
 0.009196635070276224
 0.008559750560353029
 0.008847530210887987
 0.009556938598279998
 0.009331469197717343
 0.00913197465765149
 0.009330250782955841
 0.01095192499497819
 0.008390028070556476
 0.008219513440664789
 0.008667042204800681
 0.00888022031121505
 0.009118251649665381
 0.008638621505703931
 0.008514785209903127
 0.009733402660782623
 0.009215711941391688
 0.009221825651590319
 0.008720275725572248
 0.008643909254927185
 0.009745688355036286
 0.0111251937626587
 0.008979748586359615
 0.009914035023617715
 0.009119770756229916
 0.009353263124510158
 0.009584709252410509
 0.009634125898803397
 0.00953409349031659
 0.009096900903177552
 0.008681356293423714
 0.008970319485354847
 0.009624519925887901
 0.009326085783558398
 0.009337578766064303
 0.009291721295415977
 0.009622539974229826
 0.009349910702776977
 0.009370830547235576
 0.009346444112014097
 0.009553665734431307
 0.009189350575234205
 0.009004024481446257
 0.009348480536090753
 0.009377737672132895
 0.009783867963895935
 0.009362459786703104
 0.009576480009588577
 0.009300715772431413
 0.009074397396575349
 0.008900532073391034
 0.00943325975606994
 0.009404030590433612
 0.009212665837016236
 0.009108540301780372
 0.009100700701043473
 0.00880237335477954
 0.009017466193463254
 0.009986218650968954
 0.008925757699668134
 0.01040213563021632
 0.008528423507308492
 0.009356032438740591
 0.009027653336081255
 0.009574871624730877
 0.008991689804310279
 0.009084122875862174
 0.009696202875103182
 0.009997416334066915
 0.009360803259191889
 0.009333561634150549
 0.009151943283000905
 0.009407007859894243
 0.009636662764615663
 0.009605740241554039
 0.009714583469513533
 0.01008196349864382
 0.009126523905207178
 0.009998648212619574
 0.010043863495553
