# Created by Octave 4.0.0, Sat Feb 26 13:17:39 2022 EET <li9i@spell>
# name: mean_trajectory_errors_amcl_i
# type: matrix
# rows: 1355
# columns: 1
 0.07735341051685694
 0.004154747504202491
 0.007160491239328841
 0.006847450127735092
 0.01198453580870877
 0.006967027696043861
 0.006135901881189595
 0.006561573136202589
 0.005115208156452954
 0.01398970014597475
 0.005691478492257949
 0.005465390166865796
 0.006104805279961763
 0.005379659778290755
 0.0108406654783712
 0.006109885912309199
 0.006274539723259159
 0.006067035483114691
 0.006277181286224827
 0.01153720667849212
 0.007201792414935967
 0.007184519810261045
 0.007121570146170767
 0.007371301942546066
 0.01182284191620621
 0.007603094605316304
 0.007643440025757351
 0.007286305326963387
 0.007657674660268994
 0.01348849088115479
 0.00840553533325049
 0.008624829336700373
 0.0091046440213418
 0.008831897987300209
 0.01298522809657527
 0.00965878485257086
 0.009835400953560624
 0.009929482344979805
 0.00950186374409135
 0.01018447485123104
 0.009675963679909656
 0.009093932481815092
 0.009449245660677534
 0.009713871375794913
 0.01010741931644129
 0.009512164751384517
 0.009683767053057304
 0.009355038557964985
 0.00979371208674033
 0.01017017038512277
 0.00957164034995654
 0.009783334430276144
 0.009938237889215039
 0.009813585632877179
 0.01123819323295165
 0.01023724993010925
 0.0102016017544017
 0.01032187729702403
 0.01038339396370869
 0.01096400366371533
 0.01036471481264172
 0.01070000410903166
 0.01051180345895495
 0.01033571618132028
 0.014201504258048
 0.01114079894418289
 0.01143127355485027
 0.0110037171864791
 0.01103462316997744
 0.01258919083440788
 0.01122129179916952
 0.01160652905720644
 0.01164617754198951
 0.01122042504972503
 0.01295037864784109
 0.01184067089187894
 0.01141859980001488
 0.01164644169780306
 0.01181098126882794
 0.0130228584864151
 0.0117749090991087
 0.01183292097079287
 0.01148372100932018
 0.01186511682366746
 0.01400200538990174
 0.01139412503670923
 0.01202132938378601
 0.01194092678254643
 0.01177611313143826
 0.01453587912088538
 0.01225353769560361
 0.01219980783832583
 0.01224581770044043
 0.01223433879971751
 0.01409063987414058
 0.01204521568371255
 0.011778123821958
 0.0118127241831235
 0.01227044978260448
 0.01458176564645821
 0.01167385348008206
 0.01226197331097121
 0.01235966080445857
 0.01169183348116544
 0.01387037067928473
 0.01152402086252966
 0.01180353285513489
 0.01213684965137966
 0.01166623207024562
 0.01299257733404455
 0.01093356854785962
 0.01139857020254488
 0.01101702857039068
 0.01169717366471504
 0.014082383888143
 0.01103794437119579
 0.01144228889352366
 0.01145589833947169
 0.01106682953120653
 0.01344645815060361
 0.01127493556581788
 0.01090268689561249
 0.0114109018362047
 0.01119298312321858
 0.01175009648677423
 0.01040649965036371
 0.01033958372515461
 0.009453345045503169
 0.0105297201669134
 0.01207774170448193
 0.009898640899333394
 0.01004444374148827
 0.010462394525459
 0.01060651063715706
 0.01104276412611304
 0.01038833766456105
 0.01070665326649668
 0.01021101163113151
 0.01125810255589359
 0.01116466989313393
 0.01057969775046813
 0.009899840787400409
 0.01040920003943454
 0.01030139322348178
 0.0122034112291536
 0.01011908580155019
 0.009950237182861022
 0.01013938664213449
 0.01047546568533951
 0.01179572237971641
 0.01045903881165297
 0.01049762054791112
 0.01101371318128752
 0.01048297472419966
 0.01129550377747693
 0.01057815256119459
 0.009939615999024468
 0.01076826106988903
 0.01156726441557299
 0.01161482621516441
 0.01042595286859243
 0.01070408205126529
 0.0104256474009379
 0.009654049777146768
 0.01191701433607755
 0.01130052947561905
 0.01000797485112499
 0.01023333944534984
 0.01093189228225953
 0.01132310840284942
 0.01037305841085718
 0.01065327893324178
 0.01051867172327965
 0.01047467741351594
 0.01268114799644112
 0.01043980382244518
 0.01086927305286626
 0.01081211747911635
 0.01025029316227526
 0.01289948940119409
 0.009630869615447887
 0.01069112699853568
 0.01047986993270155
 0.01010581157908864
 0.01212067697837695
 0.01115496165808847
 0.01119766443739411
 0.01077501675559519
 0.01074432701408576
 0.01175787572825264
 0.01107219980451098
 0.01075466468296452
 0.01117071956327883
 0.01027023645101799
 0.01237986972875285
 0.01080196848883954
 0.01034303116607867
 0.0106604520798067
 0.01045497865885899
 0.0113345522966607
 0.0112161028407522
 0.01054525797810722
 0.01060058372691078
 0.01035196107028202
 0.01230226465650046
 0.01094726974882736
 0.01108921837948594
 0.01169801352439072
 0.01044394426539443
 0.01286065874923524
 0.01097559182588238
 0.01071352033269237
 0.01113760643150312
 0.0111259918790635
 0.01286682636093951
 0.01106387582376277
 0.01102831339090464
 0.0113954760216613
 0.01058943707383096
 0.01267547557468333
 0.01139839942927234
 0.01202313060160437
 0.01118763252466377
 0.01176318938093772
 0.01315165003547316
 0.01092859117171479
 0.01160329322731265
 0.01096355187185083
 0.01113384644192468
 0.01321631684989592
 0.01177114105204243
 0.01198381105517173
 0.0117702193880268
 0.01185185608933168
 0.01292219489060077
 0.01168557343207709
 0.01189451897653155
 0.01084924917228811
 0.01145909012916568
 0.01513572416694389
 0.0115844399638851
 0.01192896135248908
 0.01229977323339786
 0.01248006827686541
 0.01352039269787571
 0.01209974479487084
 0.0121946891334692
 0.01197997040525578
 0.01193504289950175
 0.01467009204012813
 0.01218893698808941
 0.01234437033182622
 0.01276551467405905
 0.0125824086149831
 0.01453360150371127
 0.01238739357562672
 0.01251898343135451
 0.01211691343001957
 0.01232428338100953
 0.01498189369882552
 0.01219995643794901
 0.01226673548980032
 0.01309238679694436
 0.01206085772778691
 0.01349691280496523
 0.01242956537534374
 0.01214878975740995
 0.01252391700405619
 0.01299323166473593
 0.01440554627320594
 0.01256239992775782
 0.01295815442153792
 0.01258929683022164
 0.01198557765228287
 0.01503643857780884
 0.01287900887357354
 0.01266594931639949
 0.01304938014556232
 0.01311638328651733
 0.01456236849931229
 0.0128810479848782
 0.01320257265092348
 0.01319854475747604
 0.0134252888797232
 0.01498154980827552
 0.01298364042964104
 0.0133154610587691
 0.01301122258444068
 0.01327069540279273
 0.0150706597368879
 0.01303606340493401
 0.01293376800464414
 0.01290241459084758
 0.01299078504413251
 0.01526174488502591
 0.01324446997047153
 0.01298960637765744
 0.01338573167317592
 0.01272282558499647
 0.01415774437308855
 0.01325248132554431
 0.01342686807159688
 0.01320601274095003
 0.01365909705909815
 0.01468370339047514
 0.01300850447573903
 0.01357231079297253
 0.01324921240355791
 0.01315235621314395
 0.01500182179837248
 0.013087067640258
 0.01385422821821831
 0.01342016415369133
 0.01363741242043776
 0.01610793697315236
 0.01307493327387673
 0.01386556078114072
 0.01339089371678049
 0.01342365463037563
 0.0148143905067727
 0.01349057759712169
 0.01327193308260952
 0.01319063064661949
 0.01361903885104123
 0.01462110627108484
 0.01381680821406043
 0.01363612539894335
 0.01351595086192157
 0.01347308518303562
 0.01470609358291263
 0.01309165513955048
 0.0140112981356982
 0.0130453620715414
 0.01342054058586234
 0.01557646076023089
 0.0135308614287045
 0.01397721566212059
 0.01348589631579799
 0.01341247160555265
 0.01489528933783786
 0.01333924207129269
 0.01407713361168593
 0.01342670990464736
 0.01355332443217975
 0.01479921627988577
 0.01320511983871853
 0.01313331844664927
 0.0138200743536287
 0.01280027095097436
 0.01389046019654844
 0.01309871861429991
 0.01344051974530702
 0.01357422213878184
 0.01273591070284015
 0.01382985603719832
 0.01312277890174442
 0.01312645317634316
 0.01323528658025514
 0.01299352160305561
 0.01420713377169106
 0.01294961859072913
 0.01274792367841302
 0.01270748416672542
 0.01308110097828441
 0.01412933932302967
 0.01284407564051872
 0.01334521282010783
 0.01335285267300178
 0.01294747452471747
 0.0141023973553029
 0.01295551436549266
 0.01335427181168678
 0.01316492805705278
