# Created by Octave 4.0.0, Sat Feb 26 13:07:51 2022 EET <li9i@spell>
# name: mean_trajectory_errors_amcl_i
# type: matrix
# rows: 2031
# columns: 1
 0.05047821170635731
 0.05293529418823065
 0.01408186296101238
 0.03543091333100828
 0.02614625559715636
 0.03693730553326526
 0.01459140790812782
 0.01863783125446153
 0.008023829781121211
 0.02383093211712532
 0.01397337513285598
 0.006959530278315787
 0.01220947716153173
 0.01200708771375147
 0.008162461290206077
 0.004832485178601794
 0.005830941537330683
 0.009897670279214328
 0.008326093313194147
 0.008729763158800785
 0.01313197091426192
 0.01224909788794301
 0.0087844683227887
 0.01004395252239216
 0.006380197899786272
 0.01178452848500879
 0.012386749821805
 0.008472018910436531
 0.006360594296616356
 0.01390517913813318
 0.01036288911269221
 0.009666883647092528
 0.0101448077193446
 0.009700002488166319
 0.01018096765679191
 0.01181222622115092
 0.009374511647366612
 0.01031569390014696
 0.009469427593960647
 0.01053185469997226
 0.0111876182902435
 0.009934802790859376
 0.008769300375236801
 0.009448615236370094
 0.009784894018474133
 0.01253616308323863
 0.009571044875567347
 0.009908359921895815
 0.01132191406780842
 0.00979424520160555
 0.0115214572267862
 0.01127011386138259
 0.01261377839639208
 0.01086331908948442
 0.009995194740359092
 0.01088002545250457
 0.01106263992753752
 0.01176896570377178
 0.01022891081953396
 0.009173068746523795
 0.01133335104077858
 0.01220406649017762
 0.01101403748035838
 0.0103185056511195
 0.01139611431231431
 0.01227853769530424
 0.01092714204583674
 0.01059745596688098
 0.01344947484702308
 0.01144325252960545
 0.01051393314775078
 0.01154109376395211
 0.0117847562830197
 0.01169726219191847
 0.01352212124287193
 0.009909703534344649
 0.01128247630418639
 0.01281298481520405
 0.01251118648893406
 0.01143899595106167
 0.01142755362578889
 0.01171427710630586
 0.01110605040615908
 0.01048399695222146
 0.01129270315810754
 0.01128860374053856
 0.01119096819228958
 0.01029858914038843
 0.01111950404776349
 0.0116158376086101
 0.01232671835407403
 0.009258735235578604
 0.01129103666753493
 0.01100659573658936
 0.01008207257000681
 0.01049811952419897
 0.01077463816386622
 0.0111978878733996
 0.01082648031647414
 0.0100500091293474
 0.01226914638471662
 0.01204177111858971
 0.009096115960914041
 0.01043859616850024
 0.01258218361277102
 0.01246017616779599
 0.01162616683060502
 0.0111268446297733
 0.01232272350788151
 0.01131224697357599
 0.01132247356439606
 0.01111755847460606
 0.01004557648588649
 0.01122367425097523
 0.01023643270603882
 0.01096942842748097
 0.0113049271335599
 0.0114098116641534
 0.01206309629541536
 0.01124352692577871
 0.01283125789435469
 0.01152334231234295
 0.01139247996617208
 0.01128544340016418
 0.01312025502714403
 0.01067724247143004
 0.01105301676177068
 0.01148508844392205
 0.01344689010501555
 0.01262637892140001
 0.0129569787688332
 0.0118043275415323
 0.01247344193271958
 0.01176918327969248
 0.01136550235370616
 0.01191859820243631
 0.01258388019625212
 0.01231215393112882
 0.01241750939725155
 0.01318442038869522
 0.01278389687108514
 0.01221462421025765
 0.01206766731082606
 0.01224972258412512
 0.01327558407648563
 0.01211431176905749
 0.01235669059117576
 0.01198501733251246
 0.01290760163517909
 0.01129449055845283
 0.0110047354854927
 0.0115993673139012
 0.01166391867667669
 0.01148844259645665
 0.01090229609074035
 0.01231084471482393
 0.01121561936925374
 0.01103692332830373
 0.01039575128753003
 0.01067603707149945
 0.01173364640145385
 0.01133233303812265
 0.0120056198034896
 0.01219087093035285
 0.01099583797737302
 0.01160237867237577
 0.01113304278566634
 0.01241452702948225
 0.01146859403127996
 0.01105287429373621
 0.01125352795730939
 0.01100353079602418
 0.01144491427465264
 0.01136989760706792
 0.01101953806327495
 0.01079849291659398
 0.01165499699679393
 0.01117989663657441
 0.01201006572537278
 0.01170585915069107
 0.01175192109622071
 0.01181737580764338
 0.01116710009074454
 0.01208508201459774
 0.01124147015595709
 0.01099650034380158
 0.01207393122985617
 0.01286048450591402
 0.0115574958160544
 0.01242307733363114
 0.01169697295444779
 0.01195164747413511
 0.0117920548779606
 0.01138571280855343
 0.01145311634767201
 0.01175972708239574
 0.01136821261217539
 0.01232516519195457
 0.01143658409430774
 0.01244599098029509
 0.01231180544833356
 0.01189815306568045
 0.01160771373295066
 0.01230844070784183
 0.01257944136343656
 0.01129605950376091
 0.0121518011823586
 0.01251448997817444
 0.01224559253594347
 0.01160369753453109
 0.01130786773200743
 0.01176713249823414
 0.01268563270873236
 0.01113843124364157
 0.01190849498775881
 0.01268071226555826
 0.01169699156240664
 0.01162960740450724
 0.01147168915798059
 0.01138633690983416
 0.01234589753282802
 0.01196463627592975
 0.01143787857991676
 0.01094591337918399
 0.011897314691972
 0.01059458265456325
 0.01076654318493292
 0.01142997866294546
 0.01179932289093189
 0.01064420126751294
 0.01100474834669426
 0.01068441828488215
 0.01202987669258585
 0.01148107590118867
 0.01143885722507623
 0.01207755730599383
 0.01125552425008939
 0.01104274936433634
 0.01139647432126262
 0.0118448894026844
 0.01159471547881406
 0.01098732525633296
 0.01116396027591591
 0.01170725166944793
 0.0119771540624343
 0.01114952920800056
 0.01049550021677144
 0.01157045211574844
 0.01056570635581096
 0.01120733734905494
 0.01155440258638143
 0.01033922502680437
 0.01163465483997877
 0.01106320362539831
 0.01030700522332663
 0.01020586648748173
 0.00924222779615954
 0.009766422951917262
 0.01027024551700719
 0.009221910739669799
 0.007880250433481683
 0.008782991821969344
 0.008875838449856465
 0.007638834058715829
 0.008321847690950245
 0.008576740554129434
 0.008921905438298794
 0.007941494239934611
 0.007685384948803014
 0.008962258693701755
 0.01000190532082344
 0.008189778656294652
 0.008444508962612136
 0.008134507707389714
 0.008794006438769044
 0.009357728196749964
 0.008015915247723047
 0.008251720896697777
 0.008470403911389136
 0.007974906051115518
 0.009194999770822134
 0.007712596939676417
 0.008400446132914815
 0.009210449876591271
 0.008514136369219692
 0.008330231196897514
 0.00843249398581877
 0.009446984207927868
 0.007353279046116847
 0.007380827809514306
 0.008226564365426191
 0.009413983031233225
 0.008612335466708358
 0.008232541537705463
 0.008150510688520126
 0.009055810639707139
 0.008592229886749521
 0.007899958716467686
 0.007707347376846173
 0.008190477939887152
 0.008448739310529208
 0.008038943610001143
 0.008073839575932136
 0.008437612244354019
 0.008263478389878622
 0.008679825791759091
 0.007280013044997318
 0.008215920877125821
 0.008158845132169629
 0.008123673799388394
 0.006681176234737388
 0.007146184701110152
 0.008372289683043136
 0.008913329039697869
 0.007754892355583526
 0.00773545339924232
 0.008378160511176682
 0.00754715821803627
 0.007216802188881345
 0.007824242228332666
 0.008710281335061137
 0.008485891433475284
 0.008280970654353291
 0.007944599895755432
 0.007886848235071629
 0.008879777142558738
 0.00797634945312501
 0.007389948249564641
 0.007513426204525696
 0.00818095094513956
 0.008116304812269381
 0.007858720868150645
 0.008047287805356218
 0.008692544404527916
 0.00853878731896845
 0.008232481944713458
 0.008458922129386152
 0.007636629122510206
 0.008393441326119376
 0.008164497511021884
 0.008193925097470411
 0.00867825706694823
 0.008422134072219978
 0.007796842899158512
 0.007863383608667869
 0.008454497548640342
 0.0081289749314936
 0.008144528269665626
 0.007742079159763676
 0.00846314343013669
 0.007723718841981656
 0.008402612973219502
 0.008000916566096763
 0.008323310354112956
 0.00828196221538181
 0.00889053406795768
 0.008838779261995347
 0.008083503124998965
 0.008329919028930826
 0.008057640976267896
 0.008402372795737011
 0.008423074800453926
 0.008232707105818624
 0.008012405076400105
 0.008658934560213178
 0.008900511733546728
 0.009291727432280308
 0.008652175401090758
 0.009264206006167626
