# Created by Octave 4.0.0, Sat Feb 26 13:13:44 2022 EET <li9i@spell>
# name: mean_trajectory_errors_dft_i
# type: matrix
# rows: 2044
# columns: 1
 0.01025023462080085
 0.007042953790514249
 0.006529336518728169
 0.009068813930178322
 0.009073175558236684
 0.01050647386706267
 0.007460343525548431
 0.009115719580772577
 0.009096873963461679
 0.01026399654175173
 0.007202687175068844
 0.00829569082198732
 0.008544016939838679
 0.008653159941776501
 0.006720362231952549
 0.008084780909053868
 0.007678421245272214
 0.009224752316587662
 0.006762579700527039
 0.007702344333519454
 0.008593464257710463
 0.008657213734277325
 0.007090356325890322
 0.008184723792435412
 0.008471244105711319
 0.009234834940546286
 0.007082440371905407
 0.008389292508056067
 0.008665496782896137
 0.009360252948709414
 0.007773199056252119
 0.008762688702737841
 0.00842848386554443
 0.009127122758812296
 0.007622719324748607
 0.009718547459448659
 0.008727060264394973
 0.009132247773367229
 0.008341669957671246
 0.01008835535783458
 0.009201275692633131
 0.009634635063011338
 0.008353263754328738
 0.01014904136198467
 0.009777233705721214
 0.01013336545217336
 0.008293031725350722
 0.009174600727029372
 0.009968902837738124
 0.009794791591346564
 0.008852384359882485
 0.010199229455195
 0.009610754910888647
 0.010820334532399
 0.008744458569421925
 0.01041538295616544
 0.009894424350380703
 0.009915124075183013
 0.008474683877063788
 0.01067712184051945
 0.01043307497275218
 0.01056146220527226
 0.008604812008099151
 0.01041868139958924
 0.009829023394022286
 0.01081061027444514
 0.009175823458296104
 0.009900264662733697
 0.01035461283126643
 0.01049805981878777
 0.009524766166652224
 0.01127455058204281
 0.01015664941674171
 0.01071835792950689
 0.009538582299788352
 0.01073960100544064
 0.009844831002301553
 0.01059442954331443
 0.009296262456306296
 0.01055737767478976
 0.01025882670525721
 0.01016759348238107
 0.0093062873142004
 0.01053748622194727
 0.01004633120424067
 0.01053538026571121
 0.009432104678793995
 0.01057257093803945
 0.009971884189151303
 0.01038528396304565
 0.009330379334379531
 0.01096213270529522
 0.01001925184755885
 0.01048638608724045
 0.009437470329389443
 0.01052307717632888
 0.009904299376965688
 0.01052253372198972
 0.009219535050756176
 0.01149774136833478
 0.009649842312223735
 0.01053928480611201
 0.009696383078970987
 0.01118734909591789
 0.01026276839014754
 0.01011182578300236
 0.009919253547161689
 0.01106946577721071
 0.01011170825415662
 0.01042703870928533
 0.00997952133212469
 0.01134351071797512
 0.01054217462938882
 0.0105452184682866
 0.009559509103748236
 0.01103948489605606
 0.01090822967317902
 0.01044868196449944
 0.01018516363607853
 0.01158440205988129
 0.01082100803442215
 0.0107953941713487
 0.01008391797392464
 0.01161306695430336
 0.01105927539229918
 0.01068214457386573
 0.01048866141889217
 0.01219980578423012
 0.01150346140907966
 0.01109443798116583
 0.01073866084918067
 0.01168543987630992
 0.0114374913714631
 0.0113011402225061
 0.01111182831742608
 0.01196881310490213
 0.01181092851145359
 0.01057989619964549
 0.01090331257632766
 0.0119346556912032
 0.0119836800561383
 0.01094239351490131
 0.01132829893953665
 0.01181404800095136
 0.01211309800855751
 0.01080370050356898
 0.01148024470008968
 0.01147858629910815
 0.01143308784992429
 0.01122800802256254
 0.01114316100071105
 0.01135122304085195
 0.01135385196126904
 0.01068086793718193
 0.01096163810096185
 0.01134364717384328
 0.01171570149494136
 0.01074316048176255
 0.01113885499104617
 0.01149250476555683
 0.01131622127836837
 0.01075464070144145
 0.01116555671072274
 0.01164389537835679
 0.01176580448752293
 0.01089814371727551
 0.01110591676337566
 0.01157804386002575
 0.01186898900788978
 0.01103291573065306
 0.01128856463936042
 0.01182408692567217
 0.01215916152992482
 0.01112674874417467
 0.01175799619779189
 0.01190280924018338
 0.01199138717994756
 0.01139720228091185
 0.01166375390140292
 0.01193395657612484
 0.01249588737301997
 0.01152546770865711
 0.01170340458049401
 0.01292582804279429
 0.01266969939611061
 0.01216163829745493
 0.01200130752510889
 0.01255799318896017
 0.01266491651009488
 0.01209052952260421
 0.01256677884353879
 0.01283777579994417
 0.01276865010046704
 0.01222629374210193
 0.01234267763705052
 0.01292919998651822
 0.01295973897062646
 0.01235693091519278
 0.01294565408468181
 0.0124373927891632
 0.01310168128268481
 0.01232527289401051
 0.01276790052122834
 0.01248777532329875
 0.01290917690484229
 0.01247918675705688
 0.01262719719116077
 0.01275854593097831
 0.01292406113989998
 0.01276930967962397
 0.01298018288002745
 0.01309014256563612
 0.01322057466782729
 0.0126229619022086
 0.01295463555347381
 0.01284197202276551
 0.01339419883010806
 0.01301432217607428
 0.01271533338416212
 0.01248887028709769
 0.01310894466935624
 0.01330368895256996
 0.01317182826748329
 0.01309497281993673
 0.01330538072871158
 0.01295691503748089
 0.01331426502263385
 0.01254708195635947
 0.01319248870011686
 0.01314599239788423
 0.01286446420570926
 0.01254704827427592
 0.01338091840630834
 0.01280206474157237
 0.01287180491250056
 0.01273219406676156
 0.01349858558013664
 0.01271012705681628
 0.01286439335167608
 0.01274676734184751
 0.01311615311930886
 0.01301235662384996
 0.01293389653388825
 0.01285210046312348
 0.0129325545793556
 0.01315965917995476
 0.01334446162826627
 0.01236383561982654
 0.01259847702094836
 0.01321894054670407
 0.01288043692234334
 0.01213301220795874
 0.01248234651804317
 0.0125939774130977
 0.01339561846239583
 0.0123948112712807
 0.01201341256575897
 0.01143834924833274
 0.01218204606286024
 0.01090726670050497
 0.01082430599735849
 0.01114974022808048
 0.01224776745700875
 0.01151453949117001
 0.01003698298993971
 0.01141693189736602
 0.01199061658486411
 0.01124289720848748
 0.01011990735328544
 0.01088489876794875
 0.01159895954426358
 0.01170442848703787
 0.009755637459877526
 0.01102975854206957
 0.01168043631374605
 0.0117021695435514
 0.0101321981458098
 0.01058800185643737
 0.0110298705938195
 0.01121730879517026
 0.01007958433463007
 0.01037216682966858
 0.0111915683576307
 0.01170542735973516
 0.009732051345341797
 0.01088139977650566
 0.01092125364601651
 0.01168748827541912
 0.009588183580831557
 0.01081452237833607
 0.01128000964044755
 0.01113168645264341
 0.01019969334941032
 0.01092231383970375
 0.01052639227906413
 0.01166243908725562
 0.01040867954090074
 0.01070574095655373
 0.01085777156868433
 0.01157891970049736
 0.009611222115794585
 0.01034252588888247
 0.01149670594184177
 0.0108821836982661
 0.01004016844727165
 0.01047568975718408
 0.01073922913538699
 0.01091552462617944
 0.009917338272372549
 0.01084497752635843
 0.01051390947336222
 0.01050794789578455
 0.0105283542322645
 0.01049250939224023
 0.0108861204287395
 0.01046924557337376
 0.01080799287766875
 0.01011168388504667
 0.01091531076367646
 0.01112780335132817
 0.01074353070280671
 0.01044318954960724
 0.01010715586541591
 0.0110932178417505
 0.01054915071704292
 0.01012075805946441
 0.01073347722459304
 0.01067443590469768
 0.01035030649477473
 0.01044173890585202
 0.01065730422147788
 0.01020736932033509
 0.01086586115925778
 0.01067392893815807
 0.0109626310419149
 0.01077941248169852
 0.01087974932218715
 0.009541864029864887
 0.01111160046081902
 0.01056790652897872
 0.01066688790034952
 0.01095974331103202
 0.01054764560448297
 0.01036186404724287
 0.01112586467600491
 0.01067237597587776
 0.01093106104730149
 0.01090972964105539
 0.01077645113885645
 0.01076436559553729
 0.01043528459267616
 0.01077821473747701
 0.01100345292304809
 0.01080700154869643
 0.0109532597067044
 0.01067334465445244
 0.01113854907623912
 0.01056969472503203
 0.01058380033107203
 0.0107818377873762
 0.01088638109262512
 0.01125389276787105
 0.01063602538334023
 0.01118060428622823
 0.0112263994014923
 0.01152007766746791
 0.01112226786436437
 0.01060942010278012
 0.01057314564029835
 0.01189080243314167
 0.01064825127401091
