# Created by Octave 4.0.0, Sat Feb 26 13:07:51 2022 EET <li9i@spell>
# name: mean_trajectory_errors_dft_i
# type: matrix
# rows: 2029
# columns: 1
 0.00917556289588748
 0.005407766648482904
 0.007102345058296707
 0.008918533406729778
 0.009700600166813133
 0.01020363809476148
 0.007519172002404612
 0.008732734759257428
 0.009100957883545445
 0.009637227529666482
 0.007050048968472028
 0.007639418370505897
 0.008174266994038754
 0.008997616851251229
 0.007409381284621834
 0.007876631400887544
 0.008129793136493747
 0.009372492169573823
 0.00715347341139405
 0.007359423476600308
 0.008641902553997036
 0.008747711594532062
 0.006837213318278729
 0.008122052907991307
 0.008927634910324072
 0.008838536991153773
 0.007615619176971634
 0.008242487520264026
 0.009872471653175939
 0.008543889525031441
 0.008018807423088834
 0.0088896792453571
 0.01009641379577784
 0.008530524103911486
 0.007881209617699909
 0.009260680621276189
 0.01016190241553733
 0.009818557010632185
 0.008759363306961594
 0.009179079581196837
 0.01002743409635167
 0.009912727398540525
 0.009148798518279161
 0.009569202923717246
 0.01083623687325058
 0.0102179251605053
 0.008790711876949457
 0.009442710170221276
 0.01032196928862725
 0.01038635167426132
 0.009051796384361077
 0.01006436704315866
 0.01021672249890596
 0.009449749126140767
 0.008930635432429437
 0.01040187087700211
 0.01043976784896568
 0.01021799579583405
 0.009456727967451698
 0.0103607318458074
 0.01104132224273626
 0.009502278597643325
 0.009608530583065955
 0.0107588673978121
 0.01082590738499018
 0.009770777286837557
 0.009504553274931859
 0.01083232929980405
 0.01104336365938482
 0.01109838598567974
 0.009892236627845007
 0.01067991224453131
 0.01086634280984866
 0.01037563610978024
 0.009764072847395822
 0.01033418261082529
 0.01094368983705785
 0.01087192413473382
 0.009593220499098339
 0.01023783962967148
 0.01046844782087163
 0.01035482879141627
 0.009276310265651537
 0.01038306841958021
 0.0102395507953105
 0.01036662612233584
 0.009947491611861254
 0.01031233516833357
 0.01024072569534697
 0.01023811971631012
 0.009709860407243922
 0.01057474630747528
 0.01025860789325505
 0.01005319379312721
 0.009521423267554039
 0.01062613798153828
 0.01042902958730695
 0.01022640439074851
 0.009665429367565296
 0.01047754186233642
 0.01047936332596935
 0.009603444487889225
 0.01003780968828155
 0.01031918221819032
 0.01087912767210748
 0.01052363537691403
 0.00993840861231143
 0.01068069844734341
 0.01050688802249244
 0.01067639070239399
 0.009926109893953093
 0.01050692061569179
 0.0107223552602875
 0.01011556181843469
 0.01011093248414589
 0.01081039442640758
 0.01101109595474307
 0.01084247781340137
 0.01041292446995559
 0.01106298574416171
 0.01081881263891691
 0.01043671885297942
 0.01077371252646051
 0.01111089238366654
 0.01094766035062452
 0.01096620839943502
 0.01078532635933259
 0.011732219013137
 0.0114931385410065
 0.0116367266360672
 0.01077455235834801
 0.01158888630167086
 0.01116064368586084
 0.01162559543718813
 0.01119492585535339
 0.01165506662673674
 0.01150470406137282
 0.01172289611443361
 0.01140791029998377
 0.01175366011309499
 0.01129118240169489
 0.01199781042149738
 0.01139034992460835
 0.01183233609866026
 0.01138460332382084
 0.01218616037097606
 0.01143605510089998
 0.01163924150377061
 0.0107632838451937
 0.01125454500561878
 0.01140318590906475
 0.01093023640480369
 0.01084838684150829
 0.01132945105297047
 0.01104946551404012
 0.01111796446942795
 0.010892590907462
 0.01122379575006841
 0.01117964297851072
 0.01144757193465958
 0.01093176598507716
 0.01147850665560707
 0.01134553578822153
 0.01105406975358964
 0.01082753732225748
 0.01156062558719672
 0.01125642321580102
 0.01153038660354454
 0.01076905340483937
 0.01149711229994941
 0.01133945761382412
 0.01127125219561865
 0.01148337488108269
 0.01159174768618725
 0.01151722598283058
 0.01172522716048749
 0.01181288195428117
 0.01220731768584821
 0.01214053435942851
 0.01231755345306948
 0.01142913831683231
 0.01235046860158649
 0.0122516206747911
 0.01227019741583621
 0.01195486477940803
 0.01231032999184608
 0.01224006582409702
 0.01236142267122858
 0.01196479793214932
 0.01237897157127048
 0.01254172442546853
 0.01276924573269976
 0.01236811695925441
 0.01231465829451408
 0.01272952586897808
 0.0129680809320771
 0.01239495681476083
 0.01289740384951886
 0.0128717378297468
 0.01325160515813376
 0.01243428967117139
 0.01267895158545958
 0.01281403994529208
 0.01335009220031232
 0.01235114496071825
 0.01236357164944601
 0.01292253403139877
 0.0131332858962726
 0.01215167917666704
 0.01290533408584811
 0.01369261206114058
 0.01310689122057774
 0.01272774198641791
 0.01276418440084821
 0.0130257499397263
 0.01332476113065419
 0.01291214530632936
 0.01276814920808329
 0.01339435466396908
 0.01368535805614858
 0.0127292597566341
 0.01288866029019713
 0.01313536945537984
 0.01326877986787644
 0.01281605159474957
 0.01286216997889801
 0.01346472426893919
 0.01290545582907369
 0.01275964300920074
 0.01291341707840702
 0.01337065984797277
 0.01322376629300926
 0.01290935501700242
 0.01276951158024979
 0.01314119415138532
 0.01328898149154857
 0.01282399898880502
 0.01285848064314228
 0.0137790200314905
 0.01300786220921391
 0.01238713409696764
 0.01261916829994557
 0.0133753253149056
 0.01315480074277863
 0.01244937262020757
 0.01270690461174071
 0.01300918818043707
 0.01289782585751559
 0.01260133019815107
 0.01255316404922792
 0.01295063917726042
 0.01269187324316198
 0.01280263115910183
 0.01296998319338184
 0.01235474727619025
 0.01198999087093593
 0.01204484906579263
 0.01169180351619593
 0.01111315930154349
 0.01099032920066751
 0.01166917506036452
 0.01140784910519546
 0.01052414557290593
 0.01032328695350024
 0.01166241925067079
 0.01143954084607699
 0.01079501889607471
 0.01048361902018875
 0.01059213716659795
 0.01151788976851027
 0.01097907064455658
 0.01093214156519084
 0.01058342390219456
 0.01103878667350708
 0.010648085504533
 0.01092181658769485
 0.01044049644002101
 0.01100826564360563
 0.01085166804028107
 0.0105008393224878
 0.01078808222720907
 0.01112680480540102
 0.01114000372455932
 0.01015314870609267
 0.01092975320723477
 0.01168848659314873
 0.01060148989230551
 0.009988347198580978
 0.01039912251383012
 0.01112504011856406
 0.01097838588016367
 0.01007344478728796
 0.01113585661479723
 0.01094268289813596
 0.01112676022312935
 0.01096551824075878
 0.0102819126380131
 0.0102429864201931
 0.01104322744901635
 0.01067461574280686
 0.01083987276389965
 0.01051576413026044
 0.01063736452548041
 0.01078409826171328
 0.01068113718232717
 0.01021560401484011
 0.01135606588888521
 0.01031507367679343
 0.01033087828597498
 0.01037064344225767
 0.01069763827363105
 0.01102093734681159
 0.0106065949140697
 0.01080786375766852
 0.01074751451762832
 0.01108942077164564
 0.0101579759335244
 0.01083199592189066
 0.01061907681072193
 0.01124379913387793
 0.0101976047747633
 0.01033605071033598
 0.01049573524365209
 0.01142028762607454
 0.009790259808162723
 0.009845592187717793
 0.01013963051966314
 0.01067325124582454
 0.01039365099665386
 0.01042735772212558
 0.0104140613918067
 0.01133435755208405
 0.01066118318170569
 0.01037754802952217
 0.01030394666243526
 0.01141095689040307
 0.01068747204693971
 0.009729894546418795
 0.01067280661674142
 0.01046480254857433
 0.01110761007285766
 0.009861456529198511
 0.0109759223499712
 0.01050663811373037
 0.01111635777339704
 0.009908858193506542
 0.01120131474427081
 0.01003030772470143
 0.01076896922901378
 0.01035538737409359
 0.01106746097941439
 0.01021442032177834
 0.01039933185529687
 0.01101574068741631
 0.01093292189477275
 0.01067386438680187
 0.0105603921456728
 0.01120336686839665
 0.01082811973420158
 0.01068827712685739
 0.01036592515210106
 0.01105774543143434
 0.01062762062692729
 0.01041835242453596
 0.01094894285602128
 0.01204997861199415
 0.01065345853320039
 0.01063538829706016
 0.01114579541816623
 0.01181863280618646
 0.01100550963980668
 0.01059953137557172
