# Created by Octave 4.0.0, Sat Feb 26 13:16:40 2022 EET <li9i@spell>
# name: mean_trajectory_errors_dft_i
# type: matrix
# rows: 1347
# columns: 1
 0.003985319853163882
 0.008904910870164781
 0.009157640676240503
 0.01078897819170651
 0.01128346500598593
 0.010197668464063
 0.0112256087848757
 0.01000535632053827
 0.009643043439237756
 0.009490342271919406
 0.009479121805073185
 0.01046812202974046
 0.01077456152056968
 0.01094774772331363
 0.01235458567454246
 0.01035083934511635
 0.01227757588364165
 0.01143527158204684
 0.01130751269972501
 0.01232561238831605
 0.01074149602674252
 0.01213051268037184
 0.01224038132711567
 0.01201685223734612
 0.01180738101789401
 0.0117161658704098
 0.0122330210856746
 0.01253522281467364
 0.01309237295311076
 0.01216695467858405
 0.01229154883442762
 0.01365124109757829
 0.01318688407158955
 0.01361854731925659
 0.01427927521700966
 0.01392200911490352
 0.0132366609192805
 0.01306291592080637
 0.01328063900646315
 0.01280128369208108
 0.01159854696794122
 0.01243760190441118
 0.01259758855049202
 0.01250698213160919
 0.01267699992600149
 0.01190718422539398
 0.01355527816911408
 0.01223520398025743
 0.0121474571169845
 0.01180960054952107
 0.01251298250745696
 0.01266961246362254
 0.01224549440078625
 0.01184147511243089
 0.01261872329084367
 0.01178183943523285
 0.01325884063558281
 0.01229318062550469
 0.01303245212109543
 0.01338123247525708
 0.01285400387279278
 0.01311572992730712
 0.01334263362752695
 0.01283260737075631
 0.01326332808493734
 0.01360236210912869
 0.0133835868438575
 0.01276839969781536
 0.01374391478476002
 0.01311187488428706
 0.01306093254718168
 0.01323622725778749
 0.01300977929182368
 0.01381330256259362
 0.0135950900710508
 0.0135427095671517
 0.01368420803013921
 0.01378037964734491
 0.01305381249468914
 0.01340743680967657
 0.01349200847248587
 0.01336804607513019
 0.01358302028152383
 0.01389670053484693
 0.01338565121676383
 0.01373362501151255
 0.01428460704620789
 0.01365917633749664
 0.01406619134281779
 0.01395046469324551
 0.01354147150977825
 0.01418866748166997
 0.01419328079082868
 0.01337455240160093
 0.01355427473427679
 0.01372336404138821
 0.0131452586076626
 0.01351600409754436
 0.01361856291591867
 0.01293287698196643
 0.01370173035614209
 0.01351528552733796
 0.01314235424876524
 0.01333569558534554
 0.01326708065861243
 0.01297638019406863
 0.01342409690346908
 0.01284356852093806
 0.01256669202395057
 0.01236457369804583
 0.01263326440489515
 0.01197241813149055
 0.01255278522443178
 0.01237197026852355
 0.01233563580540416
 0.01189886638747266
 0.01209168349068666
 0.01124891935286127
 0.01135318359149998
 0.01122013062143533
 0.01128578149303253
 0.01127654905704683
 0.01186405459055393
 0.01072991037108159
 0.01070156870700746
 0.01034300860351539
 0.01003300524118522
 0.01134966990693494
 0.01099521590882158
 0.0105619438540137
 0.01057146895697953
 0.01010356865519213
 0.01028688473485926
 0.01111280420332507
 0.01043212046587363
 0.01048068983086812
 0.01046664509739392
 0.01110400780019598
 0.01053974452627284
 0.01040555749514788
 0.01098219095460969
 0.01045699838238756
 0.009597072822953613
 0.01162109433881454
 0.0101357956263493
 0.01038935832468376
 0.01090958809742839
 0.01065180445501871
 0.009176771386774576
 0.01126547097958305
 0.01124083239407788
 0.009203155323057188
 0.01052842681834916
 0.01039240861556178
 0.01043467650058937
 0.01111045067516466
 0.01113366493500384
 0.01061633456441714
 0.01140267011230473
 0.01069505404203855
 0.01062117327635419
 0.01026788935985399
 0.01060787441914231
 0.01096259940378562
 0.0107345095614259
 0.01040579074204369
 0.01037501999013235
 0.01016396301934401
 0.009990987676927339
 0.01014359069658955
 0.01107064090496104
 0.01004609329145489
 0.01039194542273715
 0.01130529090793596
 0.01058721125714563
 0.01084857462161281
 0.01036645199776272
 0.01064701547283656
 0.01080774723811192
 0.01147528645843014
 0.01024161646628787
 0.01035059824691035
 0.01036747077999613
 0.01029472324609626
 0.01069642269520312
 0.01124466990872474
 0.01041288081616033
 0.01068837290602526
 0.01152845751864684
 0.01000337160547677
 0.01079526423443716
 0.01095396635079622
 0.01040339983460231
 0.01123581348577916
 0.01089614681022095
 0.01110915726167764
 0.01060131447182861
 0.01062545467170928
 0.01101285069694499
 0.01019260720469549
 0.01012792040145235
 0.0113106212370026
 0.009983317297721332
 0.01009236471034658
 0.01098186506730691
 0.01101507827889932
 0.01044925330155372
 0.01185623618623496
 0.01097754057351872
 0.01117593062007278
 0.01156523942852594
 0.01145242263924604
 0.0111942447464429
 0.0106677442629148
 0.01133874577923454
 0.01154299588686308
 0.01125982125228046
 0.01159553475165726
 0.01137867022256322
 0.01114342278157474
 0.01164400854758162
 0.01155360113085872
 0.01073123795140005
 0.01207779282249762
 0.01187101079322778
 0.01102701022221612
 0.01208452952754198
 0.01178568169968395
 0.01086278245812045
 0.0118352680824619
 0.01199795349967078
 0.01150758138119717
 0.01299023742204559
 0.01247041870222916
 0.01225753256094569
 0.01271436908310165
 0.01341676751972424
 0.01180603650435139
 0.01210406164946696
 0.01279533154393791
 0.01238677710197486
 0.0124447470598853
 0.01324132214864004
 0.01216294728476359
 0.01300492582350425
 0.01327706793267879
 0.01187286602868087
 0.0136626074357251
 0.01329518881833843
 0.01308757021055347
 0.01387746245422647
 0.01306739126442497
 0.01314164893752384
 0.01397356406969439
 0.01374919655237205
 0.01295226494594589
 0.01304759403705735
 0.01394868198384359
 0.01299324058815409
 0.01290265128765772
 0.01342640950724968
 0.01273282260093799
 0.01337371291974426
 0.01354973880676531
 0.01285397208721122
 0.01332001629981091
 0.0132725692427017
 0.01309874599849081
 0.01302389679067816
 0.01409725407001125
 0.01291765360264747
 0.01325892120590941
 0.01420524685150769
 0.01358679880617085
 0.01334197591871367
 0.01377576568558649
 0.01297460353109174
 0.01359359276742342
 0.01364670264886693
 0.01295169740250792
 0.01460837432163086
 0.0144186987599321
 0.01359103678665188
 0.01411632225007794
 0.01393369045259439
 0.01408918832403664
 0.01453098561980208
 0.01359787806484059
 0.01301352411282913
 0.01403696458247936
 0.01460725103728695
 0.01259285542333041
 0.01413649332966561
 0.01485970005606131
 0.01236972187904274
 0.01453927018470749
 0.01396549047646073
 0.01324362132012258
 0.01378607914415512
 0.01377228562415888
 0.01426089373390781
 0.01419046643233016
 0.01457417545234069
 0.01435057715767774
 0.01364322604011861
 0.01479999081864911
 0.01308580789348559
 0.0139776145927907
 0.01391440095110734
 0.01315856925813088
 0.01467255024296294
 0.01348315998746912
 0.01375815421961999
 0.01450502088579153
 0.01313942042652032
 0.01412535363500189
 0.0147117784456404
 0.01350866083956568
 0.01383613425781324
 0.01479642867027529
 0.01387111529658484
 0.01449526216528255
 0.0144979512846757
 0.0140482122225082
 0.01432621741810861
 0.01451759015331749
 0.01408292865796559
 0.0138567879572581
 0.01432106764119337
 0.01409836212160713
 0.01458644825186669
 0.01422651902230362
 0.01377768575954284
 0.01403447394685701
 0.01410620896386809
 0.01361337386057514
 0.01356290792564487
 0.01378835677797024
 0.01396080768273387
 0.01300629046466093
 0.01398283416002767
 0.01319542164805715
 0.01347484664612663
 0.0140574239269453
 0.01355410596379512
 0.01413868604515511
 0.01361206396998672
 0.01327444240915431
 0.01352432931291805
 0.01299420848894855
 0.01369077174780261
 0.01381960259909673
 0.01312460810035433
 0.01358770517562181
 0.01391589764071659
 0.01261327594635884
 0.01338562809575514
 0.01308436597658304
 0.01341202422835914
 0.01337808186756914
 0.01372637015918379
 0.01331589202742701
 0.01325281748072787
 0.01376438852524822
 0.01328689449335997
 0.0136182705362084
 0.01399603695117184
 0.01388514932525572
 0.01400357429898793
 0.01438323215973514
 0.01474554483590759
 0.01450157107460073
 0.01423276478831046
 0.01438475568424466
