# Created by Octave 4.0.0, Sat Feb 26 13:13:44 2022 EET <li9i@spell>
# name: mean_trajectory_errors_amcl_i
# type: matrix
# rows: 2046
# columns: 1
 0.0396428105374487
 0.05930537444272493
 0.01390578258781338
 0.04039206889157151
 0.04053384764969944
 0.04194082650117421
 0.01229698413022189
 0.006284846635136301
 0.03822379349615039
 0.02342309602583276
 0.01714389384498272
 0.02266331428406902
 0.00744721814439147
 0.01393893086964773
 0.006507175926494408
 0.009837549841732218
 0.0106517208996984
 0.006573405983049409
 0.009914180102961289
 0.006020404655272138
 0.00870609004748512
 0.01255867593521594
 0.00701995832257316
 0.00703154374272578
 0.01080917265836529
 0.007601282026933625
 0.009254821644284239
 0.006382807229317019
 0.007003469478251304
 0.009985526667817409
 0.004703069504538288
 0.007619127454265735
 0.005549016222065979
 0.006715486512368447
 0.005800561081886087
 0.008072204947055472
 0.004899391051134443
 0.005180854750368682
 0.00487976779332511
 0.00637909734410051
 0.006564292908889328
 0.007082066361941863
 0.006495688628601935
 0.004025751205083035
 0.005151679575469334
 0.004123454560271459
 0.006451011287817352
 0.006216846778531618
 0.006388041412688675
 0.006456212906408959
 0.005775073233513537
 0.005639501974217231
 0.008386287800109627
 0.006513855703441803
 0.006280339829201314
 0.006909744529554724
 0.00691652524755724
 0.007022344594324404
 0.006551862312532151
 0.007054971455087484
 0.008769899737748277
 0.007728285126365496
 0.008580534295615538
 0.008876389775641685
 0.007582994819685503
 0.00880401390314575
 0.009320137088863967
 0.006623404821973957
 0.009354673742690254
 0.00849901180353062
 0.007949940625336141
 0.008381912284238605
 0.008746059244185334
 0.008220209072152642
 0.009699904762369519
 0.006582645136635006
 0.009328317012327156
 0.00834278061968916
 0.008722029193648952
 0.008456644411131371
 0.009473869749601176
 0.009061248843505693
 0.009313732867567924
 0.008065964382665727
 0.009715554155939547
 0.009802242989974225
 0.008032534362646662
 0.007556881262103648
 0.008880529544365629
 0.009278712774224419
 0.009188001318506965
 0.006809084582287532
 0.008234130686441922
 0.009035217070731438
 0.008533498274096309
 0.007865467857613289
 0.008880708244733122
 0.008329241348424726
 0.009188576364638613
 0.008870108332214259
 0.01074355629125661
 0.009509287441006173
 0.008471966139312894
 0.008997578387818469
 0.01053833688640537
 0.00994942257355709
 0.01018158138018205
 0.00967509578919476
 0.01096015517706484
 0.01009402758231516
 0.009521429500589894
 0.009822498156065127
 0.009697432932321186
 0.009634064725396843
 0.00999869996959782
 0.009474572550718607
 0.0100019902568466
 0.009818972159546272
 0.01126242271121334
 0.01049640665062747
 0.01085248804075171
 0.01003471232304448
 0.01144049091217367
 0.01016887713493781
 0.01139774974729499
 0.009563398860775996
 0.0106989125681993
 0.01078394485630804
 0.01218163358225519
 0.01109222174364735
 0.01173667779210702
 0.01059073950794856
 0.01098561209465163
 0.01136943527295483
 0.01114720951994102
 0.01059819603284184
 0.01172335050355066
 0.01104959856201009
 0.01103973142303436
 0.01172217579650208
 0.01193895989180228
 0.01223608892566831
 0.01115088867650963
 0.01174010554402918
 0.01248776321018415
 0.01181440399594448
 0.01054824664756326
 0.01092674917800443
 0.01144747838145983
 0.01078984286365738
 0.0107652501953737
 0.01107464504815363
 0.010186520113571
 0.01064067490074504
 0.01030196678648211
 0.01152863251341825
 0.01030850238376559
 0.01061314272813605
 0.009604471651769678
 0.01014800205566895
 0.01068030535427828
 0.01093934187185975
 0.01095853121575526
 0.01111644805781444
 0.0102547281189558
 0.01172410402290306
 0.01099444626561005
 0.0116582005903779
 0.00992251929542172
 0.01078564387001137
 0.01033192701474112
 0.01068835264304549
 0.01104535928641458
 0.01138250681260931
 0.009756187746069482
 0.009967807368069218
 0.01037269655422637
 0.01160527078072392
 0.01086834071680771
 0.01070036033945807
 0.01085490775394439
 0.01112658067948502
 0.01043246600643015
 0.01085493347120237
 0.01031752761316823
 0.01128948450457973
 0.01035486655401954
 0.01237736071536885
 0.01107498886310219
 0.01179095864109002
 0.01047673727438465
 0.01139479401220114
 0.0109395443726266
 0.01147698963743786
 0.01054991530285171
 0.01087005790827659
 0.01101035097992511
 0.0124705695906773
 0.009915613196949079
 0.01154071860172108
 0.01117814403117905
 0.01187981272923559
 0.01050604665403664
 0.01174820290992993
 0.01233208729478432
 0.01056075185987236
 0.01116807522234525
 0.01109984874067883
 0.01100647645749107
 0.01066806607448604
 0.0104690926917019
 0.01106502435676884
 0.0118433028926461
 0.01042945398598402
 0.01063628074347608
 0.01144738250764932
 0.01052261797843885
 0.01087969947750701
 0.0110825072047517
 0.01137799172871573
 0.01113409361163972
 0.01033658799801043
 0.01088961086130546
 0.01047593226714215
 0.009825161827316756
 0.009446626943307168
 0.01004254421751691
 0.01098559193223335
 0.01053939995631502
 0.0100784280107075
 0.01053159712519394
 0.009842817087252072
 0.01150849372719656
 0.01072524552205645
 0.01095570405952564
 0.01150199868224209
 0.01073525611853893
 0.01058835598399484
 0.01107040357629243
 0.0109896714986121
 0.01053424567532982
 0.01022680369745597
 0.01014747425945928
 0.01082803376760063
 0.01131393222740715
 0.0101116067472409
 0.01027221154465313
 0.01184433141188424
 0.01003560964547233
 0.01036871305734794
 0.01143525303025298
 0.01045405937986072
 0.01052669917775111
 0.0105910541261131
 0.0101977701398427
 0.01028135191909544
 0.009827270372950687
 0.009106906822895331
 0.010751217703141
 0.01011973529867436
 0.007761380647146487
 0.008018389339012427
 0.008028903622481735
 0.008536635668371446
 0.009114950017397504
 0.007506492678589367
 0.007663403363976833
 0.008335086735348062
 0.0088546064653292
 0.007966703928177478
 0.008533196808174959
 0.007307063239613487
 0.009104386635964429
 0.007156753170368667
 0.008042662685625207
 0.009971975682329647
 0.0084978322173781
 0.008418556766714699
 0.007832280719585985
 0.007461349014986602
 0.009856986135664336
 0.00754603375646278
 0.007052028039930922
 0.008626403334483165
 0.008762657033980499
 0.007666783944368162
 0.007667298555897911
 0.008505431431241234
 0.008828380994702989
 0.008203033351948368
 0.007297758303769295
 0.009247321092498338
 0.0091338646765042
 0.007979415694049731
 0.008090550478779756
 0.008017292222090595
 0.008902310874386839
 0.008129881461434264
 0.007406681579186717
 0.007137050776607079
 0.009030129029669187
 0.007600681302314857
 0.008638810288907482
 0.008469045050150592
 0.008819238949687216
 0.008286707682432396
 0.00777719109689801
 0.007537736181776258
 0.008129472681909652
 0.007620120562317262
 0.006831990616074888
 0.007469907866294093
 0.007733522864791539
 0.008962151046346003
 0.007434249273001971
 0.008044263816471888
 0.007774062715070883
 0.008069360797864817
 0.007325324440489762
 0.008658538301042219
 0.008559590983262621
 0.008439383619699811
 0.008551041468727115
 0.008102625270303372
 0.007828062845541967
 0.009142622011521641
 0.007851559046408094
 0.008639217648901569
 0.007560610792834287
 0.008280300212470251
 0.00815660947512028
 0.007941583629116842
 0.007769783437275579
 0.00798557673355433
 0.008694684117882828
 0.008916981821298107
 0.00846158644455966
 0.007945216465596374
 0.007545688082547118
 0.00901068447673985
 0.00928062087382521
 0.008109236329259674
 0.008113731678465335
 0.008510928836469544
 0.008448856399470989
 0.008234234790389842
 0.00765711607011606
 0.008078159387410111
 0.008120533436996031
 0.008271353979208206
 0.007690888961694897
 0.008262217279013467
 0.008682856025110368
 0.008932169214030689
 0.008076123403134244
 0.008767606418873143
 0.008601501892265951
 0.008890804846832962
 0.007622318318327235
 0.008031666194692075
 0.008396644476591206
 0.009420912199337592
 0.008068100496880257
 0.008309254181181037
 0.008855087246616513
 0.009123345108597492
