# Created by Octave 4.0.0, Sat Feb 26 13:18:38 2022 EET <li9i@spell>
# name: mean_trajectory_errors_dft_i
# type: matrix
# rows: 1343
# columns: 1
 0.004330152005450115
 0.00932617814128715
 0.008765542563809091
 0.01190599495790815
 0.01091530014304361
 0.01075758349737948
 0.01168664210607504
 0.009667935770809441
 0.01066483818758945
 0.01124137633637109
 0.009505179225908329
 0.01059357959669511
 0.01091719814470582
 0.01259574711819821
 0.01228482221409677
 0.01124858774004667
 0.01179153121762907
 0.01205287845126843
 0.01216278989210242
 0.01185030355378461
 0.01132132063058648
 0.0121267929125927
 0.01169763699837801
 0.01192735890615764
 0.01229271127783333
 0.01251088271772642
 0.01146987825010084
 0.01124392100170924
 0.01243767356645054
 0.01210189705703148
 0.01270301676583365
 0.01243871951496607
 0.01346767511173627
 0.01358117771608778
 0.0133923611011214
 0.01327081753138677
 0.01340503963106685
 0.01304289633653707
 0.01344256051932209
 0.01194872330903467
 0.01261536950255505
 0.01270257726308508
 0.01308379857108927
 0.01233448077136539
 0.01248073331660875
 0.0122690575207046
 0.01250094571505917
 0.01299325300511898
 0.01242065148509233
 0.01278738193577061
 0.01275503887716865
 0.01311237062632146
 0.01282333295885296
 0.01308584888392872
 0.01292649477270412
 0.01187044327740991
 0.01303846213902996
 0.01360796329744584
 0.01331193455204657
 0.01303109919241764
 0.01333396335082031
 0.01281905851244254
 0.01338246948909773
 0.01375307382802169
 0.01345589276005545
 0.01323156518120627
 0.01388674647612854
 0.01328686156545423
 0.0138250563731951
 0.01351597460730766
 0.01330641778948691
 0.01374249824753379
 0.01345692083302071
 0.01322555273550665
 0.01313944032866751
 0.0134557056903891
 0.01315095595229904
 0.01350715752420111
 0.01365975205724298
 0.01367017417577887
 0.0133318206939895
 0.0137639375706108
 0.01332807077295628
 0.01359850677598355
 0.01390668794575598
 0.01374895325803211
 0.01395724415066717
 0.01366927330353465
 0.01345930362469229
 0.01388993706341079
 0.01377599194566798
 0.01354525572473238
 0.01368031629125173
 0.01389780428060636
 0.01354104241514092
 0.01362961442222009
 0.0133594481077873
 0.01288378523962073
 0.01364820333243693
 0.01320310854900194
 0.01346700039312142
 0.01333253755238168
 0.01331377416511246
 0.01317125681472091
 0.01370037261202228
 0.01284285195824316
 0.01345939413080002
 0.01258868026208383
 0.01320415901451741
 0.01246809460942742
 0.01176442374955309
 0.01237949448388329
 0.01238048801743061
 0.0117921598500734
 0.01193517080389962
 0.01266479943787147
 0.01152594473714326
 0.01132144491321719
 0.01243117959878025
 0.01158044217551973
 0.01141712127166669
 0.0115807374762852
 0.01014973895981391
 0.01098821171991273
 0.01173987233130594
 0.01134807029795841
 0.01076827405126727
 0.01084017032682228
 0.01034253136705407
 0.0108468212960875
 0.009929738681326135
 0.01103495979068045
 0.01030381670150615
 0.01072551781158244
 0.01064119847067355
 0.01096260444618864
 0.01029665201448293
 0.01031693471140433
 0.009826914326954454
 0.01054746124766251
 0.01066573298793163
 0.009967105425220784
 0.01155673629531525
 0.01066721151185526
 0.009438215197350308
 0.01146841206901499
 0.01105610329187176
 0.01027087850708011
 0.01111176651454701
 0.01045451714566282
 0.01079254092252604
 0.01090426550683689
 0.01055436213712702
 0.01039745476202715
 0.01068447642700598
 0.01089011704992264
 0.01079065151962691
 0.01067668433092816
 0.01060937203701496
 0.01059533068399379
 0.01096268879656704
 0.01005757602576446
 0.01069578290460687
 0.01036501533150019
 0.01017725064487546
 0.01044623687364218
 0.009735866551519231
 0.009800721831672932
 0.01024025079015897
 0.01072142346743702
 0.01046343660312734
 0.01042463699472924
 0.01116414995685628
 0.01051045252342796
 0.009957979623939144
 0.0104687221920871
 0.009569894461664234
 0.01003027939590361
 0.01083548153682701
 0.009675454639447937
 0.01052990510185031
 0.01088347078796746
 0.01069739861688292
 0.01077072856485654
 0.01024353745791032
 0.01038766146612122
 0.009970963614915391
 0.00976269695743129
 0.01095843394506366
 0.01009529240852202
 0.01110431108142094
 0.0106701364386808
 0.01091858044379915
 0.01062515319260256
 0.01026974237148866
 0.0105874744963806
 0.01020853964282157
 0.0108805504918723
 0.01035345918351477
 0.01058807890148057
 0.01138277111595786
 0.01091747707523378
 0.01074549981877396
 0.01154701721486622
 0.01103927924595748
 0.0102443291405803
 0.01162822928696355
 0.0108093696399585
 0.01111692874563968
 0.01170251793052299
 0.01183549622326981
 0.01003713160806033
 0.0118814763610503
 0.01111984599537654
 0.01059027669077363
 0.01101179298417827
 0.01084501279660197
 0.01174309291004157
 0.01137436809264141
 0.01099976258838992
 0.011701693235695
 0.01091361474048883
 0.01165125308172793
 0.01201277840371987
 0.01104613145330531
 0.01173893414474449
 0.01187516180212628
 0.01196222805140384
 0.01212607391222387
 0.0118157057524682
 0.01194605577776416
 0.01214188081837781
 0.01111703609214708
 0.01254514251161297
 0.01185897471333112
 0.01195052013528804
 0.01217489638637767
 0.01214408393090804
 0.01238047406049125
 0.01226052960493261
 0.01247735640649903
 0.01251243117437353
 0.0125729644503836
 0.01252613165064765
 0.01235801323720376
 0.01272787786341096
 0.01304357065539419
 0.01232394664712502
 0.01253346655302408
 0.01278695296354607
 0.01248029685471781
 0.0124401719030404
 0.01286336730123801
 0.01314845712555025
 0.01300618180066089
 0.01304918479055596
 0.0132932134146392
 0.01285145713536588
 0.01271300407826654
 0.01241137860856102
 0.01355226786535632
 0.01315214848669465
 0.01356608578031235
 0.01351098506019504
 0.01300055489726867
 0.01364981943829184
 0.01332513382440616
 0.01302555588112688
 0.01346940834941374
 0.01336971502302516
 0.01285612474949527
 0.01335560268201248
 0.01413043274335099
 0.01305625217807141
 0.01260883980928338
 0.0140674859567317
 0.01354744861326658
 0.01356150906928366
 0.0137789012337483
 0.01299380242849839
 0.01335094623327236
 0.01424634993417958
 0.01320662371400874
 0.01333772694914513
 0.01423887979872634
 0.01331239892004745
 0.01350519079665363
 0.01448339890598495
 0.01378098173544801
 0.01342592378842118
 0.01437576382575304
 0.01337719596594227
 0.01382922318522837
 0.01487801069255341
 0.01312108941554877
 0.0138288000420661
 0.01504607997961006
 0.01324910982530194
 0.01387934626819406
 0.01407687004630769
 0.01313275570694281
 0.01418549089618058
 0.01403467689551074
 0.01391663712799577
 0.01367179324163676
 0.01426315853983063
 0.01359401112685179
 0.01427849175602702
 0.01380383800480232
 0.01352518241209959
 0.01467578895936643
 0.01407689878771452
 0.01317975379682426
 0.01471232467586673
 0.01399664846385851
 0.01385336601138761
 0.01412357148710388
 0.01399300386573232
 0.01334271755180767
 0.01390498352726522
 0.01418419919870282
 0.01362707405017837
 0.0142318671362118
 0.01386073573808798
 0.01350950070258412
 0.01422899455349407
 0.01444974276212813
 0.01409565736132426
 0.01439702100477042
 0.01419406021139344
 0.01413591801461782
 0.01423853251467544
 0.01338339544807623
 0.01379388399832425
 0.01384342676505242
 0.01389001343959545
 0.01461141391563378
 0.01376584930693841
 0.01341489715684167
 0.01408742271155977
 0.0140505975454722
 0.01300877297942149
 0.01378152620751856
 0.01410986358567442
 0.0134310594059282
 0.01371143680427271
 0.01376580793557146
 0.01286201531803832
 0.01395178115868922
 0.01354998193716508
 0.01293296339764144
 0.01337741462863824
 0.01354289684510076
 0.01260489463572174
 0.0130689884648559
 0.0130163486431562
 0.01297749407350554
 0.01337291901241508
 0.01292406359249574
 0.01306149557601244
 0.01315008390075612
 0.01324158069467253
 0.01363785108767347
 0.01414611937865151
 0.01418545652750552
 0.01439556890866864
 0.0138362146749154
 0.01412065548147774
 0.01462414890561256
 0.01460206414228082
 0.01463996062038513
 0.01502213442850128
 0.0146702983187054
 0.01454286340510317
