# Created by Octave 4.0.0, Sat Feb 26 13:14:43 2022 EET <li9i@spell>
# name: mean_trajectory_errors_amcl_i
# type: matrix
# rows: 1335
# columns: 1
 0.05048713603201294
 0.005983640903759512
 0.01013143953313808
 0.007740994485762431
 0.01152722420828605
 0.009563503412823133
 0.00999922858749424
 0.01114978923514276
 0.01030928948595317
 0.009997369698088163
 0.0105209555490356
 0.01121881392452857
 0.01103413780386261
 0.01180087685360373
 0.01148815893096576
 0.0115355668428967
 0.01086468941416148
 0.01187066936303481
 0.01266450698227101
 0.01152671478300993
 0.01163607640578583
 0.0117958441064716
 0.01223965042953041
 0.01163854605086501
 0.01226625824842865
 0.01167298369851471
 0.0121407004342002
 0.01142477110135581
 0.012397257452122
 0.01189941157763988
 0.01279196827919757
 0.01226690162078165
 0.01313329821640642
 0.01340819660261413
 0.01376533276878344
 0.01476723343578722
 0.01352816581927576
 0.01387158474864672
 0.01313134773261875
 0.01141268099216873
 0.01191616968805064
 0.01066931702035516
 0.01108457089434748
 0.01069482956289293
 0.01128373489457276
 0.01133891120887288
 0.01070059861689546
 0.01059338028351267
 0.0113231591812617
 0.01054910481787249
 0.01097026574704168
 0.01083699034865834
 0.01130436164194118
 0.01121681717080369
 0.01184018246045306
 0.01138969935159201
 0.01129787202526415
 0.01220517523119041
 0.01143396477012634
 0.01197415680735721
 0.0124260703582386
 0.01146133300335356
 0.01205118070382635
 0.01255874023718865
 0.01262607250644674
 0.01246587373797263
 0.01299647394060164
 0.01259803933971025
 0.01237987347720988
 0.01308861674225837
 0.01281981320977883
 0.01274693625307143
 0.0132136177858284
 0.01279165948395155
 0.01269542159794559
 0.01331069131106875
 0.01312993355243516
 0.01261413584430334
 0.01325283583925063
 0.01323815709922113
 0.01301753416561263
 0.01359981337609508
 0.01354462003911221
 0.0136087019318249
 0.01435606675658485
 0.01358816285704904
 0.01365438815901559
 0.01429170357610285
 0.01385675633319374
 0.01342820344250854
 0.01426361473036911
 0.01395120765676396
 0.01357898161919082
 0.01420382425509114
 0.01392501464684869
 0.01412812304133534
 0.01416465369604538
 0.01322031399424549
 0.01371382005466722
 0.01453951552662828
 0.013412921942723
 0.01377660691845257
 0.01414834722018611
 0.01398376618493162
 0.01397281485413515
 0.01412100413450562
 0.0136074532939711
 0.01286277512628822
 0.01394238948600828
 0.01410550186765674
 0.01244497127665695
 0.01364694855486443
 0.01380422075805732
 0.01217003584124969
 0.01294277283785241
 0.01302057261425201
 0.01257575403641944
 0.01240634885087365
 0.01265501486329572
 0.01252978318945608
 0.01167175259506432
 0.01260075531369575
 0.01205551627177568
 0.01159616738058455
 0.01201112050787877
 0.01218139199739404
 0.01150602589332959
 0.01207267793020678
 0.01245592826359833
 0.01170726565042139
 0.01120730839036992
 0.01167051172899502
 0.01184622872431982
 0.01220669700925344
 0.01167207089557715
 0.01089888286179749
 0.01116662641350417
 0.01153823660798586
 0.01180220982152298
 0.0124373690272839
 0.01157622470815679
 0.0117555752207885
 0.01206453396288634
 0.01109367950479021
 0.01128304842135609
 0.01180810384650639
 0.01125484330385964
 0.01151537965038818
 0.01189047117131462
 0.01164365403772252
 0.01200176009694798
 0.01170688187351701
 0.01079852558206789
 0.01154529048595848
 0.01160306608532006
 0.01039367965906592
 0.01289212500488281
 0.01167147592150755
 0.0112374885664578
 0.01229196834996873
 0.01112484678764649
 0.01086997313121106
 0.01204726017021768
 0.01131537381187124
 0.01133459826827423
 0.01211135168867054
 0.01190508527265194
 0.0115904351048219
 0.01140499106259848
 0.0115490559261232
 0.0108555756273782
 0.01221512199143353
 0.0115030470593877
 0.01104954351302531
 0.01208405369306613
 0.01193460783862431
 0.01102248803887853
 0.01090771794870508
 0.01167178593044535
 0.01151624612428323
 0.01087920409642635
 0.01202484774924902
 0.0112948344086801
 0.01087704434699933
 0.01223698931440656
 0.01103799524737097
 0.01118613376670543
 0.01217667798945965
 0.01143003247095681
 0.01064991292725541
 0.01157007931097866
 0.01143704092633047
 0.01159096227136909
 0.01177216871196481
 0.01163787258361432
 0.01169426742043455
 0.01227826792571176
 0.01257809695512339
 0.01189595115624165
 0.01170961509321486
 0.01191244029373087
 0.0122262196166551
 0.01180099602939762
 0.01196619536846383
 0.01119058834642069
 0.01153694590329886
 0.01247338138961926
 0.0117117053183385
 0.0111895439202067
 0.01283508658645789
 0.01271247674358961
 0.01266557567895837
 0.01278151260659023
 0.01261856550574569
 0.01166376727147682
 0.01287245409821885
 0.01238044764594939
 0.01223026739046599
 0.0124575459577056
 0.0118968123689399
 0.01262085457811584
 0.01344189462660819
 0.0128319122681319
 0.01347737400176301
 0.01319231057207697
 0.01317227623684309
 0.01267837870474594
 0.01316854810247335
 0.01311841727287652
 0.01258431712126252
 0.01327198270701198
 0.01252649781282821
 0.01241214351876323
 0.01371103170810276
 0.01269982589979773
 0.01247453533642989
 0.01341351776772427
 0.01303611703749384
 0.01224755163678179
 0.01389599396593919
 0.01344236266146023
 0.01310696100469302
 0.01328725858206441
 0.01343489944501186
 0.01286104629110389
 0.01386901463317732
 0.01377892999232152
 0.01250861585427571
 0.0139846578675371
 0.01385817939090012
 0.01280444301717534
 0.01467942060748022
 0.01416249207500715
 0.01321857087638034
 0.01392070169031142
 0.01447867783035588
 0.01393005446710057
 0.01446670460258367
 0.01426724539672295
 0.01398934245598678
 0.01482891855642047
 0.01437982359006255
 0.01388220262974889
 0.01442984625545216
 0.01342449664263354
 0.01336998407467035
 0.01452127875884749
 0.01383984486512693
 0.01379892879644765
 0.0144563685516013
 0.01424259393551554
 0.01395783457214809
 0.01485151058132491
 0.01352027628817144
 0.01361212704698791
 0.01460519657313932
 0.01371265272639828
 0.01376947112027676
 0.0145871529710889
 0.01392109000556127
 0.01374294600379211
 0.01464029172361217
 0.01376944924616658
 0.0142876927371098
 0.0146736273284867
 0.01414274207409747
 0.01447368807239691
 0.01448514619399469
 0.01459016275785955
 0.01428948494539759
 0.0144451692855278
 0.01395826957768347
 0.01480623774471571
 0.01435663062911604
 0.01450769522713369
 0.01499503691248968
 0.01451038891967458
 0.01553284143640496
 0.01404556015307
 0.01498506988494014
 0.0148040852036713
 0.01412542705394718
 0.0158396578281748
 0.01552930338446354
 0.01430537993743213
 0.0150779442302048
 0.01443636914759426
 0.01487805971786465
 0.01482854945050226
 0.01461706727124141
 0.01441205948379303
 0.01476776393026892
 0.01535269702834093
 0.01400989569315828
 0.01437580822085506
 0.01544849367121417
 0.01427660626482386
 0.01429835138760455
 0.01560338252803657
 0.01393915315777221
 0.0142245688537463
 0.01551627281425609
 0.01456105685928307
 0.01386583707134987
 0.01468041098854098
 0.01436866867259139
 0.01517297800771403
 0.01527733655473398
 0.01449388343376662
 0.01434724752408047
 0.01448036891496516
 0.0140811658106708
 0.01462303007324173
 0.01466206484435793
 0.01372105614904463
 0.01428099663456015
 0.01442474452933886
 0.01397187001689391
 0.0139898143340741
 0.01445402628660795
 0.01409572703242027
 0.01393934964493243
 0.01425163703211787
 0.01427311619036419
 0.01322687213017149
 0.01403860841121667
 0.01383159759315013
 0.01395324830329275
 0.01388077607470679
 0.01377097480932756
 0.01382173979908192
 0.01350391777167886
 0.01385118879398328
 0.01331057369932888
 0.01339564847828728
 0.013578475531927
 0.01386359744703667
 0.01374154424363777
 0.01399663207957325
 0.01381762376748835
 0.01356824979344481
 0.01403844499080253
 0.01370198178661429
 0.01367715979826348
 0.01462267565599751
 0.01360907465546434
 0.01400369261749735
 0.01442345024224553
 0.01425182991525013
 0.01458608743430977
 0.01456283725601398
 0.01433226708654997
 0.01473163681419098
 0.01468094486842819
 0.01436927518983932
