# Created by Octave 4.0.0, Sat Feb 26 13:26:28 2022 EET <li9i@spell>
# name: mean_trajectory_errors_amcl_i
# type: matrix
# rows: 1343
# columns: 1
 0.08273000382300162
 0.02259580342564845
 0.01253776677612786
 0.01017117263035504
 0.01382509597765472
 0.01325550040005628
 0.008482739973169232
 0.008639174792378206
 0.008463807370523652
 0.007108997765908846
 0.007812686509173666
 0.009429142276061833
 0.01060180477036608
 0.01177611957482362
 0.01388173511994282
 0.01225988725465524
 0.01087726211164789
 0.009896995245080746
 0.009724987932992663
 0.01017919889368195
 0.009385415078525394
 0.01060234404511729
 0.01117084333630639
 0.0112307021470094
 0.01074081408532339
 0.01161208052495852
 0.01181367456183328
 0.01101847953000441
 0.01086148833058875
 0.01142539458520368
 0.01135811998113848
 0.01247460310911694
 0.01191302925175238
 0.01241377487008158
 0.01178021818487447
 0.01352021510582088
 0.01295660682642297
 0.01266957285084555
 0.01256031791616755
 0.01206940303661368
 0.01221012261556178
 0.01134604803460529
 0.01063658377819414
 0.01106125560611661
 0.01099154255075755
 0.01196575388731882
 0.0121637118077305
 0.0116693627542167
 0.01101853385960806
 0.01156700971579575
 0.01131140992545964
 0.01183052219339367
 0.01170998393875372
 0.01173513617609961
 0.0123027822472112
 0.01197462307709416
 0.01189849404593688
 0.01200737475415005
 0.0121191531106012
 0.01225678311524929
 0.01230214798965638
 0.01216624539082008
 0.01200632933066537
 0.01187372240940336
 0.01248087696750683
 0.01264659003941556
 0.01250627216471697
 0.01249209242370983
 0.01230143700527798
 0.0124122402593886
 0.01266602374410659
 0.01258432632243131
 0.01237330195686229
 0.01219124796438707
 0.01254876825154806
 0.01305551797323037
 0.01307576189123351
 0.01235964442518546
 0.01274889858379566
 0.01291542245672615
 0.01296130235544354
 0.01321349308632056
 0.01335867430047431
 0.01325485641283773
 0.01363122521506667
 0.01357462155447833
 0.01407794708968067
 0.0140843995201347
 0.01407976139726244
 0.01410789108470426
 0.01361584359179645
 0.01406729324033421
 0.01397675935992456
 0.01408753498448532
 0.01397082892515939
 0.01387173238130255
 0.0140647779334892
 0.01362703223646483
 0.01399376454451139
 0.01377282505366146
 0.01378003846791918
 0.01381111326908647
 0.01405142347651882
 0.01337557435294344
 0.01391439068548683
 0.01396709277971229
 0.01317913533253009
 0.01328549542315135
 0.01424849232576118
 0.01345068377931722
 0.01342438345730628
 0.01305960452745515
 0.01245083148977231
 0.01400246715313521
 0.01301579011124784
 0.01224991822139418
 0.01218577860328422
 0.01221682153936237
 0.01249208180634521
 0.01236471967692165
 0.01272613886384986
 0.0123598053117671
 0.01224972246646442
 0.01295272741485232
 0.01202031605666473
 0.01277026988971015
 0.01196752339265434
 0.01230073095668821
 0.01179848118167956
 0.01173053426656458
 0.0128613553049006
 0.0120239347302721
 0.01179715468411928
 0.01259782283347281
 0.01195828052605465
 0.01191451499694851
 0.0124090655352893
 0.01178033151542186
 0.01234247919765732
 0.01168864851387843
 0.01169690032487934
 0.01183952361968755
 0.01151895315560206
 0.01247146063281743
 0.01208605968470933
 0.01189751772804449
 0.01203205138069855
 0.01152005702516419
 0.01177982082907933
 0.01150561510016371
 0.01250999559599617
 0.01150695921063681
 0.01224213145898085
 0.01260451399732815
 0.0110091124599579
 0.01164593759088757
 0.01196051983885031
 0.01173128167515462
 0.0121099407712608
 0.01203433300549275
 0.01200619953529043
 0.01087175566281988
 0.0120446507033914
 0.01151523632377575
 0.01199122733553846
 0.01095959708434431
 0.01189923939357082
 0.0113290822917079
 0.0116530753714428
 0.01235275092890329
 0.01234007279009739
 0.01317395802207958
 0.01185956251350505
 0.01200878255063692
 0.01195595468005239
 0.0126059204114883
 0.01246688094662599
 0.01142978471403407
 0.01292747576493017
 0.0123601249683718
 0.01186708990479518
 0.01261313065883175
 0.01216438184404429
 0.01202796478444802
 0.01228834791486264
 0.01185212441738565
 0.01118507879734922
 0.01315072776349272
 0.01243397779897619
 0.01262598185838602
 0.01267036127427072
 0.01206756206375849
 0.01242013602497946
 0.01203305390802977
 0.01260639436146996
 0.01164207565594479
 0.01155935780934496
 0.01252413650158151
 0.01248333061126552
 0.01169988873038981
 0.01294673209437367
 0.01272630757371496
 0.01242944451648752
 0.0128126272775213
 0.01274591912869195
 0.01198230779959314
 0.01313208319023763
 0.01323965772311802
 0.01281278421224009
 0.01289112258257645
 0.01238811155820612
 0.01293517179555207
 0.01366583350141845
 0.01315197578457991
 0.01274633914594789
 0.01333155912651018
 0.01327940559696872
 0.01230452091385117
 0.01301387139955841
 0.01225187654093809
 0.01329075074268511
 0.0140216839248018
 0.01325782717959115
 0.01367683942549184
 0.0138984152348367
 0.01296717024758387
 0.0136498107915082
 0.01411095172222823
 0.01363710033721232
 0.0144337180477899
 0.01357139062063097
 0.01319124760088244
 0.0137001076464226
 0.01368579194184078
 0.01357561049791208
 0.01387072153878458
 0.01413621664557757
 0.01384838781827669
 0.01399530787689386
 0.01468470838310174
 0.01343693757922206
 0.01404737433972025
 0.01457066264702117
 0.01400461788870278
 0.01392189079796708
 0.01477461285852777
 0.01467911269205866
 0.01452408611067478
 0.01486060152769449
 0.01445764354979338
 0.0137950061393104
 0.01440483332841729
 0.01404905473727211
 0.01430758708535198
 0.01408407002339913
 0.014711380834339
 0.01446557590299473
 0.01461094405206662
 0.01451431673203558
 0.01436264178280633
 0.01418443806322977
 0.01406668839222612
 0.01442228692174094
 0.01501279963857886
 0.01526755339372909
 0.01397573796541587
 0.01451863062452301
 0.0152662775243536
 0.01475839722724385
 0.01447150343315208
 0.01414668798788927
 0.01430622881749062
 0.01510199203534632
 0.01444061987869276
 0.01493687348706308
 0.01456577306133849
 0.0148337617499326
 0.01433464293406565
 0.01433602512363368
 0.01538801806609175
 0.01445640070747006
 0.01436711937551389
 0.0150251951085722
 0.01479140691648707
 0.01480854915368454
 0.01504701575395346
 0.01487827863244135
 0.01501254639793147
 0.01517232600936062
 0.01519554138339173
 0.01440112277012293
 0.01489748596933805
 0.01476278027497593
 0.01462318209551434
 0.01550042903743488
 0.01488714506751849
 0.01555387425043174
 0.01548577479892972
 0.01489556132501689
 0.01560374374973345
 0.01514478459731695
 0.01480073928289444
 0.01576863877557473
 0.01539900596909296
 0.01516969396496274
 0.01543696610780822
 0.01550480382276115
 0.01604234802187932
 0.01491470766553568
 0.01513426379591302
 0.01554061041994098
 0.01496156245328228
 0.01474448884327914
 0.01558630129507017
 0.01507011316180899
 0.01398910346991972
 0.01485002549952349
 0.01516605228692808
 0.01416822262688762
 0.01500651832927113
 0.01475432928707147
 0.01436137423125739
 0.01466501850777428
 0.01469262886727757
 0.01492716150358314
 0.01428825046673659
 0.01460147491102569
 0.01489357446217996
 0.01458921974220406
 0.01476158087972571
 0.01544489984713838
 0.01418382258002582
 0.01422717072466693
 0.01480092124341731
 0.01408753741151591
 0.01471947092809202
 0.01503418313082611
 0.01430856584058834
 0.01488045527499764
 0.0151079526778559
 0.01478948457972353
 0.01458005984304614
 0.01492884483763358
 0.01528106480382172
 0.01511496944051895
 0.01492021004771029
 0.01484760469334335
 0.0140870411928704
 0.0143657069020863
 0.01463751376529807
 0.01408113134618484
 0.0144725031518463
 0.01446309249921112
 0.01437431833294795
 0.01444516689549487
 0.01369465762157714
 0.01423076211315665
 0.01415743847652775
 0.01437222762730076
 0.01431680063457642
 0.01433075709727575
 0.01408446211026314
 0.01426571778438356
 0.01399278322378758
 0.01362584223324449
 0.01444634819406499
 0.01402431926018833
 0.01421182725639661
 0.01444288366147443
 0.01469057153989795
 0.01468100768606135
 0.01443572564724131
 0.01516971329798362
 0.01499560980739139
 0.01456020679040988
