# Created by Octave 4.0.0, Sat Feb 26 13:28:26 2022 EET <li9i@spell>
# name: mean_trajectory_errors_dft_i
# type: matrix
# rows: 1337
# columns: 1
 0.004173902069812763
 0.01092677604793441
 0.009301054991033803
 0.0124051395525477
 0.01224613903598791
 0.008059534240329885
 0.007627235231601281
 0.007318644547678643
 0.008242173830463256
 0.007916774795232418
 0.009330652350424377
 0.009508912244344537
 0.01052228253384156
 0.01054388149050047
 0.01094708361245204
 0.008597450036283594
 0.008224420398292808
 0.008879287196425611
 0.00963679877184675
 0.009337269611396313
 0.01009963505071254
 0.009815369498041623
 0.009356363629709003
 0.009410312015839535
 0.009865611472318549
 0.01006160895693387
 0.01016229668115835
 0.01046526002791798
 0.0103053102482497
 0.01021103809796285
 0.01073469316646328
 0.01107970357217948
 0.01135607290809165
 0.01188612024320108
 0.0121101418144715
 0.01250672073688051
 0.01274336665787084
 0.0113527208565961
 0.01156131510457463
 0.01098593027443926
 0.01109639906086241
 0.01100608563231911
 0.01127770875403558
 0.01108573231302878
 0.01123183663419816
 0.01294937359596626
 0.01197283052371214
 0.01209481089112425
 0.01201863060132225
 0.01225047521453445
 0.01248846150438875
 0.01226780573265251
 0.01244667343397405
 0.01271462737552292
 0.01244082293166946
 0.01230469441335528
 0.01249259804453539
 0.01280091765328432
 0.0124032044318345
 0.01274775496465237
 0.01265804506972446
 0.01217868651802334
 0.01322098572445544
 0.01277670313177802
 0.01315159548268328
 0.01352952234069219
 0.01293963691383911
 0.01256342462758583
 0.01347190398409547
 0.01295730540357964
 0.01281865904582942
 0.01342153128429461
 0.01288662300081397
 0.01321534334985965
 0.01382539219137384
 0.01320592733485508
 0.01283453985015975
 0.01340687280417426
 0.01307365648222901
 0.0129869063096244
 0.01372600914662027
 0.01294190997699919
 0.01280823273730795
 0.01400780335786308
 0.01344092959975578
 0.01312569801199368
 0.01355526040458211
 0.01302169983945619
 0.01364120886882867
 0.01369545139087368
 0.01302253055373987
 0.01340924190711236
 0.01392327045850835
 0.01318792157925769
 0.01325381289609762
 0.01379597441380197
 0.01363355979833938
 0.0134201995035226
 0.01352334941947646
 0.01331741138581474
 0.01340253483565556
 0.01415682727573304
 0.01264597270058474
 0.01295815570006839
 0.01338341791791402
 0.01233900771523864
 0.01205789758668682
 0.01334980565136922
 0.01293268430682567
 0.01200020029851614
 0.01268633036700933
 0.0125734282380884
 0.01199686393202765
 0.01296812849717779
 0.01198692491217128
 0.01187131289597505
 0.01199167049079508
 0.01258238064442424
 0.01222403798714154
 0.01170069362116767
 0.01075719952238656
 0.01187904355359356
 0.0110226916789294
 0.01169555377716305
 0.01150376056006194
 0.01044250808232775
 0.01118816714435714
 0.01082862899249222
 0.01068926412280248
 0.01050714428712809
 0.01021913023865524
 0.01100670754774386
 0.01031385855098146
 0.009399139958645757
 0.01075647901086049
 0.01027880991770184
 0.01007669609461817
 0.01173053822796284
 0.009915745789961494
 0.009971999653787861
 0.01041604056802687
 0.0107539713616691
 0.0102913385939965
 0.009848508024395431
 0.01058703513428588
 0.01016452537948031
 0.01025151345673493
 0.01003182380893478
 0.01077366180842064
 0.01033531004502034
 0.01123756299945116
 0.01124984049858103
 0.01080880198863225
 0.01233809288054514
 0.01097184191530117
 0.01038539571939307
 0.01156811173874368
 0.01122710122365296
 0.0106784515597185
 0.01047398969466549
 0.0107005763480579
 0.01197646288895833
 0.01076398277523896
 0.01081527401607954
 0.01131284831050898
 0.01139431072287902
 0.01118120752014597
 0.0112055005259758
 0.01084255922211022
 0.01113016560818683
 0.01133106209033896
 0.01203285134757773
 0.01142012666745306
 0.01082714188549365
 0.01181260926770726
 0.01011901179376702
 0.01148097077409356
 0.01162610732661492
 0.01049390908449585
 0.01165048085238449
 0.01143852802394633
 0.01074826486645865
 0.01115449648754904
 0.01219597693057972
 0.01070432278720787
 0.01042613722987214
 0.0115371386978556
 0.01085465605083645
 0.01041228836739883
 0.01045815993496973
 0.0101323384014088
 0.01072915082586981
 0.01047818155724848
 0.01086880342824776
 0.01009071435739688
 0.01004219626882318
 0.01051448423788867
 0.01031029772732986
 0.01060235532243609
 0.01105405818567239
 0.01084246419873583
 0.01119289143894262
 0.0111342327460404
 0.01064557585491714
 0.01039905096428052
 0.01092134211677506
 0.01098049703880404
 0.01097143656672325
 0.01017333759603888
 0.01077042550733454
 0.01164092617874462
 0.01103613703749233
 0.01071281072064883
 0.01138767607798311
 0.01086033356465038
 0.01131852411463455
 0.01135092073143219
 0.01142845554420466
 0.01131781081899297
 0.01207301243622932
 0.01096046488148029
 0.01178044107839303
 0.01238938706973539
 0.01237328016492891
 0.0120295364986258
 0.01171978922833075
 0.01164031538447708
 0.011953690975394
 0.0115642871507358
 0.01165792899555754
 0.01204373503277612
 0.01181766964771218
 0.01173430249546254
 0.01187170185871994
 0.01241525779030563
 0.01171062744412278
 0.01161783207442108
 0.0123227644638905
 0.01179341653089955
 0.01240482150447748
 0.0126568443825031
 0.01197677304238857
 0.01263031875501746
 0.0124455742647131
 0.0125105995364734
 0.01276454734313003
 0.01272810424685701
 0.01233310196010168
 0.01299827326310157
 0.01330361051699482
 0.01361233532085031
 0.01265472812338221
 0.01327246308939577
 0.01317127577189376
 0.01287874375605653
 0.01294722017032289
 0.01334786159100986
 0.01241246601056019
 0.01344485564157915
 0.01284688332017915
 0.01292719362630487
 0.01379040174097335
 0.01264321868551109
 0.01287586657163142
 0.01378495587892447
 0.01324875808393224
 0.01255259013305535
 0.0140583692658241
 0.01297428963368287
 0.01245482697152542
 0.01399931662521055
 0.01331015867058941
 0.01352680721778082
 0.01391329004097736
 0.0135074368447257
 0.01347492349039294
 0.01404091244143417
 0.01329644095896975
 0.01384161050226483
 0.01359936021414338
 0.01368898903369484
 0.01269999063785879
 0.01366260310487635
 0.01405345468759597
 0.01313184822948921
 0.01390719677664247
 0.01387097473437278
 0.01415414740019868
 0.01400257209194164
 0.01284278611253356
 0.01420978057521801
 0.0137815045402833
 0.01374523264448241
 0.01374346730942658
 0.0141852867732715
 0.01369122962519541
 0.01367798860402964
 0.01409836655239227
 0.01430214399398711
 0.01378084743992172
 0.01439812568839092
 0.0137493826141145
 0.01400638035394692
 0.01428059632167467
 0.01399920855894602
 0.01276247501957815
 0.01418362807636218
 0.01427678376828627
 0.01407611153304357
 0.01413878237649843
 0.0142084168508998
 0.01439676861393629
 0.01530394421713322
 0.01456816539077404
 0.01417532667573286
 0.01520075770659758
 0.01477980069986187
 0.01448442626876594
 0.01524963789147477
 0.01532090721709465
 0.01407560950708861
 0.01497997214270356
 0.01506451407441261
 0.01476348856781231
 0.01448811940279378
 0.01456027314839863
 0.01497188769288667
 0.01487926677852546
 0.01459450294970066
 0.0136507545901328
 0.01402783009943502
 0.01417643117323962
 0.01370392768791126
 0.01373087822289043
 0.0136853913291186
 0.01437107250844774
 0.01407056262296987
 0.01378775854487372
 0.01381426481355172
 0.01389797321632072
 0.01396131667563346
 0.01441835584823998
 0.01452406180277026
 0.01460292782859599
 0.01427038040674152
 0.01403143369541966
 0.01463116532777942
 0.01460962197676539
 0.01449695340592494
 0.01475596622455383
 0.01404227424417406
 0.01350666667773591
 0.01383399054915795
 0.01412690140809273
 0.01409481344702009
 0.01319419885956803
 0.0136020139598509
 0.01377858165342724
 0.01363793972373058
 0.01320326395206897
 0.01393983527164051
 0.01381668022143463
 0.0134782365390509
 0.0138322719548724
 0.01424344872876752
 0.01402671148693662
 0.01384928322049976
 0.01449544570689204
 0.01435636986933643
 0.01444316830749296
 0.01445595292893752
 0.01476230787897483
 0.01482029227793593
 0.01508315549043112
