# Created by Octave 4.0.0, Sat Feb 26 13:27:27 2022 EET <li9i@spell>
# name: mean_trajectory_errors_amcl_i
# type: matrix
# rows: 1353
# columns: 1
 0.07735266508855564
 0.01331181914874887
 0.01048774721416285
 0.01031710305016149
 0.01343130371238551
 0.01454723573381519
 0.008576954635342854
 0.008153522503987128
 0.008878139018691014
 0.007772602574305034
 0.009473594388031715
 0.01129243066924637
 0.01080870189894035
 0.01017843167839464
 0.01946358741954803
 0.01086396200890199
 0.01099601418277168
 0.01031926545206432
 0.009306226945431562
 0.01087279449159476
 0.01053250794096079
 0.01134244319597421
 0.01121207889435002
 0.01181427340237919
 0.01193754710071878
 0.010503338978478
 0.0121722652311321
 0.01096914769836413
 0.01242535045295614
 0.01312054722798293
 0.01093544918332803
 0.01216255591727802
 0.01251761355121647
 0.01327589932912786
 0.01354199777205604
 0.01319736766386966
 0.01213527771817569
 0.01154754114034287
 0.01030458215658669
 0.01098479434086565
 0.01005668460178704
 0.009869366793144978
 0.01079999609514175
 0.01063784273483503
 0.01102949137133169
 0.01019423380268981
 0.01018474949837511
 0.01054690439220458
 0.01067386766851132
 0.01130644358463903
 0.01089960198144878
 0.01062389492012909
 0.01076645365560464
 0.0106028044982155
 0.01191910690844679
 0.01091109665016447
 0.011063134497772
 0.0112046714924285
 0.01100927328988616
 0.01171626948121676
 0.01169894954947291
 0.01169641734513311
 0.01177209180944684
 0.01291543224692119
 0.01407976660719554
 0.01459075659834995
 0.01317702322213621
 0.01326092521550145
 0.01303642458707398
 0.01368612385427858
 0.0124181471847677
 0.01298334757948758
 0.01260750719323507
 0.01287886693496955
 0.01368065644578801
 0.01240485304758952
 0.01302875059677932
 0.01285714303208928
 0.0124878084013813
 0.01401494995466061
 0.01261989301992498
 0.01313471728770107
 0.01360350179846896
 0.01309694630357872
 0.01401540309044685
 0.01296073322160531
 0.01310234256962607
 0.01354906546090758
 0.01389204096215429
 0.01443013057480628
 0.01334494723096816
 0.01381214923610693
 0.01385885522372556
 0.01449435285438171
 0.01480303595547416
 0.01316398937704444
 0.01400551836956825
 0.01432850819878077
 0.01392105384658876
 0.0139537787182194
 0.01415574871491808
 0.01356529075808245
 0.01369818364902064
 0.01424872374011882
 0.01515967797755445
 0.01288735749247665
 0.01411908063568671
 0.01382281200840586
 0.01452526248292263
 0.01479946769461195
 0.01318569622377406
 0.01392736162400727
 0.01368351237235485
 0.01376610199792712
 0.01406361769224406
 0.01290759518244265
 0.01308038630498678
 0.01382081221822232
 0.01345865595864011
 0.01516890979138855
 0.01293998925509033
 0.01380593250791958
 0.01361260627982938
 0.01252970896019763
 0.01291399497734326
 0.01150821253819728
 0.01193342133446629
 0.01220165421307606
 0.01246626900206673
 0.01156614972347174
 0.01135302910824382
 0.01280530816078012
 0.01245321964138823
 0.01176982910770839
 0.01274299096351436
 0.01124785225320221
 0.01133918386782734
 0.01278572827622597
 0.01155450712700055
 0.01203177238750629
 0.0110933128721627
 0.01135393584187186
 0.01176541053781943
 0.01261659027413593
 0.01236257409900366
 0.01084832355699938
 0.01181372452588514
 0.01106409612333153
 0.01165011254127697
 0.01134542442425258
 0.01147304995220607
 0.01183588750965787
 0.01234438963342833
 0.01122075682279034
 0.01336601250108293
 0.01125931666456289
 0.01152153685334968
 0.01244152808984005
 0.01253018138245551
 0.01305962698992701
 0.01170265275606404
 0.01107345435913665
 0.01042402089772487
 0.01121834841839139
 0.01215360085477856
 0.01045839311164197
 0.01252820129969938
 0.01241236323977371
 0.01180265755178772
 0.01335136652204464
 0.01084859972096559
 0.0115151452228897
 0.01142304486600568
 0.01146521421688567
 0.01149615636655557
 0.01179765673829375
 0.01229133751361683
 0.01238498997724085
 0.0121312172614754
 0.01189367157307497
 0.01110283478470208
 0.01185476492691126
 0.01164615189766281
 0.01247498343979903
 0.0132717673086735
 0.01247641636079227
 0.01261830572879657
 0.01281847784218032
 0.01338383359859608
 0.01344915420718608
 0.01325804063518145
 0.01384890735816758
 0.01240593736090576
 0.01317387936720814
 0.01499477954971066
 0.01179361103692225
 0.01211103384067327
 0.01279816872786146
 0.01249974025577627
 0.01408897219516584
 0.01203031078243661
 0.01273895897458164
 0.01286907025371908
 0.01220549212957208
 0.01291427415977248
 0.01280314956874481
 0.01295613542792898
 0.01268161546493731
 0.01312457530418107
 0.01230328199854684
 0.01212750963744818
 0.01222727689513091
 0.01201814124493708
 0.01274841102946192
 0.01316950807621173
 0.01121982639028309
 0.01302700093873417
 0.01248642395770977
 0.01273162174612565
 0.01284992538065766
 0.01233765014661394
 0.01307445374329106
 0.0129379387386234
 0.01336077970672346
 0.01361827098295768
 0.01288057854144742
 0.01332530366765138
 0.01222253914810044
 0.01255635607820725
 0.01430205580665147
 0.01095032026132417
 0.01205603851799868
 0.01408468132453354
 0.01275719082650318
 0.01428214116675828
 0.01292827017667223
 0.01337400868472431
 0.01379441655598498
 0.0129725349618184
 0.01407124407029943
 0.01243141747015002
 0.0144394776978153
 0.014264699110011
 0.01368107364115972
 0.01482223758611426
 0.01323205262758232
 0.01325856614424462
 0.01367229465472155
 0.01399689399859893
 0.01468750781217096
 0.01368776040907275
 0.01443469066829509
 0.01390309500176871
 0.01436999868306805
 0.01514907602810436
 0.01266250750643916
 0.01448887843647835
 0.01470917959490481
 0.01434229255428175
 0.0151959051055602
 0.01392919677475403
 0.013875733845966
 0.01416388493203419
 0.01428592628826249
 0.01440668978989704
 0.01356104415514784
 0.01511967541337332
 0.01415084549698345
 0.01439368569754993
 0.01536216573383417
 0.01277097434551308
 0.01442988707639401
 0.01481688743362997
 0.01408012587838793
 0.01479764331917163
 0.01350043225517912
 0.0135256501079307
 0.01409486764716114
 0.01478622695154009
 0.01511963443022953
 0.01389914463674394
 0.01496084113383898
 0.01519493910104531
 0.01406073358209028
 0.01560621857181262
 0.01429187916303402
 0.01452874339059401
 0.01528052542578985
 0.01501579732332343
 0.01631786249078619
 0.01541671629148957
 0.01514581143838801
 0.01556893142886199
 0.0154887955197977
 0.01529255175383432
 0.01421094608973158
 0.01575812756168967
 0.0152433766723956
 0.01471837258952829
 0.01479619169327513
 0.01437439795051103
 0.0150778117799894
 0.01491468834185245
 0.01500002573489806
 0.01531386659898965
 0.01437249728397722
 0.01523036662283374
 0.01594787430612611
 0.01637353435464274
 0.01617425515685934
 0.01460143742884159
 0.01594050272032684
 0.01529916601430377
 0.01684325633482571
 0.01669287262834575
 0.01519049569451544
 0.01633856230597037
 0.01563510519577054
 0.01552921639856239
 0.01664122587104255
 0.01518539220710433
 0.01587668280451907
 0.01564193280637567
 0.01606770651300485
 0.01597462587898051
 0.01465524857625177
 0.01519232667013114
 0.01528904338385178
 0.01483460166418882
 0.0160942421574664
 0.01455690046738492
 0.01488003121824416
 0.01456772611255792
 0.01522308123467439
 0.01570738572139224
 0.01566563187206128
 0.0157462628943364
 0.01468325093068883
 0.01484439162217154
 0.01570886509982417
 0.01466741371766755
 0.01570598522871107
 0.01555806343838548
 0.01482184810273807
 0.015929770722047
 0.01446962913195807
 0.01504537737438368
 0.01514232238796444
 0.01508250738973915
 0.01550190625061574
 0.01451996587888333
 0.01459670456823991
 0.01502964546971927
 0.01493692409464156
 0.01485863162746121
 0.01447355521822222
 0.01424690145015597
 0.01432169187558393
 0.01425226241059008
 0.01454227351111574
 0.01310533363375442
 0.01342857256817524
 0.01408388634883506
 0.01440735153804896
 0.01389265591137065
 0.01421688736053153
 0.01405724964491219
 0.01375190839783712
 0.0144109128463531
 0.01466153376223036
 0.01405240923674902
 0.01479294600543552
 0.0145444608771337
 0.01503074343707334
 0.01530727378545371
