# Created by Octave 4.0.0, Tue Jul 09 11:51:35 2019 EEST <li9i@spell>
# name: mean_errors_xy
# type: matrix
# rows: 1000
# columns: 1
 0.0592804977214088
 0.06179775870521413
 0.06795575993253582
 0.06575417378532582
 0.05842480345991252
 0.06595036565479945
 0.06552405860722192
 0.06101865970006314
 0.06240516015442066
 0.06330812530955321
 0.06249418340964968
 0.06164217378141967
 0.06565263587310992
 0.06594332739228624
 0.06008241336394383
 0.0610819231002752
 0.06187961607989474
 0.0614689665744759
 0.06088275234336917
 0.06477864955674105
 0.06098773144629856
 0.06340672782446069
 0.06170980763257059
 0.06539582183028354
 0.05774582121675474
 0.06376968014187649
 0.05933132236206096
 0.06309385896673149
 0.06483299782633517
 0.06321680320042257
 0.06785837548938781
 0.06579398003698453
 0.06213523682885314
 0.06334968498727039
 0.06267060656277297
 0.06244286338398357
 0.06264418642497156
 0.06619650518447109
 0.0679197866750752
 0.06448508123927553
 0.06246551623576355
 0.06560411654324734
 0.06543934172995068
 0.06375553413756906
 0.06350853311877951
 0.06046737823545206
 0.06484912146085435
 0.0677940718536922
 0.0629937010282539
 0.06621105740905982
 0.06017673259277332
 0.05994417540457438
 0.0672533904379963
 0.06088139680702676
 0.06177653146710686
 0.06815543638090957
 0.06628873242684155
 0.06068913190951029
 0.06005830919447099
 0.06341392946193405
 0.06476102548198634
 0.06578122281596793
 0.06583097782941766
 0.06510569872177815
 0.06464620223377515
 0.06599691565442482
 0.06218725145679493
 0.06573295672490197
 0.06308938125806353
 0.0626979451202148
 0.06558592936520549
 0.06298812927963679
 0.06522125849289115
 0.06749864846827244
 0.06213566874523776
 0.06422901385555876
 0.06418385262307344
 0.06754496058398116
 0.066269175205954
 0.06414615474322567
 0.06212926669141209
 0.06782467754666925
 0.05978393818665778
 0.06651709312709128
 0.06624061269947128
 0.06532778107117411
 0.06272856052075539
 0.06039303177041014
 0.06597074297290907
 0.06570857333896749
 0.06355902466346068
 0.05967871442290839
 0.06521817466192212
 0.06309703868411924
 0.06659518443892466
 0.06297215917368133
 0.06626573045511999
 0.0648515291540027
 0.06636396344725815
 0.06329908985284108
 0.02949408740180929
 0.02992960317284372
 0.03365617781766569
 0.03948271393756328
 0.02957988744929855
 0.03055639995076234
 0.03343599795253819
 0.02948039928116573
 0.02839724716741601
 0.02876891241455304
 0.03117264451981381
 0.03107308518864116
 0.03031955710365839
 0.0316374239477752
 0.0326196683893137
 0.02912556325876565
 0.03935889939925829
 0.02996103744422467
 0.02963644679643243
 0.03088750246779735
 0.03264256868915829
 0.03044531423423744
 0.0312253717765472
 0.03000982579639817
 0.0292301080576377
 0.02977324808186983
 0.03072488754039118
 0.02966706227531907
 0.03482252641516432
 0.02978287170327645
 0.03077186395600405
 0.03067146501769086
 0.03124462164110323
 0.03617831042610867
 0.03030208663601575
 0.0309201880491432
 0.02976883184760841
 0.03128301865754947
 0.03132621492511105
 0.03191299745274211
 0.04120495784096277
 0.029702807772433
 0.0518978498332838
 0.03150587038475326
 0.0330479698443829
 0.0320276280456977
 0.03016675279981355
 0.03746542506399602
 0.0492142945732407
 0.03133068081098033
 0.0298445496395879
 0.0300657127593647
 0.02995382951376799
 0.02920695477596728
 0.02938500684111977
 0.03108771468891134
 0.03131328384563212
 0.02997435104791206
 0.03029736418409084
 0.02997600997100999
 0.03195139260324503
 0.0288936994315323
 0.0300623267476331
 0.031390360600804
 0.0398917732460135
 0.03975864566804639
 0.0311672936498333
 0.02993182689195886
 0.0290777743302934
 0.03177691222485822
 0.03151398127139889
 0.03112474575055434
 0.03103465573530234
 0.03065268210941331
 0.03111852680663363
 0.03154237886459036
 0.02846621731167311
 0.03338430627299686
 0.03056434302321084
 0.03024296234800049
 0.02951462376345846
 0.02932416785589625
 0.03026400659199356
 0.03284135513179386
 0.03296927780334335
 0.03898696312035332
 0.03251510705491812
 0.03002771349534742
 0.03234929682139669
 0.03897313581007469
 0.03114515181863604
 0.03133210374087662
 0.03047866836476247
 0.03177859958199766
 0.03165447174777226
 0.03209429926874282
 0.03274751186105111
 0.02897768362241939
 0.0410142472735768
 0.03122037422057804
 0.06321902894306523
 0.06126155574567126
 0.06794265158388543
 0.06792517064794125
 0.06577325676752929
 0.06134057981482183
 0.06596935277951549
 0.06803094101344369
 0.06324326126145116
 0.06680707939397341
 0.06714905051032893
 0.06808992055427301
 0.06441348049209096
 0.06040810978198954
 0.0636361131936541
 0.06093995678096113
 0.06304801319323348
 0.06545421597771074
 0.06446666950077491
 0.06679839019355809
 0.0692023682038722
 0.06612642051881965
 0.06530802239722378
 0.06631268524656107
 0.06512268184306663
 0.06222864205537367
 0.06082712388336614
 0.06666565810478695
 0.06046291214998897
 0.06738917976801434
 0.06652333213004367
 0.06346282029757347
 0.06301074157420924
 0.06265571488305431
 0.06686115035853021
 0.06574798180201666
 0.06849025447383264
 0.06635563513920149
 0.06448372341199815
 0.06328151495913528
 0.07281845173715285
 0.06536312250898807
 0.06760782714428976
 0.06507737961064872
 0.06154540835423742
 0.06474085100759081
 0.06627192718601876
 0.06402423762637319
 0.06236227850851704
 0.06411346876557741
 0.06516356245949244
 0.0682045772371193
 0.07082136757688574
 0.06416316626554008
 0.066736822874916
 0.0651110815097941
 0.06380373549210877
 0.06185433611541468
 0.06680052034555159
 0.06411054168638421
 0.06321618440810223
 0.06680378138665122
 0.06506928218514044
 0.06397922080932804
 0.06735710280424137
 0.06039204511177609
 0.06517246937329459
 0.06750236801408624
 0.06798124281213688
 0.06555959841773337
 0.06301898307853325
 0.0625240872279902
 0.06432202181471282
 0.07024695048478687
 0.06153815118005213
 0.06716449291935638
 0.06327219897486495
 0.06048423155794129
 0.06773274317909314
 0.0658929727922308
 0.06230772197222864
 0.06763453066698166
 0.06410745330370908
 0.06315277545846036
 0.06545762442391889
 0.0607351211232176
 0.06380440123900838
 0.06484793998519901
 0.06164555954763035
 0.06184227049799903
 0.06726163023406186
 0.06646753785284072
 0.06193761529692918
 0.06322172605832234
 0.06478264241667928
 0.06854095594904332
 0.06729475969356923
 0.06770765182353966
 0.06570189826213069
 0.06361011507117943
 0.03010330763009895
 0.02980364817733365
 0.04042225066381614
 0.03090062414941279
 0.03144081671631837
 0.02944869774991822
 0.0326632693425376
 0.03019841407177631
 0.03099434292989506
 0.03647202582926094
 0.03275768560580941
 0.04059226220333238
 0.03170864690871878
 0.03007618739997497
 0.03123336734049365
 0.03112376200683422
 0.0299963695684097
 0.03149127066546725
 0.03044718289042435
 0.0310441851215325
 0.02989290396660416
 0.03452787301355801
 0.03143020189440183
 0.03008910564542443
 0.0388949362455238
 0.03867950385091071
 0.03086277773223777
 0.03137260632675339
 0.0300984961819459
 0.02963899146660855
 0.03068195486349684
 0.04036546451665043
 0.03042950686184636
 0.0309466326724638
 0.03047261603737741
 0.02997568044684038
 0.03299058487911249
 0.02922860699151222
 0.03171412933972915
 0.03462531607380921
 0.03127834693544556
 0.03067128162141332
 0.03059134929465557
 0.03072233152445173
 0.02891324540951459
 0.03086706730641028
 0.0299009589011479
 0.03084857655901523
 0.03094001111818289
 0.03053254349937833
 0.03175101082705027
 0.02964135353419043
 0.03221800640702709
 0.03043446694281945
 0.03098151042288343
 0.03225477743599334
 0.03471225050144194
 0.03167535747744596
 0.03099318895909326
 0.03080713834049087
 0.03349551873909604
 0.0306545226785254
 0.03122374768388597
 0.02882141635692351
 0.03173587584099039
 0.02952561151034597
 0.03039422874536261
 0.03375891536248132
 0.03723977505806029
 0.03139599850700987
 0.02968832293937869
 0.03060085463936105
 0.03067638284127284
 0.03190502033957519
 0.03146699498446887
 0.03276932128287465
