# Created by Octave 4.0.0, Tue Jul 09 11:44:34 2019 EEST <li9i@spell>
# name: mean_errors_t
# type: matrix
# rows: 1000
# columns: 1
 0.002629000602268985
 0.002450363587997574
 0.00254273051822576
 0.0112466291547686
 0.002880289489879067
 0.007202398437360726
 0.002603889032050272
 0.002557815798910822
 0.002734269145913566
 0.01393183739640772
 0.002572885336077339
 0.01129950010820755
 0.0026106609305207
 0.002581937512054958
 0.002449166952653387
 0.002429867214850437
 0.04011744836999254
 0.002442099463776501
 0.01378628808396692
 0.002674886638356082
 0.003163057262636448
 0.002563865794350936
 0.002613784123264668
 0.002514301905345818
 0.002650214114843906
 0.002538946666931075
 0.008348668656082654
 0.002506810940365021
 0.002558273954168034
 0.01318694467369071
 0.002531486290165936
 0.009222016503246042
 0.005908300199694333
 0.002686849080575235
 0.002765090407236684
 0.002407869431206591
 0.02314015303319064
 0.002678080149144076
 0.002447571037821557
 0.00249503333034838
 0.1144986578124577
 0.002482517952779473
 0.002515102420976704
 0.008614058425020448
 0.008219373373201106
 0.002465221403851487
 0.2992238343284422
 0.002502133202768059
 0.007031989326343408
 0.003931633771138207
 0.04048055010118497
 0.01618792026069125
 0.002564807159601541
 0.002712499094065944
 0.00249643905661031
 0.004985636392919668
 NaN
 0.002837319986735829
 0.002608947265381833
 0.002600076993187749
 0.002509194630456613
 0.009984605187310043
 0.002731058144924986
 0.008874987750642965
 0.002732485964736894
 0.002542433932485945
 0.002562532392557403
 0.002739834056601311
 0.005918647935001973
 0.008074323132801476
 0.002470298888511863
 0.004118483894190898
 0.002557503118655071
 0.00868231996978687
 0.1485041924740893
 0.002802568398585117
 0.2318060643395058
 0.002655726563647734
 0.002699804898480351
 0.002860172987297415
 0.002542648271216301
 0.007869131691685611
 0.009209339037330386
 0.002533937640700337
 0.02176080181393379
 0.002610773280936945
 0.007504642755283564
 0.002544376163573975
 0.1501198889320305
 0.002657752585259565
 0.002548469211972941
 0.002597128126190004
 0.004451846157494496
 0.01156747420441836
 0.002472863464392788
 0.008157455410784255
 0.008685953774506093
 0.1046604639394085
 0.002887822612670737
 0.04057130760116073
 0.002540498085893797
 0.002395046579422219
 0.002427224020430551
 0.0112444346459941
 0.002780831972074239
 0.00719448373276652
 0.002499466294646112
 0.00242997603049179
 0.00261047744926035
 0.01386817974020686
 0.002519890002693516
 0.01130030388846165
 0.002516859393372336
 0.002482497701130887
 0.002353720180051064
 0.002329404484961608
 0.04041656505278461
 0.002326794145180359
 0.01440485290435786
 0.002655482669397677
 0.003068475463062824
 0.002535400261122536
 0.002541762789650833
 0.002453606316318613
 0.002556924591769446
 0.002331791910610862
 0.008234630586024624
 0.002415750974039225
 0.002461082073227753
 0.01309921199079592
 0.002435271744175749
 0.009150130300736027
 0.005761151899800579
 0.002503611025456696
 0.002682929027814787
 0.002347771981561806
 0.02304054447368213
 0.002578839864202609
 0.002372668742332852
 0.002377165860514343
 0.1149824260249919
 0.002430074129561277
 0.002360697047039527
 0.008484642177074894
 0.008114894372433507
 0.002379013341729623
 0.2994193778743157
 0.002438987840911459
 0.007077381884479979
 0.003730712150640095
 0.04018945105642226
 0.01613713808910835
 0.002338044220490524
 0.002490324726929913
 0.002411255600467372
 0.004882631152289197
 0.2594837066333336
 0.00271982459235301
 0.002404134575610359
 0.00248877072441579
 0.002462536780199851
 0.009904941280680429
 0.002656086733609071
 0.00879396502307893
 0.002678154102874889
 0.00248801120686422
 0.002457388057901232
 0.002680264112036699
 0.005945301423797345
 0.008088928690812522
 0.002348159912728845
 0.004044279084256003
 0.00250574191471548
 0.008509051870617229
 0.1486589296707509
 0.002725508346785562
 0.2328100681907778
 0.002542769107881717
 0.002636590998851498
 0.002814707089355491
 0.002366557001003671
 0.007770768388065789
 0.009158003980114555
 0.002461583863956522
 0.02189538480192733
 0.002500358391555492
 0.007413016556782299
 0.002453207156869765
 0.1499319073562588
 0.002492328694811902
 0.002449218270930348
 0.002483059266080931
 0.004389444603810088
 0.0114688821540652
 0.002382948359684146
 0.008101318853341517
 0.008614863095622666
 0.1061834998950115
 0.002720287534284562
 0.04169708632019901
 0.009609990325689762
 0.3053638106134602
 0.00244573941095368
 0.3102986670743575
 0.002383976040498999
 0.003236746200511731
 0.008236456531547651
 0.002394890916623468
 0.002790495702262256
 0.007792333984323675
 0.002537093591583846
 0.002448716073475659
 0.002476217894625117
 0.002503487832954278
 0.002450680589827554
 0.002406604937135984
 0.07061735870633423
 0.002817456628040277
 0.002251115867606235
 0.002516719866202693
 0.002812389383592775
 0.003057424502565635
 0.002723078640958844
 0.008827891595525493
 0.3966026868542463
 NaN
 0.002432435158087012
 0.00985374349875256
 0.01082185842894277
 0.002583399503886457
 0.002497260427979528
 0.208425075092769
 0.002631820504598713
 0.4846542923563953
 0.0894361202305997
 0.002442065503428899
 0.002191998344574862
 0.002283937958417067
 0.01241367528802398
 0.002562589637934931
 0.00248795812995472
 0.002425751205092684
 0.00791850941606812
 0.002561823615099174
 0.002285194008378207
 0.01976397918943901
 0.00252524211858877
 0.3995112982290088
 0.5365062090334053
 0.002398472118595753
 0.002338244213226728
 0.1360028565786891
 0.002508809876110676
 0.002430646453784434
 0.002467021664060468
 0.002345416673638031
 0.00243479715146981
 0.007270823923998432
 0.002513810088746867
 0.2780692012169205
 0.002424729107666698
 0.353646523953535
 0.02577573255310983
 0.002446049128785829
 0.002327460785941874
 0.002494640760431248
 0.002421353288606675
 0.005329793621703721
 0.002448153089735388
 0.0228663539093308
 0.002632301585974884
 0.2593808368267886
 0.002181289839345785
 0.007630326397492519
 0.002265077554094016
 0.00307524784008507
 0.003296126084682213
 0.007369703109313135
 0.00245845364405429
 0.01269102796544879
 0.002480069516530651
 0.01568589427116258
 0.002343665109327649
 0.0665869426528604
 0.002427183258119774
 0.002423740153933261
 0.002453190182416704
 0.002454573765434666
 0.002437392154873106
 0.002227707662602713
 0.006256199002688846
 0.009140984412868074
 0.002336133749457397
 0.002369838436047087
 0.002498471748133223
 0.002328370768860763
 0.002443794316783164
 0.01023761945394031
 0.002561167679268752
 0.002749717473527254
 0.009797936641886447
 0.3049335520780677
 0.002489603024312965
 0.3109350263953348
 0.002381314046189836
 0.003252038209816696
 0.008250127028555777
 0.002427535533617165
 0.002789577177727819
 0.007848266751937895
 0.002560713500675329
 0.002510280634297252
 0.002445267917453524
 0.002502194916184392
 0.002458380610546478
 0.002420055375395535
 0.07001758912953913
 0.002839204785134498
 0.002241365202942345
 0.002533634921724251
 0.002842605124980746
 0.003128684411491906
 0.0026921072357099
 0.008930739481119849
 0.397839363354995
 0.5970336620660365
 0.002380158468367893
 0.009858308283768434
 0.01089583022399579
 0.002522303799805235
 0.002443578905724593
 0.2093206165031691
 0.002634957796972513
 0.4861580740250564
 0.08870920145139632
 0.002400365607226938
 0.002232278791417791
 0.00234076210393452
 0.01251492508105961
 0.002593007068036899
 0.002419401873311817
 0.002433148057065769
 0.008046080140781967
 0.00262430459174477
 0.002315266043537658
 0.01996812165767642
 0.002560341014320532
 0.400595222668209
 0.5379846242427737
 0.002407165155384682
 0.002348684406827345
 0.135518029911491
 0.002559121008118137
 0.002442141814654276
 0.002572535560698946
 0.002387679591087131
 0.002465183923208031
 0.00721371319892032
 0.002521578360760906
 0.2816363996408899
 0.002460169886695561
 0.3554010191002291
 0.02575827903944039
 0.002472091794110813
 0.002300264555087258
