# Created by Octave 4.0.0, Tue Jul 09 11:44:34 2019 EEST <li9i@spell>
# name: mean_errors_xy
# type: matrix
# rows: 1000
# columns: 1
 0.03266046707106957
 0.03222831594804669
 0.0321842465965293
 0.1074004949466365
 0.03566617202077913
 0.06017462539730466
 0.03294664726803928
 0.03175160861316616
 0.03102484174542902
 0.1302842638284769
 0.03225071354625717
 0.07852783733975306
 0.03131921508251492
 0.03243820394419994
 0.03158029986254809
 0.03211167421989325
 0.2245600458848144
 0.03217848124874831
 0.1252438273971095
 0.03214218692996849
 0.03427119364318613
 0.03211895158398733
 0.03314547195021579
 0.03229301667330545
 0.03120684996060587
 0.03209301732056807
 0.06821683201348255
 0.032251998190082
 0.03224336139561479
 0.0999653843442571
 0.03245788766848295
 0.07241380287830333
 0.0602159868337005
 0.03221859657775433
 0.03295994233883403
 0.03174078109592477
 0.1853668509141358
 0.03274454875149976
 0.03259977686849979
 0.03224989745187659
 4.380487514392208
 0.03211915508101081
 0.03235753822394875
 0.07173326716544048
 0.09061983569870234
 0.03236007681426911
 1.904707048614784
 0.031818908447499
 0.07598890729944047
 0.03869524645090602
 0.3229204380265528
 0.9429777044473358
 0.03243141753628313
 0.03212334928199279
 0.03228102744417936
 0.0480020565646823
 NaN
 0.03442210975711226
 0.03224598373511835
 0.03105025947598398
 0.03253487402207857
 0.07745025372824137
 0.03277421698478782
 0.07225052821417823
 0.03219500746362568
 0.03287194321522203
 0.03238328367378462
 0.03398152014406863
 0.05557827516808751
 0.06675740304785185
 0.03230195039624312
 0.04017447879483499
 0.03184797486435323
 0.07039258708041625
 3.856944705645055
 0.03149503358116448
 3.508477578232825
 0.03232125677081293
 0.03185634704387798
 0.03233673793823133
 0.03205264882873526
 0.06459143295795917
 0.07228561245652476
 0.03209676919763619
 0.219830745544049
 0.033795297137962
 0.0606432125291884
 0.03306301487519773
 2.60561262520456
 0.03184426145318289
 0.03179680203482162
 0.03250892182777757
 0.04130100316638691
 0.9498294196810259
 0.03081933452438528
 0.0672675445119861
 0.08675787597640548
 2.110548647875317
 0.03332162732879491
 0.2756154159391326
 0.03174836674230844
 0.0313275001278376
 0.03124105739820401
 0.1063860311360357
 0.03482084105396068
 0.05932508016027215
 0.03207958823912997
 0.03086977791154487
 0.02997849710294976
 0.1292496784521029
 0.03135478437980897
 0.07527545804791724
 0.03044889428590534
 0.03151703223833066
 0.03067945306229094
 0.03117929774129106
 0.2241127261972317
 0.03135643538031772
 0.1283007567672342
 0.03126662739229776
 0.03336951408272441
 0.0311982609556128
 0.03219985152859909
 0.03135102013333154
 0.03027140576701225
 0.03120079377516732
 0.06740918133246637
 0.03135847402073919
 0.03141832392735665
 0.0990289505580166
 0.03157954181794929
 0.07152666568227334
 0.05936551557521999
 0.03133577723456129
 0.03203618420636845
 0.03093960165228483
 0.1848453148448734
 0.03187978771466246
 0.03171224579148983
 0.03139917013442601
 4.396415687144986
 0.03120831140143381
 0.0314909297945912
 0.07090988853245997
 0.08972653118943809
 0.03146832097613356
 1.905562430893361
 0.0308916722627782
 0.0751101977257029
 0.0377346015701622
 0.3207570034613776
 0.9446646253063853
 0.03150954143806042
 0.03115813411352608
 0.03135420456030151
 0.04702375830690483
 2.787043159186691
 0.0335536416294603
 0.03142613220284921
 0.03017468372310811
 0.03164162931238065
 0.07660910371830407
 0.03190288755849763
 0.07141269176388378
 0.03131023971064743
 0.0319946684537054
 0.03145042233067746
 0.03304063046764689
 0.05475509548496215
 0.06595402518434393
 0.03135927399240879
 0.03929540179309912
 0.03099974574411008
 0.06952981889932829
 3.859964601194839
 0.03054721084427332
 3.515510188185028
 0.0314325867996761
 0.03095030839723378
 0.03144549033838322
 0.03114179532859716
 0.06368537763552387
 0.07148622994391818
 0.03122596557874101
 0.2189811481978632
 0.03292704449119814
 0.05981466858434727
 0.03217225861261023
 2.606844423995177
 0.03085533668093032
 0.03091151597443676
 0.03163861790109355
 0.04031498666976189
 0.9515563725004664
 0.02986188853442798
 0.06647150822969225
 0.08590816444127915
 2.110613719042878
 0.03242830611787873
 0.2838852508915109
 0.08629003058044757
 4.247413714038474
 0.03225485882257222
 4.963371499535169
 0.03176779648938474
 0.03896409514930727
 0.0674558070461752
 0.03187115322848753
 0.0342664788034393
 0.08186014163654115
 0.0313622652396793
 0.03230633264993461
 0.03235846407023638
 0.03141901531409783
 0.03173787142872547
 0.03210568021796038
 0.6178553522440469
 0.03325422936175276
 0.03155235375589777
 0.03214911516944991
 0.03416825869237698
 0.03602256040822038
 0.03348900386769857
 0.07090077297141444
 1.347462527320109
 NaN
 0.03240982239705548
 0.07774862738820672
 0.0871181170950725
 0.03190621321964899
 0.03243616137900121
 1.773066940895594
 0.03200232916461422
 1.509442815392617
 1.357857440050771
 0.03223279019806079
 0.03220673653509015
 0.03231022793861049
 0.9297461937223865
 0.03246935252814891
 0.03208171525004353
 0.03182277161737523
 0.06582534721618347
 0.0311206284722734
 0.03225360553833945
 0.1234593108330661
 0.03203165852997027
 4.28989267863897
 4.866851358542396
 0.03161897791006447
 0.03227060799062683
 5.981733409233014
 0.03213464182696123
 0.03216414508075378
 0.03239587573610962
 0.03180179466773347
 0.0310256571891047
 0.06548269503817489
 0.03180196443478209
 5.109216647153117
 0.03268188360059229
 4.479689936438938
 0.2142627333564768
 0.03246254252958478
 0.03182264587885571
 0.03189330140889803
 0.03191409923601982
 0.05814531798892591
 0.03303637081070886
 0.1867263212711966
 0.03218259370960472
 3.0199940822697
 0.03208094781135244
 0.06463906449290198
 0.0318723978167617
 0.04033052489841515
 0.03487097421843366
 0.06348002363497152
 0.03239414216056345
 0.0891899503362238
 0.03142883578438135
 0.247596860112296
 0.0318351218329395
 0.4547222890564525
 0.03177408309717122
 0.03197564477399485
 0.03154350945534236
 0.03264727498879759
 0.03191298491425629
 0.03200312283878536
 0.05831853945910896
 0.07395103875928521
 0.03117479185452539
 0.03231546272415871
 0.03233162928980029
 0.03240127889166718
 0.03199883095299955
 0.08295831804980874
 0.0313123115244127
 0.0338057675341201
 0.08546516641895693
 4.255654493424155
 0.03134451599611149
 4.973270558382512
 0.03083888674550663
 0.03759111037792461
 0.06651195804059187
 0.03075315233206036
 0.0332205410841877
 0.08099454205829205
 0.03053300275497368
 0.03127881346159976
 0.03141944039953398
 0.03041734512864795
 0.0308595858798386
 0.03123433896957859
 0.6166838358557284
 0.03228771547749683
 0.03053710947565027
 0.03125170795717157
 0.03305525914242212
 0.03510676800065875
 0.03246874403184027
 0.06978028210249905
 1.349958582401892
 6.818345564918865
 0.03139714224753003
 0.07681213225547544
 0.08607344499917065
 0.03098899645712295
 0.03136025650593683
 1.776373057201133
 0.03089330966946398
 1.512387534276856
 1.348610681717385
 0.0313848553677317
 0.03115024910804543
 0.03136534966580986
 0.931295105590887
 0.03149804727525236
 0.03118943793815564
 0.03097054588706352
 0.06471424781820563
 0.03012935246587957
 0.03134910867460516
 0.1238340277646733
 0.03103986873586806
 4.298048824581656
 4.876993385411843
 0.03052910610886953
 0.03118579353539903
 5.999621227476495
 0.03116699839184199
 0.03122276122681157
 0.03134377045405366
 0.03080488924392984
 0.02982492719691526
 0.06458782943612873
 0.03087386742602281
 5.117707560998777
 0.03169297416674827
 4.481694511033852
 0.2133304912648167
 0.03138715355820881
 0.0308579496764175
 0.0309664643136783
 0.03097311414896529
 0.05706114634262818
 0.03210172674775559
 0.1856677365203076
 0.03109707290869008
 3.026594028688315
 0.03097883300564648
 0.0636344069337513
 0.03091648916089693
 0.03940616677398209
 0.03381221424547337
 0.06252255779647382
 0.03147836275120273
 0.08822701317888809
 0.03049352500314789
 0.2485529492237425
 0.03088912555149244
