# Created by Octave 4.0.0, Tue Jul 09 11:46:57 2019 EEST <li9i@spell>
# name: mean_errors_t
# type: matrix
# rows: 1000
# columns: 1
 0.004218978783930095
 0.004103350721494895
 0.004103350721494895
 0.003981333587619024
 0.004272174542069789
 0.0044587355990429
 0.004097956145220069
 0.004033153117753189
 0.004250558299968301
 0.003982828080316894
 0.004149847788437482
 0.00499079373270463
 0.004024513253082857
 0.004053297884396905
 0.004116065568312637
 0.004085858941061242
 0.004067170654100538
 0.004254286280767385
 0.004900790893725805
 0.004156815443268763
 0.004103350721494895
 0.004040823993596442
 0.004114718241683215
 0.00485219142072055
 0.004133696439318166
 0.004109174858172459
 0.004553793578490102
 0.004108675517841305
 0.004098423884253713
 0.004071275635520063
 0.004124277609959238
 0.004120758044186424
 0.004469972602151129
 0.003812407446131212
 0.004275500808365901
 0.004230397215188114
 0.00438089829284579
 0.003979933196491133
 0.004063877638616532
 0.00399266771195526
 0.004143690077954925
 0.004252377648505001
 0.004350807505410103
 0.004129257371237393
 0.004338936398050061
 0.004098374387839187
 0.004248428381042649
 0.004262172119453562
 0.003959579575406389
 0.004319025996222353
 0.004018681072110664
 0.00397795039730574
 0.00424765226243111
 0.004391647521166354
 0.004250129706875706
 0.00402093338259098
 0.004542768872741938
 0.004223133889962305
 0.004261507449620683
 0.004103350721494895
 0.004103350721494895
 0.004144029712037723
 0.004132022787213654
 0.004201749083615993
 0.004331056089332479
 0.004103350721494895
 0.004170391734410971
 0.004092942528787545
 0.004377906834606547
 0.005842027545706715
 0.00429827834577495
 0.004237508587099925
 0.004176579660256291
 0.004470136313146754
 0.004783716212045395
 0.004325579858437913
 0.004103350721494895
 0.004068440693467281
 0.00442890422069827
 0.004188120944085647
 0.004010772424619345
 0.004332238129082762
 0.004103350721494895
 0.004103350721494895
 0.00413284751813066
 0.004147988778345803
 0.004112864451515177
 0.003959485383138226
 0.003977993824849301
 0.004089091195764448
 0.004103350721494895
 0.004235849664324109
 0.004061351640820787
 0.004103350721494895
 0.004021748066734291
 0.004271035633548033
 0.004059822415304901
 0.004273380343709347
 0.003971571778615911
 0.004043788893447188
 0.003132299175067333
 0.003158565794111117
 0.003158565794111117
 0.003200432042706693
 0.003165479786708232
 0.003528900585390455
 0.002964542655544982
 0.003252238496207075
 0.003153816453737181
 0.003261509453076311
 0.003214106243619323
 0.004732054519045999
 0.003059159775545162
 0.003097088753944555
 0.003138557498734497
 0.003247542021010962
 0.003161237305256306
 0.003379555662698033
 0.005643527259205238
 0.003113651663565456
 0.003158565794111117
 0.003087608169486214
 0.003352903329702955
 0.004393475791789068
 0.003170675754469668
 0.003308077737872557
 0.003707185856163385
 0.003354565490125994
 0.003316921149676601
 0.003136450766424547
 0.003291685553032286
 0.003262847571491167
 0.003306016506332541
 0.003174874769101491
 0.003619290737989969
 0.00323067858626575
 0.003671849317970196
 0.003113647813233173
 0.003025645923739224
 0.003389367979486268
 0.003061709116801975
 0.003346755452072893
 0.003205096133930119
 0.003358100681287894
 0.003189797083799979
 0.003265745658801427
 0.003548981782045126
 0.003324718647413604
 0.003006659572729745
 0.003387830618521392
 0.003158874134974989
 0.003144259615100152
 0.00337022179957401
 0.003501220417196152
 0.003308349527041075
 0.002962320702491461
 0.003723744061783763
 0.003220332238756218
 0.003415969703420725
 0.003158565794111117
 0.003158565794111117
 0.003365135386143607
 0.003268060830680998
 0.003257067599875332
 0.003318585341423105
 0.003158565794111117
 0.003469815682280576
 0.003280946825537567
 0.003360808913253116
 0.005420816977717742
 0.00324437601377483
 0.003121651851100071
 0.003267608142869322
 0.003622360500211353
 0.004049381098308034
 0.003220325097144274
 0.003158565794111117
 0.003363606806482443
 0.003502309275411464
 0.003358781432952196
 0.003033137371634353
 0.003397373126776917
 0.003158565794111117
 0.003158565794111117
 0.003240065634261455
 0.003191490251804491
 0.003269017551565743
 0.003065487819771406
 0.003017001361281405
 0.003162870387744438
 0.003158565794111117
 0.003168302351057789
 0.003137631324861158
 0.003158565794111117
 0.003154333824779404
 0.003235065635012626
 0.003045856345555027
 0.003401346500852285
 0.003437885645648289
 0.003167824975557627
 0.004392995332392964
 0.004476821779447245
 0.004541368128330818
 0.004476821779447245
 0.00417799001477398
 0.004278521874843439
 0.00409968946101253
 0.004108194760160467
 0.004476821779447245
 0.004417357085605617
 0.005639406686184494
 0.004061107005052579
 0.004476821779447245
 0.00399497508944587
 0.004261600928105227
 0.004314487610979904
 0.004471307149576006
 0.004383588879848893
 0.006226252714918226
 0.004476821779447245
 0.004376490229074963
 0.004894787257659123
 0.004485489671758848
 0.004318498811646769
 0.004386216028214609
 0.004381748261292269
 0.004400898719235572
 0.004444682001273136
 0.004270787670850007
 0.004476821779447245
 0.004264676522409448
 0.00414103435213041
 0.004245268265950192
 0.004476821779447245
 0.00419851535771357
 0.004243268575100964
 0.004340272461834157
 0.003975142901999957
 0.004558507023729347
 0.004274122310110905
 0.004410488876095249
 0.004305119015467325
 0.004627043714825869
 0.004395308085020005
 0.004420884506934785
 0.004636791802516798
 0.004334681751642439
 0.004448110663962246
 0.00461586506942068
 0.004367148474751218
 0.004328081295625104
 0.004431040122789014
 0.004361059987206909
 0.004259322899932397
 0.004523782903970103
 0.004020345843301555
 0.004164312211299861
 0.004078655237443482
 0.004756584334525069
 0.004128788364400309
 0.00439975491007508
 0.004062761539484864
 0.005138882451605546
 0.004108214313361054
 0.004391071645112432
 0.004615722612438452
 0.004256330746845397
 0.004418271323395465
 0.004256387197286506
 0.004316289427482537
 0.005003118464087199
 0.004728869484491139
 0.004046716891751246
 0.004290782557117724
 0.004245119563824926
 0.004227502639075116
 0.004172145995351838
 0.004552674016115319
 0.004632441415875364
 0.004139073435254455
 0.004171829378267154
 0.004476821779447245
 0.004543031762916871
 0.004257999720942576
 0.004353069105358731
 0.004271544903366555
 0.004643467903551398
 0.00420197174147365
 0.004398848986123153
 0.0043825320820752
 0.004268490805732002
 0.004163656305397067
 0.003880190681032742
 0.004633559176433613
 0.004281112278248731
 0.004370062976032704
 0.004165690480476172
 0.004304619117225044
 0.004323025189238811
 0.004242478494321575
 0.003304485791032724
 0.003208135898492453
 0.003185004872541398
 0.003208135898492453
 0.003014774031206053
 0.003009246802487233
 0.003061413629940194
 0.003231073481719314
 0.003208135898492453
 0.003165359247364493
 0.004825102448977452
 0.003025790909185967
 0.003208135898492453
 0.003109354300226598
 0.003442159488493607
 0.003235324777261349
 0.003312562555162143
 0.003299326413753181
 0.005793893085027601
 0.003208135898492453
 0.003294665516224917
 0.003860449338468136
 0.003638972310150866
 0.003150033745817554
 0.003264602328013629
 0.003281951731403079
 0.003281038934303273
 0.003741823863729469
 0.003331000593299951
 0.003208135898492453
 0.003338890532484832
 0.003376839821754433
 0.003256150956300088
 0.003208135898492453
 0.003356314693844235
 0.003111685777424146
 0.003327704044145745
 0.002996763434342594
 0.003388753025270533
 0.003247712890513913
 0.003373174632636465
 0.00309293271461309
 0.003563050633880694
 0.003132804159005036
 0.003358503412261528
 0.003643407433995572
 0.003291198241919344
 0.003228683866793458
 0.003466090835113424
 0.003318424234950271
 0.003398665050133965
 0.003120802803894471
 0.003252688983077538
 0.003404702246047568
 0.003744171605217022
 0.003025845770587963
 0.003111225786800001
 0.002977441284862098
