# Created by Octave 4.0.0, Thu Jul 18 12:41:47 2019 EEST <li9i@spell>
# name: mean_errors
# type: matrix
# rows: 1000
# columns: 1
 0.05990280852875828
 0.06112277451586862
 0.06748021891297105
 0.06366518923500629
 0.06093305918060997
 0.06638725113971736
 0.06509613102298742
 0.06136295164904444
 0.06249041667767399
 0.06277804233108565
 0.06222170919863879
 0.0616782805657322
 0.06553730845783208
 0.0663247456646547
 0.0609263319602814
 0.06004972024353925
 0.06182292117720986
 0.06113828016993661
 0.06034479424552464
 0.06413082770213334
 0.06016340007740593
 0.06228287931344522
 0.06051859777844539
 0.06456892262153885
 0.05820303685448674
 0.06234702677288966
 0.06065812741873443
 0.06192317404191364
 0.06491521493390459
 0.06309295635861494
 0.06624376039295182
 0.06507348252909928
 0.06216980416985147
 0.06294627898177738
 0.06159869191185491
 0.06245160579175781
 0.06209785407492022
 0.06554225325602184
 0.06716822702645509
 0.06476930565649763
 0.06166108239901081
 0.06407381032060762
 0.06474267262176152
 0.0633555505707994
 0.06336950098916432
 0.06019860120550072
 0.06406118516340224
 0.06544816049478244
 0.06279704933473536
 0.06504744532681556
 0.06051156180098854
 0.06064541251819137
 0.06774320613737843
 0.06159872588997581
 0.06192772510662099
 0.06618346480644657
 0.06613869458716129
 0.06085415594458785
 0.06194267048194737
 0.06357893760771467
 0.06470247578141715
 0.06440429079533164
 0.0634605665458939
 0.06472648984304018
 0.06390429389204762
 0.06569332699626625
 0.06307870270092106
 0.06572985390097792
 0.06282182597831354
 0.06284667533945475
 0.06452934201521976
 0.06304040571105464
 0.06430412086977483
 0.06591799336909962
 0.0628428258731063
 0.06415191441779421
 0.06428537918789959
 0.0664426523022634
 0.06530355249395564
 0.06420683735696571
 0.06225077900858805
 0.06638813165088686
 0.06108782933056788
 0.06568209103434174
 0.06543869646776708
 0.06474347208395531
 0.0623150343436468
 0.06117509527260337
 0.06523276304229701
 0.06419647490966536
 0.06260149174394095
 0.06028779039965446
 0.0642556420680744
 0.06365070643744304
 0.06605524830100086
 0.06191022986928826
 0.06595948624250954
 0.06450219377279823
 0.06484471382453035
 0.06281431817534888
 0.02647611923806454
 0.02673968953833118
 0.02919648403206683
 0.03254713422452171
 0.0269541518849273
 0.02783943214616025
 0.02869602204029689
 0.02684021198963355
 0.02603468966873219
 0.02661885470059648
 0.02847802695811957
 0.02773998846097309
 0.02756662924963493
 0.02816439186983339
 0.0285683018839807
 0.02656299426783273
 0.03244627453476208
 0.02751420052795389
 0.02678615723711541
 0.02758004800183547
 0.02857857519603592
 0.02766760933192861
 0.02846915423137329
 0.02761908833794231
 0.02674658345598284
 0.02710203458709272
 0.02790164848201859
 0.02676901390948009
 0.02944551865948666
 0.0270973643327809
 0.02781322919118772
 0.02731617776622893
 0.02827938917459036
 0.03093922491420855
 0.02719650126050385
 0.02784284054966834
 0.02700726650923401
 0.02819868270447007
 0.0285364394960342
 0.02803642858715911
 0.03475483169609547
 0.02720940118615886
 0.04653908638013281
 0.02783519473757774
 0.02951895036530005
 0.02812175855043431
 0.02739782175630941
 0.03116612619005866
 0.03961815741701976
 0.02787267886856951
 0.02720929574673354
 0.02700482434845156
 0.02759408354100444
 0.02659832728923468
 0.02642624792101433
 0.02766575001305937
 0.02767322056146752
 0.02770529748824797
 0.02718079270406363
 0.02696994727109096
 0.02804474053664275
 0.02679729744244991
 0.02721278961939439
 0.02841315571299401
 0.03436850261116074
 0.03242435147086464
 0.02826655383963271
 0.02729857610215077
 0.02655292562650616
 0.02823433019871913
 0.02821484934006524
 0.02811611032188363
 0.02748176001930496
 0.02744526123419516
 0.02725541161636676
 0.02823205784209336
 0.02609143685303756
 0.02965268005587273
 0.02725683870830123
 0.02691591221248227
 0.02687368151746696
 0.02656184812351871
 0.02737967528259599
 0.02865817110452712
 0.0295279841556221
 0.03332017299495715
 0.02904481701917558
 0.02697067425974969
 0.02916342624743302
 0.03259742421614728
 0.0276146828808617
 0.02877821468547754
 0.02745399095685271
 0.0294118341967731
 0.0281648011001588
 0.02820227512089252
 0.02908800655930712
 0.02677044465508105
 0.03372402907891314
 0.02841128626582589
 0.06486979003738481
 0.06190383229562717
 0.0679233205966063
 0.06689570510385759
 0.0661973475075647
 0.06224290560037346
 0.06630872033775943
 0.06720204271517347
 0.0625328978329458
 0.06536828679052889
 0.0660533399799255
 0.06872924724577886
 0.06383531640466179
 0.06175974039862257
 0.06449417482365323
 0.0618440232604082
 0.06390013616716422
 0.06555989120406527
 0.06486267616458784
 0.06654219478558554
 0.06900708844746552
 0.06587998283449444
 0.06509468147142181
 0.06622688512033734
 0.06414128977998901
 0.06319213788213443
 0.06067282690284364
 0.06781041193947576
 0.06352978647371375
 0.06699354318841083
 0.06658469024935122
 0.06395821588854946
 0.0633892642742699
 0.06380524923677471
 0.06708206080678926
 0.06695380576930039
 0.06808779458838667
 0.06637830813070521
 0.06479452720117776
 0.06430198232313951
 0.07173847311327276
 0.06450092157258672
 0.06738595816325145
 0.06410300678022585
 0.06231299780449772
 0.06470291440970975
 0.06658624707931766
 0.06409668824052053
 0.06368403553846047
 0.06428137376985241
 0.06509307872133971
 0.06710324420358778
 0.07057022021065572
 0.06501309215512058
 0.0664212752300137
 0.06471475977660111
 0.06396696661583365
 0.06151586147711034
 0.06586409529194735
 0.06547311262043969
 0.06359849877063053
 0.06626645600423291
 0.06438470001435696
 0.06336403400762999
 0.06729125937274637
 0.06117850324216714
 0.06614072850833487
 0.06744322308469274
 0.06708922330273422
 0.0652002286558263
 0.06368238386668594
 0.0630545076070243
 0.06420974157499311
 0.06937875720332637
 0.06303995157269322
 0.07222634348614523
 0.06519145840183756
 0.06181794762123641
 0.0667010772786114
 0.06525554249080831
 0.0663925883782738
 0.06629036770080306
 0.06438072639118905
 0.0633285339284852
 0.06593883323925365
 0.06138972094758397
 0.06575235991212422
 0.06532341184659386
 0.06145560140650144
 0.06373206954449098
 0.06690180616885152
 0.06669531294287517
 0.06149029346748409
 0.06361485233710436
 0.06525706170222602
 0.07205205765764876
 0.06623756731034491
 0.06864260138907155
 0.06524164350653491
 0.06354324630459522
 0.02727164451554054
 0.02691095022416916
 0.03254530900397609
 0.02795828200040326
 0.02820508872567618
 0.02672787457338941
 0.02991069335274563
 0.02747167610029008
 0.02834074036000772
 0.03186108469307353
 0.0288861733323802
 0.03293129599841665
 0.02852716825400113
 0.02755754828629661
 0.02787400739832559
 0.02820174580002982
 0.02691638314262136
 0.02845153294441183
 0.02739925009907555
 0.02776477860997917
 0.02735881533051888
 0.03050989346173005
 0.02848701625976293
 0.02773740757284761
 0.03276678681665022
 0.03326980287688983
 0.02802821518203209
 0.02897217796050332
 0.02712063048696542
 0.02663272240390323
 0.02803462727645081
 0.03396173161561209
 0.02706538845860434
 0.02769023483247387
 0.02801582676551776
 0.02699198854490181
 0.02925336746431886
 0.02673544159040708
 0.02875032532210295
 0.03051756156201695
 0.02849441579900849
 0.02762746328241163
 0.02748012038401921
 0.02778031887685593
 0.02632078328597807
 0.0277221275396071
 0.02764289115942239
 0.02785643343815094
 0.02751454146025807
 0.02781907074604834
 0.02840872847663084
 0.02699894324959614
 0.02900340596849655
 0.0274312350405212
 0.02789973770412406
 0.0292572105453371
 0.02991240207035678
 0.02824697901199514
 0.02764996583029232
 0.02799128280287905
 0.02969557974265627
 0.027757430118725
 0.02863207423473303
 0.0266638207176045
 0.02908056504156525
 0.02691114702137812
 0.02696296147268926
 0.02893952322761657
 0.03194235304636843
 0.02866582293252203
 0.02669849692934801
 0.02775705343998479
 0.02744969383704622
 0.02879351418243504
 0.02804653778343944
 0.02914458697536206
