# Created by Octave 4.0.0, Tue Jul 09 11:51:35 2019 EEST <li9i@spell>
# name: mean_errors_t
# type: matrix
# rows: 1000
# columns: 1
 0.02670157688186393
 0.02481920121852388
 0.02760829314798995
 0.02547314805788419
 0.02962790287531488
 0.02933897148998228
 0.02663671797284631
 0.0274847966381006
 0.02678025097346636
 0.02689582789052633
 0.02619656473546598
 0.02817725635172241
 0.02671184191567497
 0.02748532596673538
 0.0273736054737154
 0.02590352130045314
 0.02706223197980854
 0.02648616576156247
 0.02482576423758791
 0.02647429785315569
 0.02471165785874682
 0.02617156319288209
 0.02415435777333749
 0.02705286502383836
 0.02651955262862156
 0.02552158591759405
 0.02765775787320699
 0.02539656819376049
 0.02754347129343443
 0.02668354161410585
 0.02707044030987437
 0.02547978362777784
 0.02682250175889362
 0.02608020424638289
 0.02502198404257143
 0.02665521717122426
 0.02575087003007526
 0.02587947490672545
 0.02686706184926765
 0.0269365906541013
 0.02499588807940043
 0.02581022280591028
 0.02783100785102771
 0.02727383668550136
 0.02708075112537678
 0.02638915504726138
 0.02574724562456236
 0.02390697319583366
 0.02593865957864326
 0.02651808723105048
 0.02669717450765738
 0.02841446989703509
 0.02855008437256285
 0.0266354275644724
 0.0273301796237784
 0.02480169773748616
 0.02732092255633171
 0.02668077294535174
 0.02777705832771648
 0.02768411034898485
 0.02787298839174512
 0.02658986499814098
 0.02280333483370005
 0.0280763482803788
 0.02479397092374681
 0.02722630017271351
 0.02856768064857787
 0.0275568871680548
 0.02655339072406484
 0.02750443536940859
 0.02641868279082914
 0.02613395773396976
 0.02510193294692952
 0.02529765413790943
 0.02740999175643211
 0.02655974041910578
 0.02780321160339244
 0.02742927973432156
 0.02606918674199492
 0.02694850209339196
 0.02816915839558087
 0.02548205710327462
 0.02814492301979856
 0.02572986128000001
 0.02642331682782009
 0.02714901408721117
 0.0257811745960454
 0.02752478699227273
 0.02809733711757646
 0.02522842614359294
 0.02617341823596736
 0.02682563676166834
 0.0265619417799244
 0.02918391497607502
 0.02661897878606514
 0.02407141970989907
 0.02674583389280307
 0.02759292016952142
 0.02623177467082916
 0.02619481141427137
 0.003555256906045278
 0.003391980615299902
 0.003938645191005129
 0.005157159908665027
 0.00348038372267015
 0.003747893444701003
 0.003580201815113449
 0.003268057318452178
 0.003506723589775513
 0.003532766529473695
 0.003752103493350108
 0.003518698573691797
 0.003950347205196389
 0.003631815793637337
 0.004294247389861534
 0.003564446831035553
 0.005317899640624686
 0.0035389514604375
 0.003812726831407137
 0.003377543049206221
 0.00350295458185462
 0.003631089761754401
 0.003733755699785971
 0.003582815682020252
 0.00346867627012536
 0.003364365231127791
 0.003625139309166665
 0.003930026168134702
 0.003959227355050504
 0.003653743379395468
 0.003320454221783938
 0.003778531238636314
 0.00372871782200844
 0.004235161841294664
 0.003625554227052573
 0.003487831385682642
 0.003508455340577941
 0.003897143875692607
 0.003749696331237463
 0.004628237344886219
 0.005074877337072984
 0.00357201014264401
 0.004811658080400956
 0.003498528052131112
 0.003860551441933766
 0.005779104823191046
 0.003477998949663388
 0.004538427118554132
 0.007951741312713638
 0.003947181573424315
 0.00371072686664979
 0.00356076490879399
 0.003856532828894572
 0.003439642959698499
 0.003460074818539002
 0.003414591274967296
 0.003932304304170809
 0.003589968857512541
 0.004221137197073449
 0.003776549980203014
 0.004147477226689414
 0.003235498156831221
 0.003491367648500003
 0.00386935021760106
 0.005148015241924074
 0.005279287929798957
 0.003846055888306331
 0.003940562756583546
 0.003922891159725704
 0.004498275658205603
 0.003517850273492243
 0.003838691815075435
 0.00367140408496475
 0.003427249107430659
 0.003678874258140758
 0.004080932848677613
 0.003258911247240259
 0.003581844619346555
 0.003461372411641544
 0.003512042756155865
 0.003725303890479885
 0.003465617744747606
 0.004097155096070624
 0.004243506982663286
 0.004603481372870064
 0.005064570283391996
 0.00388114536989929
 0.003610684860757515
 0.003733297370142748
 0.005693288890326724
 0.00362911587981166
 0.003852309054633084
 0.003774406722267116
 0.004051108435775048
 0.003534477314937371
 0.003609844295227146
 0.004511687642045423
 0.003566694688362782
 0.004789197520175738
 0.003698130372211146
 0.02939958136330802
 0.02801116643896979
 0.02906276575055712
 0.02812070391350127
 0.029683798634925
 0.02835339256547977
 0.02878481530364319
 0.02849636253808063
 0.02665551337226136
 0.02685509122992789
 0.02630662476649873
 0.02952857415529813
 0.02656735493303026
 0.0295291601976885
 0.02811632731249996
 0.02824520319012604
 0.02897304616057648
 0.02659423895345956
 0.02773093347866837
 0.02840153470164006
 0.02835638964318487
 0.02765681974317136
 0.02758708675180446
 0.02897668080949233
 0.02574260614080605
 0.02864117796432672
 0.02611585323448366
 0.02975513303178853
 0.03067889896146098
 0.02891792377221664
 0.02791378809732424
 0.02774395798319086
 0.02758342287293237
 0.02794668096636273
 0.02914773861924189
 0.02923598785171283
 0.02815922302334161
 0.02692850795554398
 0.0276938203794977
 0.02946530323822554
 0.02840908593015038
 0.02672270494774993
 0.02907603951733659
 0.02605036703318896
 0.02728809770417599
 0.02705434268487438
 0.02853183078432502
 0.02805072499549879
 0.02866260341942064
 0.029285344506005
 0.02770924379573797
 0.02814017017520124
 0.03033860431120097
 0.02912138461418539
 0.02860463041828326
 0.02693795754186406
 0.02758773898702787
 0.02661865898405737
 0.02733169242522508
 0.02947868300444559
 0.02764315470417634
 0.02763119963236765
 0.02667876122127832
 0.02697445683283203
 0.02822474298929644
 0.02820508756967334
 0.02863293759090682
 0.02927751468758175
 0.02592386186545226
 0.02552487929042354
 0.02790068861055547
 0.02814785139306538
 0.02659703303701001
 0.02846446954633161
 0.02888040809644832
 0.03449517227085451
 0.02954848035055261
 0.02895540219758201
 0.02743304863407539
 0.02735880734375623
 0.03221077947309841
 0.02744766130599483
 0.02807071119859292
 0.02752244229311564
 0.02982548460189895
 0.02784169120704593
 0.03025435518246224
 0.02849991426975836
 0.02614344833698485
 0.02989738379213599
 0.0274175892576241
 0.02828005598748745
 0.02651156464532405
 0.02762718847935003
 0.0291343983606282
 0.03311693143989179
 0.02719522771286425
 0.03064966388767684
 0.02771420036924624
 0.02834292050821593
 0.003874180244469781
 0.003595872319422153
 0.005913651094354537
 0.003756654047707802
 0.003871436187525043
 0.003587601092196917
 0.004181343296256235
 0.003725593791390529
 0.003998614076030202
 0.005827680525432733
 0.004055652073098251
 0.003919849686375957
 0.003401687831161678
 0.003883595145728827
 0.003587896218813144
 0.004091478076070468
 0.003526100894511281
 0.003527498769368639
 0.003795991509623167
 0.003492416533060063
 0.003576380441665732
 0.004495325869100546
 0.003642549848947433
 0.003949371110761533
 0.0036789616942569
 0.005021567327994891
 0.003590738768589332
 0.004084905232392897
 0.003827100718791107
 0.003488637237859122
 0.003440583271695926
 0.005456714294698489
 0.003592614517944894
 0.003542879955279741
 0.003740716774304298
 0.003485288717858975
 0.003957398235000088
 0.003267814843145997
 0.00425163867497499
 0.004199265822375901
 0.003982376878797038
 0.003782505578349942
 0.003669609510301603
 0.003950704051526375
 0.003557648823914638
 0.003765930488392082
 0.003822802223974895
 0.003439461168516302
 0.003674956303299854
 0.004073380533391904
 0.003786731692967241
 0.003610597571709974
 0.004352122517844268
 0.003502792009624096
 0.003714797789712056
 0.004296879890075634
 0.004110410963954552
 0.003857196743274364
 0.003742334503350033
 0.004313407506099765
 0.003781666745697756
 0.003518847302342716
 0.003958169854661795
 0.003328270166315752
 0.003781772395527654
 0.003838669272889516
 0.003831357831259585
 0.005158621497783366
