# Created by Octave 4.0.0, Tue Jul 09 11:46:57 2019 EEST <li9i@spell>
# name: mean_errors_xy
# type: matrix
# rows: 1000
# columns: 1
 0.03022624200608463
 0.02928311387566635
 0.02928311387566635
 0.03076142785475141
 0.02968010567253658
 0.03096108920461428
 0.02936395921093024
 0.03061682233285356
 0.02912380688111636
 0.03028860113071609
 0.03078630740756843
 0.02776268279938667
 0.03026775975857462
 0.03013000471471684
 0.02962823490695166
 0.03157710969464773
 0.02988656437664718
 0.02989603115276813
 0.02783810977043822
 0.02972823544069813
 0.02928311387566635
 0.03047062038615919
 0.02994916676191861
 0.0271974675338015
 0.03027323788807608
 0.03150092965560793
 0.03109717396466571
 0.0301656417029985
 0.03148158998524398
 0.02978114590674302
 0.03010935188749239
 0.02925504094420854
 0.02984242097247941
 0.02931376752246052
 0.03029227922137133
 0.02976772751171028
 0.03055990133077356
 0.0297433983752051
 0.02862254634588509
 0.03187797103014191
 0.02936515129094045
 0.03075300501404484
 0.03065903515667334
 0.02923585478860561
 0.02855446955289726
 0.02937490787191724
 0.03048824157587903
 0.03026248057644221
 0.02968844041283825
 0.03102665832727453
 0.02887816221679822
 0.02981390574794945
 0.02964515375747344
 0.03124244937122219
 0.02983923170511644
 0.03033942765223037
 0.03249131362965872
 0.03018038264225513
 0.03286888551254043
 0.02928311387566635
 0.02928311387566635
 0.03035965986368584
 0.02990225248228957
 0.0298244763870657
 0.0301478864792669
 0.02928311387566635
 0.02930169493417687
 0.02992340872093405
 0.03056402668731854
 0.03265928578251227
 0.02957390779591828
 0.03121090817716188
 0.02978432235470506
 0.03179930923476191
 0.03320457803386467
 0.03026708863055335
 0.02928311387566635
 0.03135567179851832
 0.03056543830681224
 0.03045618870236927
 0.02944293163073885
 0.03011422484999759
 0.02928311387566635
 0.02928311387566635
 0.02965939190598388
 0.02965220384728049
 0.0295159570011862
 0.03054505722524946
 0.03095279135284462
 0.03043949138453943
 0.02928311387566635
 0.02960092960456383
 0.03075883760496891
 0.02928311387566635
 0.03074521068389862
 0.02996754570713487
 0.03048162182623726
 0.03015390073826568
 0.03064394036695197
 0.03041107423813262
 0.02885237400947665
 0.02798014882911809
 0.02798014882911809
 0.02926890760877027
 0.02841662733550265
 0.0296744477557211
 0.02824501356386686
 0.02925306571196147
 0.02797572046463207
 0.02903520047096624
 0.02943003769925825
 0.03298709603631198
 0.02918514604803366
 0.02865226719252624
 0.02812589507675892
 0.03039758923365996
 0.02870758800170974
 0.02878125266939158
 0.03361725879361611
 0.02846613848136092
 0.02798014882911809
 0.0291505019416597
 0.0289864472392857
 0.02643282222502146
 0.02872299555907202
 0.03019200336148969
 0.02983221007721303
 0.0287904634539002
 0.03018824974514878
 0.02830304344391526
 0.02878897061973343
 0.02809696717460291
 0.02863714745488627
 0.02796976847824906
 0.02891219361711569
 0.02857913614681166
 0.02924207560334879
 0.02844908922639459
 0.02738112159379922
 0.03035172263764312
 0.02805238080629337
 0.02930537597743371
 0.02927892897219201
 0.02760765323563013
 0.02741152942879356
 0.02808902475285988
 0.0291456214859838
 0.02906058748823373
 0.02812993511340256
 0.02965660378154792
 0.02780176933306171
 0.0284715805701908
 0.0281152764517987
 0.02988939590184974
 0.02862674686410878
 0.02895970613602363
 0.03112432520814892
 0.0287524765242471
 0.03166983972852778
 0.02798014882911809
 0.02798014882911809
 0.02921571745035169
 0.02854484609657769
 0.02855674551528161
 0.02885751228742798
 0.02798014882911809
 0.02811599324784753
 0.02870672838603491
 0.02939075425002017
 0.03234958907581935
 0.02817421317330225
 0.02977062278072941
 0.0283960135689042
 0.03077722189479156
 0.03194451507418354
 0.02849202792504199
 0.02798014882911809
 0.02994611969053398
 0.02919487382449938
 0.02910745264142397
 0.02805982678557066
 0.0286926218955828
 0.02798014882911809
 0.02798014882911809
 0.02805553237617509
 0.02832761152950784
 0.02816404065449645
 0.02906436868201907
 0.02935314835660013
 0.02933044487720372
 0.02798014882911809
 0.02823525840059882
 0.02929717264899609
 0.02798014882911809
 0.02935132305000234
 0.02869585739952413
 0.02908012848261592
 0.02883365622229538
 0.02920717646501206
 0.02896059267059347
 0.03107758744235044
 0.03014112056465457
 0.03088943106943842
 0.03014112056465457
 0.03011768009770078
 0.0302810416737216
 0.02989176714904822
 0.02897761675457394
 0.03014112056465457
 0.0308712768268344
 0.03792464619518282
 0.03034161526005961
 0.03014112056465457
 0.03003992983039611
 0.03012280424215601
 0.02936705812703313
 0.03005464577007139
 0.03073574898392928
 0.03258527598672502
 0.03014112056465457
 0.02986943325012149
 0.03345550169820487
 0.03075033492740253
 0.02983928544237671
 0.03057575741425551
 0.02982461175454464
 0.03025217433184733
 0.0324812020806438
 0.02990324907143863
 0.03014112056465457
 0.02902575681798211
 0.03083299010431884
 0.02978270327118195
 0.03014112056465457
 0.03029381063711057
 0.02872946839136488
 0.02959937902201875
 0.02878388401501627
 0.0314574485034407
 0.02975654264380771
 0.02979443410228136
 0.02963833976222769
 0.02951308009215704
 0.02895229704784955
 0.03050762551393379
 0.0327711020239522
 0.0304981053261924
 0.02997563237629856
 0.03056102049186922
 0.02934105256759632
 0.03091455268971838
 0.02865547574678641
 0.02936577352333427
 0.0305567065455812
 0.03156983239344929
 0.03037913417761464
 0.02960817398831881
 0.02976872422518392
 0.03159699562801703
 0.02991593366095231
 0.0307412536956605
 0.02961563559482158
 0.03346171152319888
 0.03070442655084781
 0.03072690917216522
 0.02665130730672205
 0.02945830812860789
 0.02961468658380184
 0.03136511897864352
 0.02990595296912583
 0.03095748969803193
 0.03150230542431151
 0.02971025368313606
 0.0305581423231731
 0.02956598781333791
 0.02924137890544177
 0.02963510086992659
 0.03055649639704866
 0.03113473117731739
 0.02986510450970216
 0.02974863380065288
 0.03014112056465457
 0.03039319186675483
 0.02914931579450588
 0.0303404117900408
 0.03020792834344972
 0.03202021694017636
 0.03067939274036353
 0.03018731584286464
 0.02987549553804005
 0.03026980862636048
 0.02966471642530673
 0.02978288625037066
 0.02969429823412094
 0.0298171149086013
 0.03104388655626381
 0.03034295746477379
 0.03027369065490732
 0.03159310884052873
 0.03028812483381026
 0.029530429144476
 0.02881371669736793
 0.02908253288307531
 0.02881371669736793
 0.02876833141354079
 0.02908117458827753
 0.02817115990295243
 0.0274099567342024
 0.02881371669736793
 0.02933534485017234
 0.03659031960524609
 0.02837030007933485
 0.02881371669736793
 0.02847619862554845
 0.02859597465402759
 0.028171844390371
 0.02882420730672164
 0.02911390338113289
 0.03188273930776594
 0.02881371669736793
 0.02846373004103618
 0.03233700120176804
 0.02966144297665579
 0.02842648689060154
 0.02942693585392906
 0.02844270066579853
 0.02886518533573589
 0.03094443995756225
 0.02857100238477869
 0.02881371669736793
 0.02745132562756031
 0.02957500495889845
 0.02853696011223109
 0.02881371669736793
 0.02874339914075892
 0.02701745190989851
 0.02848073645873411
 0.02742302719620649
 0.02988102079584662
 0.02859868736334917
 0.02873037014782961
 0.02808785282124679
 0.02872439699505485
 0.0278218509718948
 0.02933357349188545
 0.03141963355680807
 0.0286772484277765
 0.02885633852300097
 0.02921601618981567
 0.02795460523110363
 0.02974783883943769
 0.02724217376039809
 0.02791826652748638
 0.0293681877938495
 0.03034395000220211
 0.02905419603697212
 0.02814159186075251
 0.02843839427029813
 0.02991511826490524
 0.02836455510185057
 0.02938333576749973
 0.02830892287237212
 0.03223157536552618
 0.02945076998458869
 0.02949452152230479
 0.0260826159689039
 0.02807239196787137
 0.02822498267940464
 0.02995303050418057
 0.02844155427709775
 0.02951059028939868
 0.02998829264892603
 0.02814203758481353
 0.02909429838498383
 0.02833320826808894
 0.0277384200039924
