# Created by Octave 4.0.0, Thu Jul 18 12:36:59 2019 EEST <li9i@spell>
# name: mean_errors
# type: matrix
# rows: 1000
# columns: 1
 0.02757421433926428
 0.02696228108572156
 0.02696228108572156
 0.0279374436314889
 0.02693584654319943
 0.02792228031060868
 0.02659308361313414
 0.02791849843587609
 0.02663572600853359
 0.02757370743122911
 0.02785407555937399
 0.02522367229502906
 0.02760690313427211
 0.02713128921768514
 0.02696276860281232
 0.02812155968671291
 0.02700549882719984
 0.02717253570136534
 0.02484182104627142
 0.02741073117419295
 0.02696228108572156
 0.02774928371000732
 0.02728566820077251
 0.02450146324393923
 0.02720723130861653
 0.02805865846725233
 0.02821203162205707
 0.02731133720932474
 0.02794885179640786
 0.02721252865582493
 0.0274315366123549
 0.02662209914590503
 0.02719840281935341
 0.02702853633858025
 0.0274184275689168
 0.02706010433302608
 0.02825931322053112
 0.02707207808999552
 0.02627686429089156
 0.02864252169252467
 0.02689529827506713
 0.02773291241670315
 0.02790451962724158
 0.02652790017818668
 0.02678304016732314
 0.02684649807540003
 0.02759573569994572
 0.02755533358300646
 0.02706590472810485
 0.02796841938462694
 0.02643104686646262
 0.02713713396093146
 0.02715476225306591
 0.02800898062062146
 0.02716076017599485
 0.02749795176183848
 0.0294928888961741
 0.02739043656306298
 0.02960683559969609
 0.02696228108572156
 0.02696228108572156
 0.027543546735484
 0.02724205577277773
 0.02706844263723714
 0.02726227332912429
 0.02696228108572156
 0.02664794728054974
 0.0270544524963183
 0.02751871651110444
 0.03065104189480158
 0.02698832044423292
 0.02816700907792163
 0.02685873341646191
 0.02916715319507216
 0.0300552525578573
 0.02748127798959133
 0.02696228108572156
 0.02826574174987882
 0.02791537364388572
 0.0277379194554187
 0.02682284818127041
 0.02731476857022144
 0.02696228108572156
 0.02696228108572156
 0.02706949564611601
 0.02698722249550567
 0.02721394375544497
 0.02742066357964642
 0.02756725892431428
 0.02719642976273505
 0.02696228108572156
 0.02707295532602477
 0.02803317293389176
 0.02696228108572156
 0.02766935225995778
 0.02730594992501297
 0.02764458763663533
 0.02742889355840999
 0.02769153063252265
 0.02710619006006213
 0.02607224064989982
 0.02543765241895087
 0.02543765241895087
 0.02629232897243955
 0.02555155657556762
 0.02641768227005669
 0.02526848999947853
 0.02632363528547714
 0.02524791631221019
 0.02615712937819649
 0.02633231465707385
 0.02970420444457666
 0.02631331569621672
 0.02547164667412347
 0.02545756208227625
 0.02669654883523506
 0.02573333209271496
 0.02584726012198038
 0.03048881383500736
 0.02605686957293144
 0.02543765241895087
 0.02632911398559559
 0.02618208555085854
 0.02360733313582651
 0.02549011451604975
 0.02650985654683329
 0.02675203236692788
 0.0259342129697478
 0.02653149238888983
 0.02561733706150766
 0.02606460329757303
 0.0253929937873323
 0.0258355348574837
 0.02562282628511358
 0.02599391878352919
 0.02566511960514365
 0.02685592776412688
 0.02570475816722841
 0.0249010681854559
 0.02726007693808074
 0.02529175212960102
 0.02618228458651055
 0.02635184859079661
 0.02494112416212435
 0.0253645414171228
 0.02550416374891869
 0.02621304790041902
 0.02608476950086043
 0.02549510183508786
 0.0265074029641633
 0.02521581667965019
 0.02560087961255595
 0.02550722097226155
 0.02652029087123477
 0.02585193342968585
 0.02605599569528021
 0.02816653585609189
 0.02594494620364485
 0.02812668259305629
 0.02543765241895087
 0.02543765241895087
 0.02614891343907908
 0.02576517209925015
 0.02561863979343128
 0.02586112374834187
 0.02543765241895087
 0.02542154113326598
 0.02570052628844384
 0.02615375522787439
 0.03027438063193197
 0.02542637946424314
 0.02660992209834101
 0.0253568463075076
 0.02786942924546515
 0.0289501413702052
 0.02572733526555872
 0.02543765241895087
 0.02666953858915607
 0.02632024802970127
 0.02627729837161555
 0.02542789653530185
 0.0257390943811065
 0.02543765241895087
 0.02543765241895087
 0.02543842860534636
 0.02553489291634429
 0.02570660025677474
 0.02574562358468378
 0.0257658765879605
 0.02573223441474927
 0.02543765241895087
 0.02558187643183579
 0.02644693407996222
 0.02543765241895087
 0.02604677604822547
 0.02599041754374679
 0.02619163726244747
 0.02586891178461932
 0.02616626325442041
 0.02560504972250465
 0.02773642798578367
 0.02741442607006055
 0.02796796476737786
 0.02741442607006055
 0.0274909739041881
 0.02713291096488231
 0.02708200000757513
 0.02694722032680048
 0.02741442607006055
 0.02783214347903827
 0.03290798677851718
 0.02767119624934462
 0.02741442607006055
 0.02743929243510863
 0.02736396745744026
 0.0267050014228282
 0.02759524290954311
 0.02818596036524164
 0.02904995228021773
 0.02741442607006055
 0.02720060723138408
 0.03025801622486711
 0.02787006012130974
 0.02719362881670252
 0.02766444321914017
 0.02684644503480839
 0.02757692826253587
 0.02876517329529981
 0.02775279186972768
 0.02741442607006055
 0.02696743432533575
 0.02786873648651529
 0.0271597851148273
 0.02741442607006055
 0.02758362812129714
 0.0268285031943863
 0.02698011197646413
 0.02643421996402056
 0.0286777157530211
 0.02697251627586695
 0.02719239439154797
 0.02700768295656549
 0.02694319471645777
 0.02679832245797932
 0.02750584690541308
 0.02960188856982114
 0.02752064148250708
 0.02724000278559267
 0.02789032402299697
 0.02702600989150448
 0.02786706796873459
 0.02633967805831637
 0.0272611710105224
 0.02752876988208091
 0.02843026725247593
 0.02727241617644731
 0.02701615638733777
 0.02704600100544305
 0.02882071992860928
 0.02708072549404182
 0.02764512897150295
 0.02704796459276336
 0.02967621717276395
 0.02802330095402608
 0.02763700682340227
 0.02439796923739419
 0.02700070595760292
 0.02670767849544113
 0.02840657730121593
 0.02747859067127754
 0.02803289997709042
 0.02864251222971734
 0.02723229528226605
 0.02770021626581679
 0.02706034730797108
 0.02693037159066398
 0.02690395854990454
 0.02786414713314317
 0.02804334348485333
 0.02717944593238639
 0.02692597493396306
 0.02741442607006055
 0.02792396315896993
 0.02656074545478315
 0.02758333409679868
 0.02741073198590677
 0.02876326731444815
 0.02774295553348114
 0.02745631782324003
 0.02731793455219111
 0.02744510086420644
 0.02699534613738305
 0.02731709697406748
 0.02720722924115592
 0.0272373911612361
 0.02814582928823402
 0.02735715346621248
 0.02757348406187956
 0.02861070804783467
 0.0274482304075918
 0.02604147689041896
 0.02575097583410879
 0.02609739037633281
 0.02575097583410879
 0.02592695376670858
 0.02552260919493571
 0.0253435852170703
 0.02531672324291038
 0.02575097583410879
 0.02597769475814589
 0.03121394808943321
 0.02568504328167224
 0.02575097583410879
 0.02573833809067718
 0.0257397599972003
 0.02535506074313617
 0.02612550303721515
 0.02659428019003358
 0.02804649583710216
 0.02575097583410879
 0.02567197094057855
 0.02881416141640117
 0.02658347631648543
 0.02560362321372303
 0.02619449244318188
 0.02533016301320098
 0.02587097897332312
 0.02719928795049076
 0.02622781353885203
 0.02575097583410879
 0.02533241122831402
 0.02635801381860465
 0.02586864937910543
 0.02575097583410879
 0.02580900508340445
 0.0250586091555002
 0.02564621488719365
 0.02510066183570075
 0.02689579686217391
 0.02558523553257746
 0.02595139585154949
 0.02547763873085337
 0.02600622397391761
 0.0253127023034456
 0.02611561460773347
 0.02804115289619154
 0.02564017471075574
 0.02591607167282136
 0.02632221031756277
 0.02542638441025024
 0.02656229444772083
 0.02483802126994817
 0.02568947149683734
 0.02612137689977807
 0.02705221320348424
 0.02598831438987914
 0.02549916976239465
 0.02546455747283765
 0.0268821831195975
 0.02544726796865096
 0.02614413360340947
 0.0256726486421655
 0.02828521577960918
 0.02660627221670308
 0.0260698806642002
 0.02364135284830304
 0.02540292721018612
 0.02515790705972937
 0.02683044827949738
 0.02593779029019319
 0.02660675304622607
 0.02704759228014204
 0.02558413478362989
 0.02614622017458838
 0.02564170316391894
 0.02533277746320968
