# Created by Octave 4.0.0, Tue Jul 16 13:43:52 2019 EEST <li9i@spell>
# name: mean_errors_t
# type: matrix
# rows: 1000
# columns: 1
 0.006469402960502509
 0.006059808596815004
 0.005715827583475046
 0.0060769783833669
 0.006632176458161301
 0.006031533548270743
 0.005475856338220555
 0.005867451911147223
 0.006341857192350089
 0.006235535003532373
 0.005820618733488695
 0.00633783378756343
 0.006214733687336752
 0.006448554509226998
 0.006374370340263244
 0.006572490712907287
 0.005987436066274978
 0.00618082082395527
 0.005592903748330789
 0.005879929881231251
 0.006060893432907209
 0.006210326473877381
 0.00663562563289994
 0.006768708490775008
 0.005242415244099678
 0.006900334179950019
 0.007043992115749122
 0.005989475222598935
 0.006080388751599925
 0.006194188189295261
 0.006245718289800513
 0.006214966547049794
 0.00604026367849626
 0.005815997237254458
 0.005627688304799008
 0.005863366987218097
 0.006495595705522023
 0.006280713105481328
 0.006800459566253855
 0.005951457191929865
 0.006182442845477357
 0.005816925298546293
 0.006219935411110622
 0.005790884052449962
 0.006165505184579985
 0.006401594692164911
 0.006226852734463822
 0.006673860964987517
 0.005877788196498689
 0.006673320897763175
 0.005983714309301696
 0.006522537160025038
 0.006203327879120582
 0.006226381212897797
 0.006722443987839197
 0.006113619233080793
 0.00667075877984999
 0.005513160172885672
 0.006259541198272906
 0.006242687185832438
 0.005415199887158318
 0.006087717633109455
 0.006228433893784441
 0.005972864114869316
 0.005983318816216614
 0.006725623942793073
 0.005542245694170859
 0.005994450425125129
 0.006013759264375824
 0.006332028565529638
 0.006261977831379437
 0.006233754922810936
 0.005628760374623088
 0.00585397575015004
 0.005964544772725002
 0.005938123539099962
 0.006412610738731363
 0.006004214892138715
 0.005618409487737089
 0.005674206677719514
 0.005422727044590019
 0.006246123310903767
 0.005960709484060105
 0.006095321623770384
 0.005790640516942462
 0.006185451327303238
 0.00563748843594509
 0.006456628569082938
 0.005646369598882234
 0.00651115841331661
 0.00631056102211053
 0.005493809416583581
 0.005801242020284167
 0.006139122737999956
 0.006438428203751376
 0.007443075330592381
 0.006435417273634148
 0.00569597093474571
 0.00579604271491994
 0.005790803616817156
 0.003339951275376725
 0.005548151852435148
 0.003423446002475084
 0.003644211106281392
 0.003309973449042714
 0.003620939965714302
 0.003125453310551507
 0.003336450266608485
 0.003545986583499934
 0.003321594200449965
 0.003322162441609055
 0.003330939728578577
 0.003578053094874436
 0.003565865995561138
 0.004627894955370978
 0.003494827153483629
 0.003375908306375046
 0.003464620391069653
 0.003389632648681785
 0.003217482297814088
 0.003491540003032569
 0.003301551460327454
 0.003155872123449917
 0.003944640490625027
 0.00353696695861339
 0.003344246564400048
 0.004881877177438829
 0.00328885583538098
 0.003172557295849976
 0.003370844230734524
 0.003450568166309327
 0.003548800185039858
 0.003532328472330832
 0.00314918165166254
 0.003946764825653294
 0.003502545961503751
 0.006248778273471235
 0.003301424934300965
 0.003582402705751325
 0.003458642536190488
 0.003255952442462348
 0.003476301895388333
 0.005163556245522696
 0.003645144247300052
 0.003314594306179988
 0.003402810293864951
 0.00339057817281791
 0.003365944623433508
 0.00347897043416661
 0.003296795835284608
 0.003393153673241903
 0.003421898609047655
 0.003362072848768909
 0.003288080874194586
 0.003442991787587984
 0.005207106385504955
 0.005421365636416983
 0.003459411227960266
 0.003440411722342297
 0.003546016380635062
 0.00328054248223364
 0.004938484791745643
 0.003066873181052733
 0.003500772323723556
 0.003419680684005499
 0.003464191680498775
 0.003244219356783891
 0.003461522008825084
 0.003462265715253098
 0.003473730429901599
 0.00357945548975366
 0.003362760892214004
 0.003394627862412093
 0.003606603012699989
 0.005337917649925035
 0.003259335177349918
 0.004490737877835765
 0.003341118908414094
 0.003608655951608003
 0.00394895300684212
 0.003752417865090076
 0.004488446301537357
 0.003709846153483655
 0.005175582822950726
 0.003267622962205543
 0.00338140059722815
 0.003383198123351621
 0.003367375874912212
 0.003328026573047556
 0.003384473382160805
 0.003373995578140705
 0.003350371551770624
 0.003251388387009021
 0.003443128238708941
 0.003568316171820957
 0.004980190518647746
 0.005017066887669177
 0.003362526762401541
 0.003535467771079968
 0.003173141095062547
 0.005257091122450009
 0.005709196206397397
 0.005763168264547719
 0.005257091122450009
 0.005709196206397397
 0.005709196206397397
 0.005709196206397397
 0.005257091122450009
 0.006070392863828332
 0.00542716160142147
 0.005168444156641598
 0.005639870301560289
 0.005337111475894535
 0.005339733553034733
 0.005257091122450009
 0.005376771287052884
 0.005442805108671749
 0.005442805108671749
 0.005369373747581004
 0.005257091122450009
 0.005467545760624154
 0.005422315688047652
 0.005836465145174127
 0.005257091122450009
 0.005702723250499928
 0.005618059808135381
 0.005836465145174127
 0.005489646948534062
 0.005529514539585524
 0.005257091122450009
 0.006194070253444595
 0.006024699402395114
 0.005642402685968796
 0.00526421861242243
 0.005590145053820514
 0.005938912491739399
 0.005257091122450009
 0.005452114092487447
 0.005423176940839198
 0.0059949802043751
 0.005450138104374931
 0.005959458450499944
 0.005138235193037377
 0.005314237817415158
 0.005257091122450009
 0.006147230141357635
 0.005911753239340282
 0.005347974783844198
 0.005736715138089305
 0.006168373198173431
 0.005840894700384975
 0.005673041912406909
 0.005715777039042834
 0.004962559894524854
 0.005830589398760212
 0.005830589398760212
 0.005719980433274925
 0.005719980433274925
 0.006047987265125165
 0.005928794425895464
 0.005262452386810203
 0.005253969243427193
 0.005671569601378404
 0.005253969243427193
 0.005646497526105564
 0.004986916391578899
 0.005548085482606479
 0.00554716041673872
 0.006154565390755682
 0.005548085482606479
 0.005737076307132109
 0.005274160832035029
 0.005274160832035029
 0.005649759114024966
 0.005566082209724934
 0.005709636114427893
 0.005796972516630841
 0.005547342364453614
 0.005649759114024966
 0.005257091122450009
 0.005846419714014672
 0.006091068251371527
 0.005655343187328268
 0.005388227093063175
 0.005898370653065223
 0.005898370653065223
 0.00550536748680695
 0.00550536748680695
 0.005860524840303016
 0.005898370653065223
 0.005784317755265364
 0.00531372222699749
 0.006061940385213958
 0.005898370653065223
 0.00555098725187511
 0.005898370653065223
 0.006180599959022584
 0.006712867031968549
 0.005646529751127697
 0.005898370653065223
 0.003515899420724988
 0.00579780158739501
 0.003245869103894453
 0.003515899420724988
 0.00579780158739501
 0.00579780158739501
 0.00579780158739501
 0.003515899420724988
 0.003332993406365751
 0.003226870295536159
 0.003584146732331072
 0.003311589384223611
 0.003393543096849267
 0.003318922836666603
 0.003515899420724988
 0.003336384378236752
 0.003346675992080343
 0.003346675992080343
 0.003444273083491282
 0.003515899420724988
 0.003372431246820694
 0.003693078025741879
 0.003422056061542343
 0.003515899420724988
 0.003488727443499972
 0.003685263035869713
 0.003422056061542343
 0.003368959854730399
 0.003351758243153357
 0.003515899420724988
 0.004659708563333373
 0.003444693447827172
 0.003590415655894661
 0.003520482859422532
 0.003420775045541142
 0.003706251886225555
 0.003515899420724988
 0.00354547587655779
 0.003184348410035058
 0.003247179551900001
 0.003453552120774965
 0.003402648399000032
 0.003178923910144623
 0.003441192899025167
 0.003515899420724988
 0.005336418233002573
 0.003304129113024495
 0.003568563977185908
 0.003428457569503695
 0.003417697235057817
 0.003309476173524999
 0.003259963406451718
 0.003383630799748196
 0.003376457064174967
 0.003566026210903139
 0.003566026210903139
 0.003485225900325055
 0.003485225900325055
 0.003342333895225207
