# Created by Octave 4.0.0, Thu Jul 18 12:34:35 2019 EEST <li9i@spell>
# name: mean_errors
# type: matrix
# rows: 1000
# columns: 1
 0.03030829043965689
 0.02958522131475785
 0.02974947522758188
 0.09204648947555331
 0.0319635222251784
 0.04895377282348328
 0.03029680472793686
 0.02947607763364318
 0.02861022197675447
 0.1174870300816215
 0.02974665680218903
 0.06633604829123972
 0.02860813868968566
 0.03008630736814517
 0.02929644268826237
 0.02967039174148191
 0.205117662117353
 0.02959278345664006
 0.1046861097297597
 0.02967889102435017
 0.03092094094724257
 0.02952554407789563
 0.03043511372081541
 0.02963072238153631
 0.0288745640325057
 0.0297538046632035
 0.05609658485893332
 0.02937754158960282
 0.02977383661903088
 0.08666529167890691
 0.03004381335745243
 0.0601551447243719
 0.04824862642407723
 0.02973348480693526
 0.03029916550279501
 0.02955683692049958
 0.174628067076273
 0.03014843726064296
 0.03003130171299316
 0.02961082340333705
 4.353816270176408
 0.02961476097032659
 0.02971466638910661
 0.0592130128838979
 0.07627276225985742
 0.02965384304076053
 1.876370550545871
 0.02935667998650688
 0.06252386488968402
 0.03501972073389879
 0.3109014851815187
 0.9207696185868212
 0.02985738641105513
 0.02951317656915865
 0.02963674325905461
 0.04177861919421647
 NaN
 0.03195128527165416
 0.02980638742824248
 0.02856207328637336
 0.02971226934034961
 0.06419238348702407
 0.03048119171670505
 0.05947521167289311
 0.02977950183881095
 0.03035988523447005
 0.02984429744582622
 0.03053353438155857
 0.04501638379372449
 0.05425079457089386
 0.02979192304214119
 0.03602414472560873
 0.02931499016044339
 0.05754624652742094
 3.722063313642778
 0.02888719579757596
 3.512844177741683
 0.02961573465020976
 0.02949546959103036
 0.02995173633283357
 0.02984076029884209
 0.05298562996478907
 0.05974007069012977
 0.02971067171207891
 0.2033950408608436
 0.03098227069161689
 0.04976150750754617
 0.0302381683218299
 2.570767673986119
 0.02934923905889701
 0.02926723198433822
 0.02977383796706431
 0.03818306046871997
 0.9158895651629578
 0.02859149337009739
 0.05505110893466724
 0.07253079078862643
 2.086873891283231
 0.03051309774345171
 0.2651936089206948
 0.02945599703041546
 0.02871530176652714
 0.028832221578187
 0.09091715191523683
 0.03107463329886532
 0.04785763992824642
 0.02947887642685075
 0.02865407416174031
 0.02762311360670433
 0.1164241567763551
 0.02889557614719989
 0.06298474301085306
 0.02773524178278908
 0.02919946682099972
 0.02844452158109135
 0.02878107267322631
 0.2046405235665643
 0.02881454225514487
 0.1082247340344951
 0.02883511036290787
 0.02998265094903642
 0.0286794859014715
 0.02955810960715289
 0.02873494787113607
 0.0279713068326058
 0.02889451188664914
 0.0549263373574217
 0.0284807522735065
 0.02895198453257547
 0.08543947261512858
 0.02923353797968767
 0.05898486135720753
 0.04702370072488921
 0.02887233969329276
 0.02942502815409337
 0.0287849237703216
 0.1737680270749018
 0.0293170960273843
 0.02920796423975726
 0.02878155314249929
 4.369258916375635
 0.02872715127475911
 0.02887655356690789
 0.05798529381567606
 0.07501205510396693
 0.02875610551988809
 1.876810576217081
 0.02848342315114494
 0.061339139267335
 0.03406429904017032
 0.3085041735275408
 0.9220650047424124
 0.02896699548301164
 0.02864818235077396
 0.02875063031151967
 0.04072131782921107
 2.772832192364358
 0.03111849678192925
 0.02900797325182696
 0.02770410726015752
 0.02881914453937281
 0.06298790014338171
 0.02963305977541788
 0.05828892202207719
 0.02894728014874783
 0.02950014870793016
 0.02896873074947738
 0.02955579931406865
 0.04391637491104468
 0.0531449015772121
 0.02891680032763149
 0.03507967597085976
 0.02848902351326786
 0.05633212803322785
 3.724249528294222
 0.02798303524041037
 3.519931045980358
 0.02874468179542254
 0.02861632873856766
 0.02909822589709349
 0.02896709436750963
 0.05176884114058596
 0.05859386345755935
 0.02886056899435067
 0.2023100065238317
 0.03013309881040476
 0.04865101228844702
 0.02930878879980088
 2.571607350664489
 0.02841284496291541
 0.02841661322919982
 0.02893185446184009
 0.03721658018645699
 0.9172370429262855
 0.02768217827983104
 0.05392091366364979
 0.07135969622743421
 2.086585772632818
 0.02964499739882514
 0.2734187604802271
 0.07208281295976365
 4.069636699548211
 0.02989128150039206
 4.944711833305425
 0.02955814996253775
 0.03368804085628115
 0.05560555215303931
 0.02982064338979613
 0.03101389136407573
 0.06711896916494592
 0.02874045243646658
 0.02967630776707068
 0.02982930600763065
 0.02894084082127737
 0.02951515372195621
 0.02980271360692845
 0.5949865584856924
 0.03057813540437889
 0.02951049602436685
 0.02994526908607751
 0.03118560313723973
 0.0313704283595096
 0.03028384546152675
 0.06017336456069974
 1.380716038131366
 NaN
 0.02995403205084757
 0.06446865337766573
 0.07297792448921256
 0.02953448346388093
 0.02974426679285798
 1.734977220537383
 0.02946516632184138
 1.582581314735131
 1.305811870642358
 0.02971611071690637
 0.03003354530830753
 0.02967856350996956
 0.9106478086848119
 0.030054943902696
 0.02962013505149072
 0.02952521976049314
 0.05364420266806524
 0.0286991819325908
 0.02967768639900917
 0.1078373062874624
 0.02966951601534678
 4.167858864485764
 4.880691223986787
 0.02950940192046781
 0.02975469610798337
 5.907893248852644
 0.02963666646298958
 0.02968536525210145
 0.02991345813734606
 0.02940734159965429
 0.02868237690599061
 0.05320142192599897
 0.02917214299103772
 5.042126396034178
 0.03022804872594463
 4.446843046285065
 0.2020348370042294
 0.02988721209014473
 0.02946307905897556
 0.02957932978135859
 0.02959523300909691
 0.04723066210469232
 0.03028032600820679
 0.1725464282731905
 0.02973574921621385
 2.752944544995219
 0.02975275142403178
 0.05273274452963521
 0.02966821510639048
 0.03746208880056605
 0.03149536887527335
 0.05175762758757007
 0.02987547749275121
 0.07719786662935206
 0.02883936768920655
 0.2093043754707089
 0.02945665225899521
 0.4272911769590637
 0.02940317048244144
 0.02945937521511428
 0.02875276378383275
 0.02997288949105789
 0.02957649664842241
 0.02979304977929624
 0.04735146360943938
 0.06153925510593401
 0.02866330176651219
 0.0298938269280008
 0.0299159806714107
 0.0300926635878319
 0.02976737932456046
 0.06928449961690614
 0.02896213789506585
 0.03128497576074085
 0.07110270025182673
 4.077230064925297
 0.0289361843669271
 4.954245705615946
 0.0285831668659553
 0.0323334986406769
 0.05446334576895338
 0.02878106480049449
 0.02994009350383934
 0.06599926114749026
 0.02780471370429045
 0.02869570522270155
 0.02879960774311034
 0.0279141579838859
 0.02855790344895971
 0.02886148860722624
 0.5936833458882228
 0.02957316433420043
 0.0285345235790318
 0.02900292178201927
 0.03008130122953936
 0.0303213526983916
 0.02919631024235189
 0.05902323091416248
 1.383368205395671
 6.749377737354661
 0.02896075534015882
 0.06331661991849137
 0.07174523468946163
 0.02856087561115981
 0.0287136571094689
 1.738039631353643
 0.02836903286620979
 1.585628129364779
 1.296228629779977
 0.02879985762144545
 0.02900380340383185
 0.02873034233154224
 0.9120715202822779
 0.02903529589794107
 0.028700239199709
 0.02861416743789246
 0.05249102017190856
 0.02767777613536953
 0.02872892692941093
 0.1074858734818298
 0.02870443030710833
 4.175882587739808
 4.891149476242294
 0.02847670047509044
 0.02864813684960611
 5.925599429182269
 0.02862523139924155
 0.02867022509594658
 0.02887331010497971
 0.02843656780848218
 0.02758117786628343
 0.05219336845652776
 0.02817907722322975
 5.052101156431754
 0.02924599255965038
 4.448878449309749
 0.2013179517575419
 0.02883461248258441
 0.02849703476548532
 0.02863817973738065
 0.02862260801004112
 0.04617953742935766
 0.02929446703164687
 0.1716105575062921
 0.02868546173941893
 2.759153672061211
 0.02875132714612996
 0.05154571339405944
 0.02868135063490461
 0.03650138100414319
 0.03046477439027333
 0.05059911234562753
 0.02890501101842794
 0.07602175802701022
 0.02786640362868808
 0.2101067246853922
 0.02853722261059075
