# Created by Octave 4.0.0, Tue Jul 16 13:43:52 2019 EEST <li9i@spell>
# name: mean_errors_xy
# type: matrix
# rows: 1000
# columns: 1
 0.05308498326762978
 0.05367302110424678
 0.04579837626844366
 0.05410373658274567
 0.05109512427598591
 0.05698899684896509
 0.06049856929160803
 0.05481883378292272
 0.05987924322001948
 0.0562988805101329
 0.05264655017164455
 0.04517266374100921
 0.0471422116299426
 0.05237123314402312
 0.05899699666978295
 0.05123327799281717
 0.04745420395643458
 0.05389700453199935
 0.05182420603435194
 0.04570703430888021
 0.05951512122444701
 0.05105446508774256
 0.05494374858560955
 0.05641650939317007
 0.04908465669073972
 0.05643059446782375
 0.04943055540423148
 0.05958848356432455
 0.04816955690023142
 0.05384727184367614
 0.05636917756982638
 0.0480932994938876
 0.05748744329567072
 0.05871691323924942
 0.04969179959773415
 0.04638591007870684
 0.05072489059059389
 0.06299010666391677
 0.05659054175279179
 0.0453947040383676
 0.05786986882019824
 0.049026240216902
 0.05215260394842901
 0.04904907733527877
 0.05102062605848014
 0.05401595991472317
 0.04792055934893501
 0.04599203768427818
 0.05958107385389436
 0.054266561400478
 0.05690761261173124
 0.05323848745793507
 0.06267002414603808
 0.05577060324170405
 0.06131054460537545
 0.05145394932779714
 0.05337305024027411
 0.05714248179363878
 0.05020951421353676
 0.05600392283260516
 0.04711049947000991
 0.05203605322622756
 0.04377162587372663
 0.04854751546277674
 0.05177706059517899
 0.05326647250523481
 0.05379584866150139
 0.0533211598471852
 0.04951904741757703
 0.05028185067006503
 0.04845655037302526
 0.04813427084451716
 0.04973986809961679
 0.05594992448316036
 0.053152558785275
 0.05379032021428642
 0.05129286685801618
 0.05594090891689048
 0.05195326237389113
 0.05210200617030616
 0.05025487400304408
 0.05027721327620637
 0.04578505531159457
 0.05838341557680297
 0.05720507843200293
 0.05433676829291791
 0.04770982375526271
 0.05018036158635104
 0.0550332194542952
 0.0436882523911934
 0.0525184303427088
 0.06303941678459575
 0.05064056401494439
 0.05999700766193495
 0.05160227259809327
 0.0491325415850342
 0.04813350711095398
 0.05162081500743811
 0.04837061582623887
 0.0442901342623514
 0.03016533370986582
 0.04011351136230269
 0.02923969043207855
 0.03278591416364478
 0.02917752089610351
 0.03096935515298467
 0.03022403347425759
 0.03113471195993852
 0.03229029089237163
 0.02951943175385728
 0.02933742686186514
 0.02862313932854348
 0.02929208009107732
 0.0296059723489848
 0.0374315649689204
 0.02922705352449231
 0.03008863214521346
 0.03041241826762648
 0.03023946353469473
 0.02866779246159161
 0.02983760523049587
 0.02838225817663033
 0.02944074200522002
 0.03225408244508698
 0.02909184762558233
 0.03078565817159768
 0.02945467856934785
 0.02961626041756286
 0.02862747428618537
 0.03076443959218767
 0.02964281767306216
 0.03243866549374456
 0.03094738487746064
 0.03083270737827912
 0.03180375047845723
 0.03006980956670467
 0.03451346222284411
 0.02952724361639668
 0.03331885752361192
 0.03111151249337513
 0.02994605538116325
 0.02997421004263592
 0.03240335187597881
 0.03004610561160095
 0.02995450622507761
 0.02929794522020531
 0.02969196515771521
 0.02892550872916665
 0.03048848350414211
 0.02936763301579939
 0.02950305023230072
 0.03048569611294862
 0.02964769796974843
 0.02869890795836737
 0.02970802808476012
 0.03919578005073707
 0.03570752610945137
 0.03084261082168761
 0.02828139400004783
 0.02965864932462663
 0.02951046972740154
 0.03894512192035607
 0.02910999409762079
 0.03013173756769698
 0.02829436054573318
 0.03036112562380331
 0.0293494341379407
 0.02989091923102826
 0.03065673219619421
 0.03085158436926247
 0.03015824972681294
 0.02990107975757273
 0.02932802867524789
 0.02908815931730812
 0.04050525535914499
 0.02939275612278382
 0.03473356239658782
 0.02958281923576164
 0.03199394887243185
 0.03197863185000663
 0.03175093722479375
 0.02657690842504584
 0.03008334964409158
 0.0305814665002301
 0.02966637220082636
 0.02913491990764044
 0.02879388396692475
 0.02929659060972918
 0.03106209311344932
 0.03032392184397603
 0.02941002743268449
 0.02902117218811501
 0.0295820083271609
 0.0286955858308574
 0.03105930898602187
 0.03308763316157708
 0.03915763866356343
 0.0290759985057948
 0.03037786585390967
 0.02895737391189364
 0.04672116931674015
 0.04210150254397209
 0.04960347050683987
 0.04672116931674015
 0.04210150254397209
 0.04210150254397209
 0.04210150254397209
 0.04672116931674015
 0.05234324227144314
 0.05625273012662808
 0.05407653861202452
 0.04466948956534558
 0.05116114612703192
 0.04723102910773813
 0.04672116931674015
 0.04956146685896428
 0.0486760196803639
 0.0486760196803639
 0.04962350654137848
 0.04672116931674015
 0.04751079444055929
 0.05176083646315537
 0.04812714471243428
 0.04672116931674015
 0.05230388138658869
 0.05465043474276468
 0.04812714471243428
 0.05196238955142434
 0.05206268732801187
 0.04672116931674015
 0.04297383633327755
 0.05549016966663996
 0.06911171788697819
 0.05575941112259522
 0.05868458100840395
 0.05514322093638439
 0.04672116931674015
 0.05348249624499429
 0.05111527833813261
 0.05307749580136879
 0.05433140051712566
 0.05124260560139411
 0.05677300957576015
 0.05335379163381199
 0.04672116931674015
 0.05023430274250354
 0.05368544564245239
 0.0529003922263675
 0.05424699771496198
 0.05658286291167827
 0.04993430365356587
 0.04955785964710493
 0.04487140283294931
 0.05670324887974001
 0.04721736854600846
 0.04721736854600846
 0.04660906223845222
 0.04660906223845222
 0.04814795685679866
 0.05272417014080048
 0.05504385627257657
 0.04933846824048135
 0.05296713894505587
 0.04933846824048135
 0.05460364838534999
 0.05401796719807424
 0.04885835388245293
 0.05753820238692164
 0.05388836594086162
 0.04885835388245293
 0.0521681029218335
 0.04832622181580319
 0.04832622181580319
 0.04231155659489032
 0.0521686186646942
 0.05230549681240304
 0.05365615901075099
 0.05350494129594421
 0.04231155659489032
 0.04672116931674015
 0.05333714258088091
 0.05564362872815747
 0.0522490434339066
 0.05014264732815039
 0.0481133939557986
 0.0481133939557986
 0.04952242723758527
 0.04952242723758527
 0.05882952962729355
 0.0481133939557986
 0.04699909387817024
 0.06780943853980213
 0.05187589403334088
 0.0481133939557986
 0.05322235618716298
 0.0481133939557986
 0.05257113519052585
 0.0520183526910634
 0.05423418380348989
 0.0481133939557986
 0.02898608380434112
 0.03366947744415189
 0.02978599792525896
 0.02898608380434112
 0.03366947744415189
 0.03366947744415189
 0.03366947744415189
 0.02898608380434112
 0.03103463233913467
 0.02944427735116738
 0.03182427065265347
 0.03101970722179409
 0.02901695181945674
 0.02949115378936345
 0.02898608380434112
 0.02830989297875773
 0.02960255848244042
 0.02960255848244042
 0.03086014132097369
 0.02898608380434112
 0.02950345220401428
 0.03110037789979812
 0.0292484845556779
 0.02898608380434112
 0.02946773834238778
 0.03071305414727518
 0.0292484845556779
 0.02868217777119274
 0.03126841128761147
 0.02898608380434112
 0.02690411685985803
 0.02976190143356458
 0.03028176628035921
 0.02973293956752062
 0.0308861255093041
 0.03171392971050412
 0.02898608380434112
 0.02970506057429073
 0.02931107665066033
 0.02990545122449094
 0.03015768432259005
 0.02923232715278523
 0.02868195600541255
 0.0301114940003266
 0.02898608380434112
 0.03729456091167452
 0.03024059667167932
 0.02955004446514067
 0.02993290399278922
 0.03025594887191321
 0.0291282472611372
 0.02830692917748332
 0.0284548803603578
 0.02952743308355709
 0.02956057423368185
 0.02956057423368185
 0.0290846085730768
 0.0290846085730768
 0.02936663292377712
 0.03057488745241877
 0.0316140900337097
 0.0370029411306694
 0.03167726763847135
 0.0370029411306694
 0.02877313352824203
 0.02952161864377659
 0.02817034410598069
 0.02926630667942133
 0.02871336254992034
 0.02817034410598069
 0.03033474246114989
 0.02948856409207174
 0.02948856409207174
 0.02911508264683615
 0.02947796036246479
 0.02886008750307123
