# Created by Octave 4.0.0, Thu Jul 18 12:39:24 2019 EEST <li9i@spell>
# name: mean_errors
# type: matrix
# rows: 1000
# columns: 1
 0.04853354094502407
 0.05006063579866813
 0.04188610280687407
 0.05053525752886166
 0.04753144642961462
 0.0525194899086798
 0.05615106115737888
 0.04969883973680359
 0.05366328970967774
 0.05071725531585589
 0.04963270498306416
 0.04190040331868072
 0.0435305893335034
 0.04878113827059686
 0.05486991174068214
 0.0465980743628719
 0.04373036325025986
 0.0498502997796146
 0.04868024369259417
 0.04307916857679883
 0.05549226920695166
 0.04689066435195423
 0.05047648657038864
 0.05169698841742765
 0.04501347532327269
 0.0529364003016926
 0.04558051067851537
 0.05446209072186999
 0.04454662629101364
 0.05043306081566765
 0.0512673774219913
 0.04470049423142782
 0.05179793960310574
 0.0542703228955678
 0.04628031744132845
 0.04302725464537722
 0.04707213461917386
 0.05750704304599431
 0.05197523461209585
 0.04149358699931471
 0.05271425334475997
 0.0467438250972898
 0.04820941589877496
 0.04471537088770536
 0.04751840816817048
 0.05025971953618193
 0.0442724261126945
 0.04182977912254688
 0.05317782521814568
 0.04996099024226248
 0.05330101952478913
 0.04979431966340725
 0.05687361572023514
 0.05185416329165788
 0.05613981140451059
 0.04606314416969386
 0.04900562447290534
 0.05273817580827821
 0.04518901435585966
 0.05084979879529787
 0.0433322360921149
 0.04726426332778937
 0.04112314282356883
 0.04444042888507398
 0.04777164637411081
 0.04878168050796228
 0.04776351141512029
 0.04939636133443945
 0.04476555551956535
 0.04693453012555913
 0.04376493453138806
 0.04420846838237043
 0.04628023961322494
 0.0510249778210999
 0.04879685033881571
 0.04917029082572258
 0.04734582914052583
 0.05227200865450998
 0.04714915627628627
 0.04900232501825919
 0.04581923238744851
 0.04566978150766852
 0.04279789563337937
 0.05468030322117638
 0.05290634827913921
 0.04846628821024392
 0.04342105693269988
 0.04567563254479722
 0.04959286161899766
 0.0403876140601107
 0.04828109562727018
 0.05708323743063931
 0.04729108102995101
 0.05414761868629736
 0.04733587130710603
 0.04505426396568692
 0.0445773444736809
 0.04750606324802733
 0.0442356127665663
 0.04061771377450037
 0.02685339268009278
 0.03255208848052481
 0.02635378706913414
 0.02816785869978689
 0.02598896138385315
 0.02779243416859802
 0.02641739491710296
 0.02699717424749662
 0.02863599260742802
 0.02650578135742524
 0.02630224283082815
 0.02584400296537195
 0.02666579417570585
 0.02659933040148096
 0.03087139336478279
 0.02608975824347485
 0.02667830053356412
 0.02691869206275186
 0.027068398595456
 0.02581465862575959
 0.02686608869673305
 0.025452499308673
 0.02651142555297294
 0.02872245875676593
 0.02602008525044922
 0.02673393205935084
 0.02676446510325571
 0.02669449017393207
 0.02611582030362988
 0.02701896906337768
 0.02646853091698305
 0.02777090854485508
 0.02732829277825387
 0.02703694947769494
 0.02795558306385447
 0.02651391032788826
 0.02920015325116034
 0.02653912909264901
 0.0283263188449615
 0.02734594679505691
 0.02663050849786698
 0.02653442989375764
 0.02830028416673596
 0.02638043854674833
 0.02678206966664334
 0.02604186193610288
 0.02654896967958616
 0.02595128217996124
 0.02661729568471079
 0.0263678526135507
 0.02611559186644099
 0.02684743939359542
 0.02656265658028682
 0.02571758727614867
 0.02638465392476783
 0.03161064149874542
 0.0322283172244851
 0.02747576512801762
 0.0258664132360268
 0.02664571960892912
 0.02662908092115395
 0.03231396992427522
 0.02618493849849089
 0.02704004249253544
 0.02578261381589481
 0.02699808813878561
 0.02658085181173685
 0.02661887375962319
 0.02720037380045593
 0.0272402453835544
 0.02698074421867907
 0.02663081238877972
 0.02600191424300645
 0.02599954374536256
 0.03287372041403678
 0.02633117346212668
 0.03011987434446494
 0.0264084455092378
 0.02781072587568459
 0.02817823229941788
 0.02800514445601181
 0.02394657880460475
 0.02745417952232108
 0.026451456647129
 0.02630775368657301
 0.02620912834340893
 0.02593318312276338
 0.02578266464419362
 0.02724682562518147
 0.02686214654306284
 0.02652954475310053
 0.02616688451229934
 0.02634692854539679
 0.02578585006487134
 0.02753896451140546
 0.03013502232610285
 0.03187446732092153
 0.02606177487668741
 0.02718006579645378
 0.02575230202306939
 0.04309524118562034
 0.03973497426506155
 0.04617910783848238
 0.04309524118562034
 0.03973497426506155
 0.03973497426506155
 0.03973497426506155
 0.04309524118562034
 0.04741719946908416
 0.05094422270962559
 0.05081018431473424
 0.04129508551585018
 0.04739055400825842
 0.04368169591843984
 0.04309524118562034
 0.04578718899260732
 0.04475832490296944
 0.04475832490296944
 0.04531314951451688
 0.04309524118562034
 0.0446044092154986
 0.04800259623433015
 0.04401539042144017
 0.04309524118562034
 0.04740777403053446
 0.05057639147343351
 0.04401539042144017
 0.04734503916225927
 0.04687578937757362
 0.04309524118562034
 0.04029885500939311
 0.05040752723462836
 0.06080748610056299
 0.05044381874062408
 0.0547427384673492
 0.05060901781042721
 0.04309524118562034
 0.04861375643690059
 0.04691823775244566
 0.04742119746062796
 0.04975318288556282
 0.04831801738204016
 0.05397998749798506
 0.04875462915205951
 0.04309524118562034
 0.04625228597682392
 0.04994496579912667
 0.04953500237395515
 0.04934183450627506
 0.05242310042296747
 0.0454351813780158
 0.04537606514673753
 0.04104221273749076
 0.05241549987454663
 0.04375447281932266
 0.04375447281932266
 0.0430686603417915
 0.0430686603417915
 0.04375151937530793
 0.04916856186270317
 0.05026060082865787
 0.04469829113384129
 0.04751180313117723
 0.04469829113384129
 0.05078766486640917
 0.05063306440449144
 0.044778729005358
 0.05366866038595047
 0.04923431115429341
 0.044778729005358
 0.04747921804388221
 0.04438185212562802
 0.04438185212562802
 0.03912745223562245
 0.04842968850041076
 0.04773115476666259
 0.04952313142490021
 0.0487954557931314
 0.03912745223562245
 0.04309524118562034
 0.04913402277678101
 0.05210547126474951
 0.04777261385756468
 0.04599555605719852
 0.04571784679048323
 0.04571784679048323
 0.04601810940680581
 0.04601810940680581
 0.0542008762587592
 0.04571784679048323
 0.04324557422751987
 0.06101304864131828
 0.04791035224569014
 0.04571784679048323
 0.04787724420639876
 0.04571784679048323
 0.04924802913476307
 0.0489407691629242
 0.04981103142927335
 0.04571784679048323
 0.02633794507527222
 0.0296240105417929
 0.02634907223520198
 0.02633794507527222
 0.0296240105417929
 0.0296240105417929
 0.0296240105417929
 0.02633794507527222
 0.02674250057121684
 0.02634649512214098
 0.0275141590790963
 0.02817906384270697
 0.02600614631594522
 0.02651043226610101
 0.02633794507527222
 0.02562882450406112
 0.02659904953254067
 0.02659904953254067
 0.02721990281005277
 0.02633794507527222
 0.02640333529622827
 0.02722543059685877
 0.02616045500021272
 0.02633794507527222
 0.02655167858843025
 0.02720679775693801
 0.02616045500021272
 0.02606969027183708
 0.02750936572610892
 0.02633794507527222
 0.02413270034194469
 0.02693174139523289
 0.02677603495985301
 0.02665194480316791
 0.02712407569775083
 0.02821760429946411
 0.02633794507527222
 0.02670720009714425
 0.02639599152622577
 0.02725065512301992
 0.02641802624707822
 0.02638982616540773
 0.02571437934351319
 0.02678574601283119
 0.02633794507527222
 0.03137480507923345
 0.02670639722746367
 0.02662030801280624
 0.02665327654585028
 0.02655430924022298
 0.02649258780002666
 0.02584477226702928
 0.02578511607766318
 0.02661780540863884
 0.02680792245286451
 0.02680792245286451
 0.0262414380456842
 0.0262414380456842
 0.02626561222087945
 0.02701616907399737
 0.02753810840937616
 0.03083481614959946
 0.02826675920433727
 0.03083481614959946
 0.02598440767202163
 0.02653808780013783
 0.02573854221798107
 0.02669991369907904
 0.02606514277394182
 0.02573854221798107
 0.02662635100869302
 0.02603399024562968
 0.02603399024562968
 0.0264216801838088
 0.02596882712559683
 0.0261659578612124
