# Created by Octave 4.0.0, Mon May 27 17:36:23 2019 EEST <li9i@spell>
# name: mean_errors_dft
# type: matrix
# rows: 500
# columns: 1
 0.01352522824431993
 0.0130575334037908
 0.01376365488496831
 0.01367663410807931
 0.01395528926983606
 0.01299803572750392
 0.01305161499028124
 0.01344005083533143
 0.01434806038927047
 0.01373789942300412
 0.01325072721439851
 0.01278207506228166
 0.01435465503874353
 0.01340334431336923
 0.01369753873092872
 0.01300574291184178
 0.0142025377548487
 0.01396235086481818
 0.01360968345704866
 0.013507089841529
 0.01400924684023161
 0.01344159770791697
 0.01297709760075625
 0.0135662912927883
 0.01316938382290268
 0.01442015150038136
 0.01410080792621125
 0.01408066892605132
 0.01428771462857095
 0.0126944367593966
 0.01374438067639016
 0.01391980873832684
 0.0131148113939727
 0.0143246127368087
 0.01312200835824298
 0.01347916429991947
 0.01297753957602415
 0.01304712998669139
 0.01342868925903441
 0.01312484330815336
 0.01330312745853868
 0.0134109169977379
 0.01375953392741806
 0.01276258614984853
 0.01316954492386458
 0.01429492107960767
 0.01323090903661708
 0.01358077736243044
 0.0135458092380538
 0.01397885545594999
 0.01303179366534945
 0.01365241034207974
 0.01354012555031668
 0.01288999076581239
 0.0141259016989437
 0.01367229358667465
 0.01300410002545136
 0.01288113351503195
 0.0135934191742554
 0.01374410533973553
 0.01343057165433945
 0.01280484309569429
 0.01294915717357591
 0.01283638695032872
 0.01325947917966219
 0.01376981553567664
 0.01299832760261142
 0.01342645135108159
 0.01426342492654302
 0.01366801687113095
 0.013934858508515
 0.01407673035551669
 0.01286134351633221
 0.01276460604052576
 0.01349385437385389
 0.01373950656442316
 0.01160868838553408
 0.01425150459423029
 0.01335312365327646
 0.01388654543077146
 0.01415537334346769
 0.01394662396808036
 0.01357643913331386
 0.01348014911419502
 0.01324052846828995
 0.01329338842502576
 0.01376424220930059
 0.0131867489822826
 0.0129304745263796
 0.01428837883898545
 0.01367155651181477
 0.01379992451792034
 0.01351966000712718
 0.01333671928551172
 0.01381352709680792
 0.01365602370233466
 0.01390128763213431
 0.01295332196987317
 0.01376654076194471
 0.01447587076448278
 0.01324953539135755
 0.01437566066288274
 0.01335647443179142
 0.01328344852948979
 0.01366788644968695
 0.01317821622491871
 0.01271061696807549
 0.01414817089591532
 0.01304624711556713
 0.01336712368404638
 0.01349411643800624
 0.01399222696497746
 0.01299119569023905
 0.01415351482105672
 0.01279211894977492
 0.01371942549187657
 0.01318232171191387
 0.01287421202329288
 0.01346895861358324
 0.01342378648051204
 0.01423648908670808
 0.01279839412918685
 0.01414689003830714
 0.01375391138870674
 0.01433764599812193
 0.01302564044949243
 0.01314385485313331
 0.01366209847762857
 0.01390481243322189
 0.01280131908778321
 0.01308604264239971
 0.01332071099011558
 0.01331652772867786
 0.01301424612702285
 0.01464002404102376
 0.01136858313697986
 0.01277149589390134
 0.01448511129797205
 0.01369804790323266
 0.01390408580451308
 0.0138642682660698
 0.01391569621298351
 0.01365333703225026
 0.01405431658308271
 0.01363510147002277
 0.01444086029220645
 0.01290677410397901
 0.01361380372882669
 0.01380186569612944
 0.01438906287289369
 0.01337771318862699
 0.01344944779463089
 0.0140592345701959
 0.01391193893941473
 0.01338249761109944
 0.01341157424448738
 0.01325593276631503
 0.0129290968316521
 0.0129150737881965
 0.01366381792205116
 0.01403662072326442
 0.01390724423501241
 0.01461239790509646
 0.01365244336470979
 0.01354700603280731
 0.01273650823132429
 0.01371721965707983
 0.01282531475343862
 0.0137273562241328
 0.01329631379860846
 0.01388908171657596
 0.01381516954649278
 0.01463721925785525
 0.01329667732304089
 0.01334371315071355
 0.01318663687108807
 0.01403450704578478
 0.01412399847703592
 0.0126369457083255
 0.01369548419903475
 0.01350477060855049
 0.01341272598528634
 0.01303761246141284
 0.01376674032066713
 0.01314753834983195
 0.01350827797599649
 0.01353543024110494
 0.0132205877742522
 0.01352239907651834
 0.01424859195374355
 0.01289717718737138
 0.01402560806470363
 0.01271173586334495
 0.0130690929250599
 0.01430056514763249
 0.01347856259306636
 0.01309207990826869
 0.01366731426456263
 0.01306199097143423
 0.01438132046311378
 0.01418496405480048
 0.01299997283838795
 0.01274341600843986
 0.01329158875018967
 0.01291905666464107
 0.01274143491257618
 0.01373585157396596
 0.01438732613928396
 0.01364589813848883
 0.01404152723092385
 0.01411073476757775
 0.01310958523573232
 0.01411780435759854
 0.01346509872672783
 0.01377095157676367
 0.01282945392627878
 0.01341442929482246
 0.01313177657892589
 0.01403849698427739
 0.01316011599159148
 0.01332692501602772
 0.01442454896042731
 0.01279054889766206
 0.0136663964656122
 0.0128324727240541
 0.01401498111206918
 0.01315623837972203
 0.01428359942386293
 0.0130652939163727
 0.01288090337563546
 0.01353522011433766
 0.01380198961428416
 0.01406476837077899
 0.01303150553255549
 0.01407241509959817
 0.01333205240584464
 0.01299780703977213
 0.01415956210257323
 0.01288317010251348
 0.01323982987203729
 0.01340409081471662
 0.012734247573927
 0.01331098541082235
 0.01340815290556109
 0.0129548833343473
 0.01291276096961918
 0.01352689990577283
 0.0133665023677189
 0.01347342529962539
 0.01282157069711443
 0.0136166682694271
 0.01285421319088308
 0.01381631454946355
 0.01421853944736327
 0.01289826031684641
 0.01382979165993055
 0.01411142234673841
 0.01275543111091371
 0.01366951310165008
 0.01346753801971974
 0.01285968836822752
 0.01450266137982864
 0.01411532711548944
 0.01357822758349617
 0.01431559739514445
 0.01321585624289787
 0.01326415291625985
 0.01321537606797677
 0.01421804771032712
 0.01279713868297232
 0.01301602517498229
 0.01299840999396653
 0.01325883272483219
 0.01336129579359933
 0.01470988384603092
 0.01316422770288159
 0.01303309230818466
 0.01284109030978113
 0.01264920387933723
 0.01398971458378468
 0.01434605268316642
 0.01375221598347124
 0.0128878065596971
 0.01348875730386656
 0.01398696967602561
 0.01424988194637198
 0.01339710743634174
 0.01289589541626207
 0.01488140831194038
 0.01340207997035544
 0.01311696652848423
 0.01338253447413535
 0.01244679625101289
 0.01264384296725225
 0.01306165689111251
 0.01373967134405372
 0.01389084322853237
 0.01338648476312143
 0.01351539973267973
 0.0135209773115655
 0.01431193770691825
 0.01339429111926069
 0.01351935419725252
 0.01397084950048839
 0.01314382320641536
 0.01354776811568426
 0.0142044966664595
 0.01415071637484366
 0.01304855819059086
 0.01402533350769769
 0.01325523190991042
 0.01302344751806778
 0.01401321474233116
 0.01373035480007798
 0.01274891663261975
 0.01312030531784771
 0.01305798618901622
 0.01381107521793697
 0.01320244088023483
 0.01437978456750831
 0.01319893291305277
 0.0139492899554
 0.0131559748757331
 0.01319460638042382
 0.01296434686053587
 0.01307617412080594
 0.01351846783906287
 0.01415248635112308
 0.0134142840243876
 0.01330365375856535
 0.01204394028685179
 0.01349309931799757
 0.01422821538057713
 0.01284577397305935
 0.01391429900641726
 0.01382336274280579
 0.01341691830998373
 0.01375184842443251
 0.01287523743823711
 0.01385441132473002
 0.0127759892219136
 0.01340294990453019
 0.0131786962146539
 0.01319005086611023
 0.01322382018681688
 0.0134493637328599
 0.0132685756210436
 0.01348202760489434
 0.01294177508196724
 0.01340392541441264
 0.01448089719731603
 0.01372011760584752
 0.01327533218675236
 0.01373802637879647
 0.01403550101949884
 0.01425730762806179
 0.01342280945363888
 0.0142707127221176
 0.01354880852451407
 0.01337093169015306
 0.01322080303039853
 0.01474939754659325
 0.01410081395698737
 0.01375794203316599
 0.01386155321480489
 0.01326929629448873
 0.01428999673789615
 0.01362391487288178
 0.01349785519221916
 0.01360283896517848
 0.01287989694309858
 0.01442413411358311
 0.01317222447986592
 0.01324008463642989
 0.01298419699344546
 0.01314500463884108
