# Created by Octave 4.0.0, Mon May 27 17:36:23 2019 EEST <li9i@spell>
# name: mean_errors_amcl
# type: matrix
# rows: 500
# columns: 1
 0.01294023484789837
 0.01287532187879733
 0.01302537576198559
 0.01325199901246869
 0.0137502075102531
 0.01321524053953905
 0.0131229069288148
 0.01331405684728307
 0.01338622717501164
 0.01313276821274919
 0.0129298885198211
 0.01298646592290831
 0.0133089148842472
 0.01297734409974724
 0.01304291412331172
 0.01321596846543416
 0.01328213565153626
 0.01305114747747856
 0.01314267140131351
 0.01298175443636417
 0.01303514436871696
 0.01292402930670075
 0.01299504983796068
 0.01281019109809131
 0.01307330416554024
 0.01333741698934725
 0.01367870173554834
 0.01306151194062113
 0.01314207120854431
 0.01279692895865901
 0.0129855343344916
 0.01309024626299622
 0.01300403534109545
 0.01371850575297451
 0.01306461301336112
 0.01305557861045852
 0.01317025787218255
 0.01278165773675771
 0.01301899913655153
 0.0130740381778161
 0.01282050270316567
 0.01325210345266171
 0.01313080756066451
 0.01298611830684151
 0.01294539218099222
 0.0133120036452238
 0.01272203522767792
 0.01308282360827837
 0.01275296494655173
 0.01326307898852518
 0.01303928215531617
 0.01330156748654258
 0.01299474871952726
 0.01303157466818243
 0.01294977325814801
 0.01352844221465607
 0.01309253417096716
 0.01318053855524506
 0.01313910351892516
 0.01314123213822569
 0.0130454908224159
 0.01276540481427675
 0.01304320284812072
 0.01312083878014311
 0.01326897563385503
 0.01361297748460272
 0.01299966427925785
 0.01320118582402705
 0.01329381631787705
 0.01289888499690253
 0.01309525711703825
 0.01321906884027816
 0.01298024991060771
 0.01290399046666911
 0.01285941124483999
 0.01310045470007727
 0.01175929309657462
 0.01403661670521217
 0.01311717555260366
 0.01317713018279771
 0.01303011743296454
 0.0137034149098093
 0.01289457026944033
 0.01270849683165963
 0.01290042343172678
 0.01323519458144432
 0.01308323717951485
 0.01244582844975903
 0.01264621886627059
 0.01355726505135731
 0.01341081275580974
 0.01313724746525934
 0.01322610687594879
 0.0130076651248016
 0.01296499267013594
 0.01295069964566598
 0.01313604671200392
 0.01336728857761264
 0.01311360098705111
 0.01362706140607179
 0.01284285690848128
 0.01312493615427301
 0.01287951041485009
 0.01303595773188876
 0.01316038616529431
 0.0117536173114193
 0.01289186673455488
 0.01298270330306083
 0.01305469767110803
 0.01255995807399335
 0.01313805785221631
 0.01367709532378658
 0.01295429580619842
 0.01298108198732128
 0.01296729161054967
 0.01317462089233442
 0.01306100861340476
 0.01301659821200363
 0.01321893291936119
 0.01282445267274603
 0.01354708571513059
 0.01288866469404243
 0.01332476519005773
 0.01331590611066786
 0.01338221437660665
 0.01310992824777452
 0.01313660508853608
 0.01308092649224725
 0.01314956308034087
 0.01290652260014897
 0.0130402856328602
 0.0129341761755725
 0.0130703379106906
 0.01295926487712485
 0.01336505339530685
 0.01103174547093607
 0.01218632668889352
 0.01366907555181108
 0.01304633878233035
 0.01308646598683326
 0.01298171224390237
 0.01297742994414348
 0.01341039155734839
 0.01306648785787723
 0.01296678918241977
 0.01322269768773617
 0.01301547660256993
 0.01295752108582198
 0.0133077564244683
 0.01349958799740598
 0.01294669601189869
 0.01316469371626879
 0.01338918129820715
 0.01309506053926744
 0.01285589098592496
 0.01316764377366549
 0.01310288720247436
 0.013048377648031
 0.01310230519866906
 0.01283627395686756
 0.01308964347800693
 0.01326324186788416
 0.01321379531048935
 0.01282572614932153
 0.01307151867552044
 0.01293255441352462
 0.01302448065858291
 0.01305868803551036
 0.01310749940679307
 0.01300440461852153
 0.0135256360625968
 0.01306046176484924
 0.01332881373367395
 0.01275969497645441
 0.01319712091507931
 0.01305203105336771
 0.01318500314294051
 0.01386903597352073
 0.01271564889538684
 0.01304219044894175
 0.01292820170728944
 0.01304270916777623
 0.01290696261857385
 0.01355798379702189
 0.01263327669027201
 0.01307440798259677
 0.01317299555512029
 0.01290957074457205
 0.01279742224132824
 0.01308899142970287
 0.01300450569942041
 0.01308632543401581
 0.01291268123758024
 0.01327602151631125
 0.01311457378112476
 0.01272339591609629
 0.01302710244062246
 0.01316788105258791
 0.0128557768721629
 0.0131415879425191
 0.01328778669692845
 0.01315518607263653
 0.01299362191521998
 0.01309318733105529
 0.01315518562108263
 0.01298431323788332
 0.01357714030341318
 0.01375767957425639
 0.01308495032240239
 0.01367166621401751
 0.01337813289396367
 0.01300954327213285
 0.01331360137470223
 0.01309072307845646
 0.01321686925073248
 0.01301396774716479
 0.01306920736431945
 0.0134363412590276
 0.01332006048990137
 0.01304162695910192
 0.01301418481291647
 0.01334453898652076
 0.01291917719087371
 0.0134018120676164
 0.01311670396352039
 0.01346708325783711
 0.01295092006637895
 0.01313348566865623
 0.01316311040671266
 0.01333568206344418
 0.01312402980256355
 0.0131579771342612
 0.01315703478866027
 0.01311446399008785
 0.01341551064113569
 0.01321840976765434
 0.01321889785460549
 0.01344323229831747
 0.01316604265439668
 0.01314342679698985
 0.01304081496279936
 0.01304518086073434
 0.01307908428836914
 0.01326608515138436
 0.01276073577270858
 0.01303164246363753
 0.01335263115218609
 0.0131036423757797
 0.01319818102672037
 0.01307710404881503
 0.01292294449680886
 0.01305004881735203
 0.01366800200920796
 0.01347908211104413
 0.0129120483848558
 0.01325647008914426
 0.01321986402032545
 0.01299028301265354
 0.01295177608186688
 0.01294364469935975
 0.01257713873098038
 0.01316789684863934
 0.01382986327623517
 0.01306471512518151
 0.01338636644957736
 0.01330308611111421
 0.01345438718125596
 0.01323258762263617
 0.01329281023392577
 0.01286290179679579
 0.01319283547294838
 0.01332873023596985
 0.01322267450614374
 0.01288214375994118
 0.01375270826989767
 0.01322394006348706
 0.01320899441331174
 0.01303709738130613
 0.01298805616783074
 0.01321801405032452
 0.01368616723336999
 0.0136243392619038
 0.01312249330211873
 0.01309065933037988
 0.0131657373991855
 0.0133518564573013
 0.01308913032407483
 0.01321709994780736
 0.01404864749905966
 0.01306802603917911
 0.01288194025273121
 0.0133567083545506
 0.01273693323088237
 0.01234094892875634
 0.01261318421177874
 0.01348323162932072
 0.01301930006804974
 0.01339362320159817
 0.01284801322489861
 0.0131244381178578
 0.01371381068259763
 0.01363617892251057
 0.01352023075956574
 0.01376615919148618
 0.01372468698186924
 0.0133578474900836
 0.01335684565018692
 0.01344954611652903
 0.01367047404519707
 0.0135638480339099
 0.01323461396327748
 0.0137739317340248
 0.01440491270248979
 0.01376846203201556
 0.01346262867101006
 0.01379452940713302
 0.01355566059513604
 0.01376348531207639
 0.01387687833884683
 0.0137654486488236
 0.01349880446874186
 0.01481596012204239
 0.01373234008009677
 0.0136966983287565
 0.01317030310800091
 0.01346884255709378
 0.01403112045592496
 0.01382497426260821
 0.01346604909947714
 0.01383725356391143
 0.0119392870508005
 0.01355252829778223
 0.01357129107259743
 0.01378955539445201
 0.0140685711621499
 0.01400833283718008
 0.01338918973372609
 0.01398649512665266
 0.01334620707228621
 0.01370401434474821
 0.01349368929491458
 0.01390170402439255
 0.01338897557920857
 0.01341191182938709
 0.01373366877058075
 0.01339619729266339
 0.01327868985354399
 0.01325079864899667
 0.01363821697323369
 0.01331694242960194
 0.01362545033577706
 0.01365858764706511
 0.01314411994117896
 0.01368215805978952
 0.01346247546523395
 0.01387412179088289
 0.01345088628049227
 0.01390351531813931
 0.01365457045639956
 0.01370935863113319
 0.01334755211275302
 0.01423835727973748
 0.01359402167388928
 0.01344974260496808
 0.01352546756866651
 0.01324157362143072
 0.0138998793576462
 0.01348560203915111
 0.01344123956865854
 0.01354945501626968
 0.0136581531645479
 0.01395991079998163
 0.01382186437548253
 0.01369334709609132
 0.01391935039420137
 0.01327673152160695
